A4GALT,4.953455177466831
A4GNT,0.0023317641072731045
AACS,7.311066484123757
AADAC,0.1928827681946058
AADAT,0.62832159041959
AAK1,2.1190566018406427
AANAT,0.004298597237838464
AARS,221.87792434710394
AARS2,1.6760428692790812
AASDH,1.7681103934624613
AASDHPPT,6.323772159864043
AASS,2.9285015764836926
AATK,0.18020706091059405
ABAT,0.17622486837112766
ABCA1,2.3234433559200363
ABCA3,2.037787200222505
ABCA4,0.0057858636433972205
ABCA8,5.030839045324987
ABCB1,0.10571524667756184
ABCB11,0.04664320692677182
ABCB4,1.3145152422061044
ABCB6,21.045878026814183
ABCC1,0.31190459643869434
ABCC11,0.00240616258580444
ABCC2,0.21872886930533184
ABCC3,0.4913752353364615
ABCC4,0.656051116660533
ABCC5,16.25000022936426
ABCC8,0.22683678871345858
ABCC9,9.20216576306108
ABCD1,8.468237529129157
ABCD2,0.0011352807699119769
ABCD3,15.439817378869398
ABCG2,0.05963135148387473
ABCG5,0.00529077529436904
ABCG8,0.026673876708283938
ABHD12,2.4602223269755763
ABHD5,1.7367962473200764
ABHD6,0.5295086311363343
ABL1,11.318659529790095
ABL2,0.7293168470784537
ABO,0.055182271443000405
ACAA1,19.7294285447667
ACAA2,126.70723838661395
ACACA,5.057479418831865
ACACB,40.56818432566935
ACAD10,3.3033192950865473
ACAD11,2.0225554864751234
ACAD8,30.385229858449783
ACAD9,187.9210653301839
ACADL,6.3656239235031125
ACADM,252.96357440452158
ACADS,183.8200944930362
ACADSB,183.02985709067616
ACADVL,1608.27053060768
ACAT1,199.02830339008102
ACAT2,1.0932746295780729
ACE,0.24128762530894746
ACE2,0.01584901851482814
ACER1,0.007296455658669815
ACER2,0.4687923794945382
ACER3,0.390113720795524
ACHE,69.29333563292641
ACLY,4.7474188770893235
ACMSD,0.003343335373840392
ACO1,11.899026524978929
ACO2,810.3843566273714
ACOT1,9.661876916714709
ACOT11,0.9410151063873649
ACOT12,0.00434089546251623
ACOT13,6.863767109061172
ACOT2,50.99632446465429
ACOT4,0.09211797764226744
ACOT6,0.007500513062153027
ACOT7,0.4641882558402475
ACOT8,13.831819959857826
ACOX1,2.5689102648544946
ACOX2,1.995287690460642
ACOX3,1.4275622464014315
ACP1,2669.0095064295024
ACP2,1.1962078877411357
ACP4,0.0036202735317779565
ACP5,0.05576632514856456
ACP6,1.1727082372073285
ACP7,0.44999467512671487
ACPP,0.5594316602530198
ACSBG1,0.012870097197064525
ACSBG2,0.002507384415382598
ACSF2,10.037491492024301
ACSF3,1.4796636447250915
ACSL1,197.97845446935725
ACSL3,3.1215266167960842
ACSL4,1.398150641887217
ACSL5,0.43486287637162857
ACSL6,0.41554563945920325
ACSM1,0.029642407117282357
ACSM2A,0.004159645926527396
ACSM2B,0.001663637038197192
ACSM3,0.07104416825387178
ACSM4,0.004421504978842592
ACSM5,2.7708842938110028
ACSS1,5.9747849280758025
ACSS2,67.13778991164607
ACSS3,2.268419956575761
ACVR1,1.770406360654534
ACVR1B,3.4324202346947543
ACVR1C,0.07320634357112293
ACVR2A,1.0110996321945689
ACVR2B,1.2119750129021498
ACVRL1,2.1480544002418664
ACY1,170.65841191011967
ACY3,0.8654554552953571
ACYP1,5.143065964263752
ACYP2,9.537180285135621
ADA,1.0863746072990426
ADCY1,1.3404253011419889
ADCY10,0.013768721475468463
ADCY2,31.84685277814731
ADCY3,1.6232666685955228
ADCY4,1.8945455095530588
ADCY5,0.4913752353364615
ADCY6,3.8087770075367255
ADCY7,0.11105504532337133
ADCY8,0.10844658669179806
ADCY9,30.983282261460953
ADH1A,0.018012469630762598
ADH1B,19.435116681822613
ADH1C,8.177309274934704
ADH4,0.07526534973318223
ADH5,186.37450527487678
ADH6,0.010546772455236037
ADH7,0.1529723829099475
ADHFE1,74.25951018400583
ADI1,54.05505202906113
ADK,8.131684515848153
ADO,4.790554426513687
ADPGK,8.082650459369022
ADPRH,7.749085929410788
ADSL,1415.6469159763917
ADSS,20.441417174870683
ADSSL1,1270.4853691546969
AFMID,1.1348693993172394
AGA,11.044889054303017
AGK,1.6465944313416219
AGL,9.589303929320097
AGMAT,22.446036214651087
AGPAT1,6.091732256385688
AGPAT2,11.102864584752073
AGPAT3,27.649870637251546
AGPAT4,0.037173798706031706
AGPAT5,3.844879875544904
AGPS,11.083503033525721
AGT,8.148654793400855
AGXT,0.046127774587627984
AGXT2,0.07273189725255508
AHCY,2613.985073396814
AHCYL1,25.930326925396486
AHCYL2,9.134305632161823
AICDA,0.007517175187035606
AK1,2992.1979056626533
AK2,375.806007685501
AK3,234.31807929077422
AK4,12.630432168986001
AK5,0.06265017805727673
AK7,0.02223050691700169
AKR1A1,29.392364295162306
AKR1B1,289.31682879777037
AKR1B10,0.6971769342930262
AKR1B15,1.2119750129021498
AKR1C1,1.1922456404288604
AKR1C2,4.213525706755479
AKR1C3,3.9236538646196504
AKR1C4,5.522781755496033
AKR1C8P,0.3354345050980549
AKR1D1,3.5763124860476507
AKR7A2,290.83122995322896
AKR7A3,0.07639711611935218
AKT1,1.3417071371005296
AKT2,1.856549020872712
AKT3,0.9597778043988539
ALAD,150.60061583226522
ALAS1,155.2457243143121
ALAS2,0.13945349088154926
ALB,1.0595542498792805
ALDH18A1,10.059947570222482
ALDH1A1,57.519068531120745
ALDH1A2,0.4313862483530615
ALDH1A3,0.6896598969459173
ALDH1B1,35.14760472070272
ALDH1L1,60.418331773267475
ALDH1L2,0.6467795317224089
ALDH2,927.9204081065483
ALDH3A1,0.003106918245528087
ALDH3A2,71.26443239606428
ALDH3B1,1.2466668512905867
ALDH3B2,0.01896774194160874
ALDH4A1,50.228165610792004
ALDH5A1,38.752820198998975
ALDH6A1,13.370188697763119
ALDH7A1,14.918234172778847
ALDH9A1,535.3356166912306
ALDOA,55104.24969918647
ALDOB,0.12166052981098409
ALDOC,1.056126140829461
ALG1,0.6815361665363461
ALG10,0.15437664185371514
ALG11,0.3043165753586251
ALG12,1.0362901336291632
ALG13,2.612060575264921
ALG14,0.0995024610216608
ALG1L,1.1168042474718725
ALG1L2,0.0026875870427934528
ALG2,27.230250605667965
ALG3,1.0037073584939495
ALG5,5.153922787907762
ALG6,0.6228065885881694
ALG8,1.0801725871082917
ALG9,1.2438270352811012
ALK,0.005844459854735952
ALLC,0.09874098907430014
ALOX12,0.11765929449257995
ALOX12B,0.005081852665408773
ALOX15,0.006175817984395469
ALOX15B,0.015916069795141582
ALOX5,0.11309149560431636
ALPG,2.1334538652401167
ALPI,0.09522613776587274
ALPL,0.07479809180918573
ALPP,0.12394730653401177
AMACR,60.25995737308597
AMD1,8.661238831319267
AMDHD1,0.1942205018226459
AMDHD2,2.236185622724012
AMFR,0.3652845887089933
AMHR2,0.787419222070892
AMN,0.008584866563997848
AMPD1,926.3742010743993
AMPD2,0.7274772875087999
AMPD3,2.6515016609757702
AMT,9.223947663134457
AMY1A,2.6438139326066277
AMY1B,0.003963451604381607
AMY1C,2.6438139326066277
AMY2A,0.0868618521611619
AMY2B,8.682740673782874
ANAPC11,59.16742917881483
ANGPTL4,27.388395901795644
ANKRD1,46.179276437076986
ANPEP,5.6373409087112085
ANXA3,61.014434893053476
AOAH,0.004406632055927967
AOC1,0.012338295603319777
AOC2,0.543740804927469
AOC3,7.119412559380647
AOX1,1.4686231029481083
APOA1,0.207146490266387
APOA2,0.11821688295052922
APOA5,0.012126928267158351
APOB,0.036635935943948726
APOC1,0.5640398922308498
APOC2,0.009461158892458802
APOC3,0.1662844708311772
APOE,6.107134838578255
APRT,204.05152242755472
AQP1,25.410691629673803
AQP10,0.0037868645526527175
AQP2,2.053743019254548
AQP3,0.3553385648889815
AQP4,13.523693129348203
AQP5,0.029387238628245667
AQP7,11.102864584752073
AQP8,0.13940903634754317
AQP9,0.02961048527690619
ARAF,2.096025162714661
ARCN1,60.46595741038458
ARG1,0.0242946653035049
ARG2,0.9880692490048317
ARSA,3.322601479490462
ARSB,0.49587264987991597
ART1,17.35211425496042
ART3,92.9766869450924
ART4,0.0034962339347963936
ART5,2.9464134518937435
AS3MT,6.406911522831152
ASAH1,72.96307796235058
ASAH2,0.02441711494143463
ASH1L,0.01703344012015316
ASL,39.761529338821944
ASMT,0.0566304971118221
ASNS,52.13309247980935
ASPA,5.262581419824253
ASPG,0.02035964651573342
ASPH,82.64318707834266
ASRGL1,0.41324501775969874
ASS1,66.30613957520013
ATE1,4.9951430406495225
ATIC,415.6013545106587
ATM,0.27653157383033383
ATP10A,0.07510952797629586
ATP11A,4.309577243193095
ATP11C,0.3771981064793872
ATP1A1,5.433811670454613
ATP1A2,1024.0424271312652
ATP1A3,0.010286382874398379
ATP1A4,0.2719245406332267
ATP1B1,263.62558655037213
ATP1B2,0.6946693198984756
ATP1B3,7.983176442558987
ATP1B4,14.296769506994268
ATP2B1,5.570166900253339
ATP2B2,9.849301343412185
ATP2B3,3.8082211325943556
ATP2B4,1.6398145276486358
ATP4A,0.028529549842884545
ATP4B,0.2703572249398832
ATP5F1A,124.53265572432873
ATP5F1B,167.30632217246165
ATP5F1C,21.50971022167614
ATP5F1D,155.46511749348954
ATP5F1E,125.55773209538297
ATP5MC1,4.311892001287344
ATP5MC2,2.868050998110428
ATP5MC3,5.997867959791037
ATP5ME,117.38991896387836
ATP5MF,1.481717785000078
ATP5MG,179.57272888452187
ATP5MGL,23.718922705117464
ATP5PB,5.524565248774745
ATP5PD,6.7181129554220975
ATP5PF,4.959033242795014
ATP5PO,42.13932100131758
ATP5S,0.3354345050980549
ATP6V0A1,1.1017047760790726
ATP6V0A2,0.17682933152098468
ATP6V0A4,0.0022284553298587235
ATP6V0B,24.25291957795094
ATP6V0C,196.30117080996035
ATP6V0D1,235.23345776356317
ATP6V0D2,0.0014981848867349193
ATP6V0E1,51.57800864568709
ATP6V1A,26.32839367383904
ATP6V1B1,0.05844758729125311
ATP6V1B2,265.3994981108812
ATP6V1C1,4.168062319182262
ATP6V1C2,0.09037211980883467
ATP6V1D,21.321151074382122
ATP6V1E1,150.49564946132472
ATP6V1E2,1.0574970993918835
ATP6V1F,20.365990202575414
ATP6V1G1,26.17494806622288
ATP6V1G2,0.7797031638483434
ATP6V1G3,0.2330917175245828
ATP6V1H,8.56531979007039
ATP7A,0.5366146293833899
ATP7B,0.23088948858523578
ATP8A1,4.263340847728102
ATP8B1,0.6032824674203845
ATP8B2,0.6746783655820747
ATR,0.010195466358250506
AUH,3.573896762752782
AURKA,0.05290141857612401
AURKB,0.028688674325021483
AURKC,1.2218655812756405
AWAT1,0.0633604788899994
AWAT2,0.004048776379157873
AXL,0.01351284626586923
AZIN2,0.7963414524148358
B3GALNT1,0.09929570402058127
B3GALNT2,4.968720533891311
B3GALT1,1.0424375243719552
B3GALT2,0.11641747948074403
B3GALT4,0.8667701683468666
B3GALT5,0.04913091363885059
B3GALT6,2.7506832891808406
B3GAT1,0.004525914022672268
B3GAT2,0.07460358483244164
B3GAT3,2.113810503080051
B3GLCT,0.7866139610071975
B3GNT2,0.5592493517748536
B3GNT3,0.004036265590190866
B3GNT4,0.003668947280774686
B3GNT5,3.924561294560935
B3GNT6,0.3354345050980549
B3GNT7,0.018611530916484487
B3GNT8,0.08798834438111323
B3GNT9,0.4126843051130067
B3GNTL1,1.0308323229595973
B4GALNT1,1.6315361123926617
B4GALNT2,0.08753139082536945
B4GALNT3,0.09813956826581095
B4GALNT4,0.011136377677624121
B4GALT1,9.705907448856307
B4GALT2,27.388395901795644
B4GALT3,5.108478264545868
B4GALT4,0.5336513358726197
B4GALT5,28.72881405154579
B4GALT6,0.3344595771436499
B4GALT7,5.06627232866678
B4GAT1,2.277812689362301
BAAT,0.3229783918750366
BARD1,1.4378040897776814
BBOX1,0.0016309388958070396
BCAP31,330.9771651857223
BCAT1,0.13940903634754317
BCAT2,18.697175619425042
BCHE,0.1177879187119129
BCKDHA,11.376525436473905
BCKDHB,2.611834086581614
BCKDK,61.168282521749084
BCO1,0.06461878427195712
BCR,0.04132479579586898
BDH1,10.081881910566775
BDH2,10.215303722736277
BHMT,0.016725359352441252
BHMT2,2.3624522355850406
BIRC6,1.9377414355696148
BLK,0.0025677849736482367
BLVRA,363.2517365260844
BLVRB,1018.4470234134607
BMP1,1.952199237589061
BMP2K,0.061774743880676816
BMPR1A,2.0102193707500313
BMPR1B,0.1914094564345004
BMPR2,4.41446211637239
BMX,0.2782474478492111
BPGM,14.070926952115977
BPNT1,2.121763691585154
BRAF,1.3889322012808856
BRAP,0.141786231346117
BRPF1,1.5828022192830835
BRSK1,0.06298755954979603
BRSK2,0.022299577142292994
BSCL2,11.375594878050862
BSG,99.42918928163921
BTD,3.488955862706957
BUB1,0.0017468540856587216
BUB1B,0.0025437393173725967
C1GALT1,1.174688891493369
CA1,0.031862526832775157
CA12,0.08798834438111323
CA13,1.3897413792410316
CA14,24.41377397019697
CA2,41.52754941775471
CA3,11928.442582820562
CA4,0.35365617694834556
CA5A,0.08417582761312976
CA5B,0.04346701858718756
CA6,10.425839500790367
CA7,0.017471796558853107
CA8,0.22481621255674886
CA9,0.09846959720896478
CAD,10.819289629198638
CALM1,174.9848383895685
CAMK1,0.9497050577971818
CAMK1D,0.10161661273838928
CAMK1G,0.005579544880232984
CAMK2A,76.8554960452368
CAMK2B,45.427341653881456
CAMK2D,370.5934110996284
CAMK2G,24.330432015362803
CAMK4,0.0025696774324801956
CAMKK1,0.42342191968992043
CAMKK2,1.858120744726095
CANT1,3.608853130346641
CARM1,22.441858061035383
CARNS1,53.950498966323764
CARS,4.618313379071885
CARS2,15.010508590494387
CASK,1.753971887682933
CAT,95.91012746771783
CBLC,0.05697506706109902
CBLL1,10.382606101913794
CBLL2,0.027434690025870352
CBR1,16.446988541265373
CBR3,19.354899748908384
CBR4,29.84807031469363
CBS,0.3577293964062262
CBSL,0.3354345050980549
CBX1,72.36298800931382
CCNB1IP1,13.724992823427085
CD36,76.27316209146967
CD38,7.496675787215392
CDA,4.599501043400166
CDC14A,0.12961618298600627
CDC14B,0.34916014757134595
CDC25A,0.09822205328864457
CDC25B,2.41058986713229
CDC25C,0.004055034876252234
CDC34,7.981905854070938
CDC42BPA,0.7468593669788349
CDC42BPB,1.0495935760536816
CDC42BPG,0.023050250734932387
CDC7,0.07158341088466018
CDIPT,40.19537338359461
CDK1,0.09863470046129329
CDK10,3.631150960612236
CDK11A,10.026400435618195
CDK11B,13.547342403805548
CDK12,1.1008754218338734
CDK13,3.4880709771000324
CDK14,1.2218655812756405
CDK15,0.19398193819672022
CDK16,103.48913238989775
CDK17,2.0812694182129743
CDK18,0.5241924666675031
CDK19,0.7154146110311248
CDK2,2.1600275555723294
CDK20,0.32000209104857563
CDK3,0.808074336216507
CDK4,2.2383158740231046
CDK5,7.55797013453542
CDK6,0.9924196756937783
CDK7,38.069140506470944
CDK8,3.404226707796332
CDK9,9.077634132837352
CDKL1,0.26033788594774143
CDKL2,0.005490343935822874
CDKL3,0.6424624735636267
CDKL4,0.004607240988937398
CDKL5,0.09199594219561193
CDKN3,0.4176803578181785
CDO1,0.8106642411107732
CDS1,0.004199546866365124
CDS2,1.5940204131211082
CDY1,0.256335927830294
CDY1B,0.256335927830294
CDY2A,0.04923577690024244
CDY2B,0.04923577690024244
CEL,0.7053399893522151
CEPT1,0.38105423820190804
CERCAM,0.9792936149403918
CERK,6.302293508714021
CERS1,1.2730005170657437
CERS2,4.08313200560675
CERS3,0.008668233936240288
CERS4,0.2512781699463122
CERS5,1.149505550566524
CERS6,1.3831210002070196
CES1,1.1887298392728658
CES2,15.710919017187846
CES3,11.273155285107531
CES5A,0.03703753789261324
CFTR,0.006368213216143826
CH25H,1.1943561860770826
CHAT,0.014545141103376102
CHD9,2.1920253054778476
CHDH,2.3763010914061558
CHEK1,0.07772196309973142
CHEK2,0.07565520584923319
CHFR,0.780988044627421
CHI3L1,0.18124083550702708
CHIA,0.34819723870797287
CHIT1,0.004252171781473115
CHKA,1.0592925610276258
CHKB,7.343818622125186
CHMP4A,6.962092265623336
CHPF,3.4933810104299856
CHPF2,1.2169181486310003
CHPT1,4.143628500091882
CHST1,0.24113767980663275
CHST10,1.4348762518705813
CHST11,0.11029342251072419
CHST12,1.8836797810029986
CHST13,0.1279905302411138
CHST14,0.1531582402126505
CHST2,0.9370048602878231
CHST3,4.252260004595311
CHST4,0.0014343970454564765
CHST5,0.006109690323037577
CHST6,0.002507384415382598
CHST7,0.514769952673191
CHST8,0.0164377558902754
CHST9,0.0038867866761263968
CHSY1,1.6745299819809738
CHSY3,0.21540590121949468
CHUK,0.42547264518275085
CHURC1-FNTB,3.2507362769424972
CIDEA,0.021518487540442756
CINP,0.35043702452708
CIT,0.07886813295491227
CKB,16.96648035128335
CKM,332213.62309691723
CKMT1A,0.0061461557294560645
CKMT1B,0.003713937614588749
CKMT2,2437.0086349830717
CLC,0.05012896291767799
CLCF1,0.2199042719950195
CLK1,1.6656089270354109
CLK2,4.132615000000262
CLK3,0.469955297822293
CLK4,0.5657519945089585
CLOCK,2.2845740127504186
CLPS,4.819365852462732
CLTRN,0.5786685643266595
CLYBL,4.450786010534241
CMA1,0.03464350155467854
CMAHP,0.726152229581333
CMAS,31.29414829051861
CMPK1,301.81407900231096
CMPK2,0.22846590764005428
CMTR1,11.421187081120157
CNDP1,0.004874750858177007
CNDP2,3.657947043543506
CNOT4,4.774845018604154
CNP,6.013529998646169
COASY,272.1324884463493
COL4A3BP,1.9938253007443822
COLGALT1,6.267168565032633
COLGALT2,2.164021766737703
COMT,26.833885163706874
COMTD1,345.13005396465815
COP1,0.4785008438550989
COPA,97.08389365426713
COPB1,42.53193296837582
COPB2,14.726245753501463
COPE,154.2027007321904
COPG1,64.56918703958259
COPG2,61.28760807033352
COQ2,11.489648384004193
COQ3,35.874245154928694
COQ5,6.0822440381617335
COQ6,16.25000022936426
COQ7,0.2851395968092189
COX1,7.766401376158287
COX17,77.59332996992673
COX2,5.3369352212394165
COX3,0.33446363282071023
COX4I1,793.7570798450053
COX4I2,2.7254765863576704
COX5A,1079.8730271701318
COX5B,1475.1972078810572
COX6A1,1.2708362075039132
COX6A2,15131.889269189409
COX6B1,131.31904549087477
COX6B2,0.0024529136508860305
COX6C,157.5137176781953
COX7A1,2831.063405181867
COX7A2,35.64781041412144
COX7A2L,7.178213537170636
COX7B,223.71041921429278
COX7B2,0.3354345050980549
COX7C,341.50109023292316
COX8A,2302.8557757968238
COX8C,0.06265017805727673
CP,0.01808250813967747
CPA1,1.9116471629132363
CPA2,0.2915058579677493
CPA5,0.005454749862020696
CPA6,0.05651024032218487
CPOX,24.294876747702492
CPS1,0.21550348011369191
CPT1A,0.06788566824199442
CPT1B,110.66514566045775
CPT1C,0.15824872373694776
CPT2,61.132745594422644
CRAT,45.807335785959744
CREBBP,0.09738894584200587
CRLS1,9.234842740397923
CROT,4.54720717853205
CS,14712.43313284538
CSAD,3.480109167271262
CSF1R,0.11377206554072374
CSGALNACT1,0.3131684985355233
CSGALNACT2,5.253887190743893
CSK,1.816458812525355
CSNK1A1,15.701979479206111
CSNK1A1L,0.006388901573781651
CSNK1D,31.251718421880263
CSNK1E,1.1031288400875772
CSNK1G1,0.35506709656190943
CSNK1G2,16.693934761057516
CSNK1G3,1.5269672618157195
CSNK2A1,352.88351435349574
CSNK2A2,63.723120256731626
CSNK2B,282.08697743612396
CTBP1,36.520773152007465
CTDP1,0.4443786140402499
CTDSP1,19.973266403235215
CTDSP2,51.184824176830986
CTDSPL,3.5297123636895074
CTDSPL2,0.4729713318882147
CTGF,0.3354345050980549
CTH,0.4408599822982574
CTPS1,1.8658580191663898
CTPS2,0.9752489773881557
CTSA,68.15027703336386
CTSB,61.10299096369633
CTSC,2.411407544873559
CTSD,246.34803749433232
CTSE,0.003315330231837849
CTSF,42.930098630953246
CTSG,11.536222620817302
CTSH,3.316444237352565
CTSK,9.223947663134457
CTSL,2.0272343868965446
CTSO,1.1133373005744456
CTSS,0.19026849390334918
CTSV,0.014105606631181601
CTSW,0.04497288158940214
CTSZ,2.875243684843898
CUBN,0.020459868454879748
CWC27,9.541014291423839
CYB5D1,2.065435003664143
CYB5R1,201.76344936308357
CYB5R2,0.5106591314148126
CYB5R3,1421.5165415815975
CYBB,0.2677777321269082
CYBRD1,6.29727309075863
CYC1,2110.234559113425
CYLD,1.5180285864581653
CYP11A1,0.748366012837632
CYP11B1,0.01838350965707576
CYP11B2,0.08105018928386314
CYP17A1,0.295206208360588
CYP19A1,0.046971606175881774
CYP1A1,0.009807617141425317
CYP1A2,0.0013464367870539046
CYP1B1,0.44843624124873227
CYP21A2,0.002108002689197793
CYP24A1,0.04255372230264104
CYP26A1,0.006130196405617141
CYP26B1,0.8412273754894638
CYP27A1,25.776542065888602
CYP27B1,0.052678748836376424
CYP2A13,0.04638837469548625
CYP2A6,0.002328057341476292
CYP2A7,0.05996477628878289
CYP2B6,0.02889595120271605
CYP2C18,0.2259625918283721
CYP2C19,0.1750227487879086
CYP2C8,0.05163402239596441
CYP2C9,0.009100027983550344
CYP2D6,0.04041733781315143
CYP2E1,1.1964675294533498
CYP2F1,0.013929970839435852
CYP2J2,9.915634389883339
CYP2S1,0.06666498798861088
CYP2U1,0.8106642411107732
CYP39A1,0.10491008585819687
CYP3A4,0.014886415678949402
CYP3A43,0.027771756102619113
CYP3A5,0.019040318672930247
CYP3A7,0.0020357058664006965
CYP46A1,0.07000667102997798
CYP4A11,0.014023942681262834
CYP4B1,0.581478353087482
CYP4F11,0.0019818402467970003
CYP4F12,0.05885393347073506
CYP4F2,1.3721447209835187
CYP4F22,0.0033834298237142516
CYP4F3,0.0032734172637547423
CYP4F8,0.004555840543202233
CYP4V2,1.681340273672091
CYP4X1,1.3867523904515717
CYP4Z1,0.07359389912261231
CYP51A1,2.911303683448531
CYP7A1,0.002942306016084784
CYP7B1,0.13325959644991542
CYP8B1,1.3996596795653906
CYTB,10.283962318241796
DAD1,292.84585891540604
DAGLA,0.9103640205661053
DAGLB,4.302172258937217
DAO,0.012974354437563215
DAPK1,0.21877781751342182
DAPK2,10.0153120018183
DAPK3,3.4468370969827626
DARS,2541.7889112212224
DARS2,1.4253696043621824
DBH,0.022896066380027252
DBI,93.70930362465029
DBT,2.8817006022092464
DCK,2.4329856568290853
DCLK1,4.421274477900868
DCLK2,0.37247483714046997
DCT,0.0983458085957578
DCTD,3.8344557204646925
DCTPP1,27.691204622865953
DCXR,114.53386427231254
DDAH1,76.68914630918586
DDAH2,8.116152178268704
DDC,0.06336288151460505
DDO,4.972538441557144
DDOST,150.28085986038454
DDR1,6.641606034731513
DDR2,1.334658175143291
DECR1,82.76497679520807
DECR2,16.188545655392904
DEGS1,1.8974714900224507
DEGS2,0.04700683667103483
DERA,16.728404722925944
DGAT1,39.034369173510285
DGAT2,0.23754498413846406
DGKA,0.34521600883524656
DGKB,0.004107269189197955
DGKD,28.465182501506238
DGKE,0.09448409466034766
DGKG,0.23212811181266865
DGKH,0.3378399902786321
DGKI,0.003178047262905987
DGKQ,0.6443118843350504
DGKZ,37.76348691739607
DGUOK,5.1816097215919825
DHCR24,2.181959821784454
DHCR7,5.404048257159367
DHDH,0.017674493100691115
DHFR,26.356352593125035
DHODH,3.86567193720119
DHRS2,0.003049871644107698
DHRS3,34.88679506835994
DHRS4,191.46516670529945
DHRS9,0.006955162399017595
DIO1,0.002840820700383635
DIO2,0.32612049331702064
DIO3,0.15401326956151723
DLAT,1554.5250054403514
DLD,2583.5035230902367
DLST,616.8077014827101
DMGDH,0.18765930681058707
DMPK,61.54399794475232
DNAJC6,0.03838170625624838
DNMT1,1.5643810315701516
DNMT3A,3.666888421272922
DNMT3B,0.031021942018028298
DNMT3L,0.0026170854423209046
DOLPP1,1.3231399063445883
DOT1L,2.95068162326411
DPAGT1,3.775446858841565
DPEP1,0.03021825304963713
DPEP2,0.09929570402058127
DPEP3,0.046584444094607276
DPH5,24.686208114521563
DPM1,658.6208052338885
DPM2,3.503120554124649
DPM3,11.843030491353753
DPYD,1.1077949854400726
DPYS,5.275394804691691
DPYSL2,362.83342756636205
DPYSL3,48.07933961563364
DSTYK,2.542164866724592
DTYMK,3.3772357170574883
DUOX1,0.07585029524262815
DUOX2,0.005288566771764206
DUPD1,140.75345439569028
DUSP1,135.1977365540194
DUSP10,8.24744392528502
DUSP11,1.5537145291779055
DUSP12,1.4993041055998235
DUSP13,227.81110977503053
DUSP14,0.2248513295946149
DUSP15,0.016827120398764075
DUSP16,3.398066008876729
DUSP18,0.09628758701787897
DUSP19,0.4429648901166114
DUSP2,0.2618629569642112
DUSP21,0.08186674790155296
DUSP22,9.028308485196877
DUSP23,16.65684271412354
DUSP27,72.25746682456204
DUSP28,8.318771890929346
DUSP3,583.4678632246645
DUSP4,0.3828165545250792
DUSP5,1.1929490669586496
DUSP6,2.0567371138398234
DUSP7,10.741444389836133
DUSP8,4.3930702182565105
DUSP9,0.011048245395472039
DUT,82.1340746724053
DYRK1A,12.005871590411346
DYRK1B,118.12998456462735
DYRK2,5.902406447243771
DYRK3,0.061416441484129884
DYRK4,1.3867523904515717
DZIP3,4.944872830750052
EARS2,0.7567782891234971
EBP,57.88791052713746
ECH1,1234.6831443691572
ECHDC2,21.358249232320368
ECHS1,404.1493145741563
ECI1,104.76952998973574
ECI2,175.18924791255196
EGFR,0.5259820434883211
EHHADH,0.9370048602878231
EHMT1,0.19396319619853092
EHMT2,0.23959301684216525
EIF2AK1,27.01774353251406
EIF2AK2,4.626272772689305
EIF2AK3,0.7477293526070005
EIF2AK4,0.09949072388205119
EIF4EBP3,39.80714276435021
ELOVL1,0.9725541243406595
ELOVL2,0.09033160361084815
ELOVL3,0.04549705662793923
ELOVL4,0.01650533125114795
ELOVL5,0.1251280076917456
ELOVL6,0.0601879815109212
ELOVL7,0.11898985745212855
ELP3,1.8397354911472608
ENGASE,23.133365957193206
ENO1,142.39423688839065
ENO2,1.6120046597092887
ENO3,27442.6815642338
ENOPH1,60.1916000899721
ENPP1,0.3938288165911135
ENPP2,1.0974191205464485
ENPP3,0.031021942018028298
ENPP6,0.014627893414606663
ENPP7,0.2621620114119895
ENTPD1,0.802899850470353
ENTPD2,0.25183292783608197
ENTPD3,0.03108643142407036
ENTPD4,4.887738700214966
ENTPD5,2.8350615864246187
ENTPD6,10.404956905378778
ENTPD8,0.0017922891223299483
EP300,1.1053999049970977
EPHA1,0.029100739405607323
EPHA10,0.08778951950805507
EPHA2,0.17328796195893076
EPHA3,0.06411495168215613
EPHA4,0.35192131157435286
EPHA5,0.11374458455259583
EPHA6,0.0035935474715837095
EPHA7,0.007009064584527299
EPHA8,0.000570417857205095
EPHB1,0.8924749397669213
EPHB2,0.0013705622521680647
EPHB3,0.09472959554567094
EPHB4,0.03917699457750991
EPHB6,0.787419222070892
EPHX1,80.24807988227577
EPHX2,3.3076930392400365
EPM2A,35.00265918900158
EPRS,46.133163866557204
EPX,0.007924229060056737
ERBB2,0.15790554779182522
ERBB3,0.06752248816692173
ERBB4,0.2843941195339353
ERN1,0.9136851219974473
ERN2,0.004178536218697416
ESD,518.64716830628
ETFA,5043.876739589191
ETFB,1083.3192867954012
ETFDH,60.916813732412976
ETNK1,1.8072281234487848
ETNK2,0.0955899192050892
ETNPPL,0.4220131246287238
EXT1,0.8891704989419112
EXT2,3.1034807129642816
EXTL1,2.6618428600576487
EXTL2,2.448887165593819
EXTL3,7.124566399448269
EYA1,2.184817047108086
EYA2,0.834704368986696
EYA3,0.5013739499304901
EYA4,6.241102957555129
EZH1,18.989076126120167
EZH2,0.012124945785777788
F13A1,0.19842943990986253
F13B,0.952082265681838
F2,0.01079310775464304
FAAH,3.200460329584705
FAAH2,0.046549281547476964
FABP1,0.2183373679768084
FABP12,0.07361943011456162
FABP2,2.0423800119197857
FABP3,1590.9352378900846
FABP4,24.145809809801868
FABP5,155.41413662996482
FABP6,0.011772029587900305
FABP7,0.1329954946843806
FABP9,1.0553661478381027
FADS1,0.6209705680595311
FADS2,0.36532028623536433
FADS3,0.5634565398206809
FADS6,0.3354345050980549
FAH,7.281622125946797
FAM20B,9.311185149736403
FANCL,1.607504555800224
FAR1,9.833254878735525
FAR2,0.2145768624236272
FARS2,1.1761939983490093
FARSA,532.5104015875984
FARSB,1.7490919519676233
FAS,1.1050260476982474
FASN,2.5529206198199517
FASTK,145.4914295940824
FAXDC2,3.2736107108850945
FBP1,0.08557824820902533
FBP2,1313.419725990485
FDFT1,69.66239596116243
FDPS,8.34968585145477
FDXR,1.7336358966676464
FECH,13.346605934142147
FER,0.2512277503851215
FES,1.9545443210179851
FGA,0.1697078240370755
FGFR1,8.36248500212412
FGFR2,0.0103067551861622
FGFR3,0.064944412476354
FGFR4,0.8543058390386942
FGGY,3.201329084221628
FGR,0.20415152845937118
FH,2126.534628141309
FHIT,0.777776691367688
FHL2,4.965328928272618
FIG4,3.4236044182084098
FITM1,340.5179103315384
FITM2,4.31235481406944
FKBP10,4.731220391737041
FKBP11,0.41195562214296155
FKBP14,0.6115152270076109
FKBP1A,141.77995658911132
FKBP1B,0.27747470060744855
FKBP2,123.85833603752563
FKBP3,2973.2198649462657
FKBP4,234.95453402445452
FKBP5,6.171563700405738
FKBP6,0.0345624960497994
FKBP7,4.206959324825592
FKBP8,20.492144903541636
FKBP9,20.653627847967428
FKBP9P1,0.3354345050980549
FLAD1,3.792023214902478
FLT1,8.693495867628371
FLT3,0.0018963046954685822
FLT4,0.4682163330675026
FLVCR1,0.17823701145876264
FMO1,0.04000841753550537
FMO2,3.644543736512145
FMO3,0.21292083923605168
FMO4,0.1626923171885992
FMO5,0.07119814858731933
FMO6P,0.01444148342872326
FN3K,13.228825888821623
FN3KRP,3.1268012737635433
FNTA,16.9577549053668
FNTB,8.057528666434928
FOLR1,0.006527188993351495
FOLR2,0.05804184425168426
FOLR3,0.008369896710954106
FOSL1,1.6120046597092887
FPGS,0.9621910123792107
FPGT,0.5634405971805432
FRK,0.17884629369086238
FRMPD2,0.0011756412023241855
FTCD,0.09760377718637123
FTMT,0.3764543508002139
FUCA1,5.071064685021191
FUCA2,1.0588684380779663
FUK,2.141674542196479
FUT1,0.05398183457171786
FUT10,0.16467053284397887
FUT11,1.8503903528679608
FUT2,0.06149106380045268
FUT3,0.016920517108103543
FUT4,0.11253917636170634
FUT5,0.3435419176074299
FUT6,0.0021954630347269665
FUT7,0.10421599752828987
FUT8,0.07263188004397646
FUT9,0.001684359695788042
FYN,5.15679372395635
G0S2,158.40019540418768
G6PC,0.2573661812362027
G6PC2,0.018216384410824384
G6PC3,22.185258358382818
G6PD,23.667774264464004
GAA,24.95158939790921
GAD1,0.001520142325463692
GAD2,0.03730519390911924
GAK,0.5194723055257118
GAL3ST1,0.29692947894198873
GAL3ST2,0.028339693013434898
GAL3ST3,0.10194910443353548
GAL3ST4,0.1333036242992792
GALC,1.4136877049187946
GALE,0.6026744879540998
GALK1,38.48488329405497
GALK2,9.584991456810746
GALM,5.817381586549891
GALNS,0.7541011604439207
GALNT1,11.798800717779491
GALNT10,0.03875006747095507
GALNT11,4.730412765973608
GALNT12,0.08175220023617831
GALNT13,0.0004522877784853193
GALNT14,0.00286072594140394
GALNT15,1.7505291855644656
GALNT2,11.775840487895117
GALNT3,0.00987066502012007
GALNT4,0.09029109129804003
GALNT5,0.037238272101155795
GALNT6,0.10927967287235048
GALNT7,0.01516493618120291
GALNT8,0.0063590229984699055
GALNT9,0.011074264639794947
GALNTL5,0.43999999999999995
GALT,10.438502363337797
GAMT,449.30844306271587
GANC,4.172109004867023
GAPDH,46021.62409442409
GAPDHS,8.042317062334442
GARS,142.6337416765604
GART,38.625692525963544
GATM,23.59847083100613
GBA,1.1803422971768185
GBA2,39.52440783366627
GBA3,0.3354345050980549
GBE1,30.31894268805009
GBGT1,0.13537643052481896
GC,0.010447047484120404
GCAT,157.6170038350084
GCDH,9.628882138834292
GCH1,0.38331315126860704
GCK,0.006899011717300839
GCLC,1.3746040674981006
GCLM,18.2646077053936
GCNT1,0.20825989030346134
GCNT2,0.0686284441364907
GCNT2P,0.3354345050980549
GCNT3,0.005401451794465042
GCNT4,0.11300648579361931
GCNT7,0.005009703461552053
GCSH,13.606504203530019
GDA,0.18411380014083556
GDE1,18.13396622556398
GDPD2,0.016694292048462872
GFPT1,67.6738893407902
GFPT2,0.8726877614585571
GGCT,16.706302695516243
GGH,0.3753292467917316
GGPS1,221.04944935904777
GGT1,0.22412714632810785
GGT2,0.0038640563271755044
GGT3P,0.3354345050980549
GGT5,3.0277334591635645
GGT6,0.011362157392833753
GGT7,23.29260735153993
GGTLC1,0.5642767148917974
GGTLC2,1.7831684152107201
GIF,0.3354345050980549
GK,1.6862196693935954
GK2,0.9456388863331135
GK3P,0.3354345050980549
GLA,2.3072307617064363
GLB1,2.317766187422873
GLB1L,0.09029109129804003
GLCE,0.0475148815208676
GLDC,0.10132587317149341
GLIPR1,0.1957009934063023
GLO1,1166.6563204528557
GLRX,78.93715730933233
GLRX2,9.663554383759934
GLS,24.31304132566841
GLS2,0.06029944004703023
GLT6D1,0.06930364432416915
GLT8D1,0.4421138609263089
GLT8D2,0.7305835173408671
GLTP,7.745410496657082
GLUD1,309.6363916622984
GLUD2,0.016044753594601432
GLUL,22.065466527818305
GLYAT,0.005711673955322618
GLYCTK,0.13418483348350432
GM2A,3.1536226574824244
GMDS,4.419524944898597
GMPPA,6.521256013937278
GMPPB,11.536522031847026
GMPR,496.16007021565935
GMPR2,19.631491877542032
GMPS,28.1381063461152
GNE,2.074640137719685
GNMT,0.22816951887127576
GNPAT,70.06548451442555
GNPDA1,6.609127315354124
GNPDA2,1.6715050841180006
GNPNAT1,10.46963939138382
GNPTAB,3.3716900833900048
GNS,5.448457609990105
GOT1,32919.327224955545
GOT2,13732.38543271775
GPAA1,54.014076236948924
GPAM,0.10573853171091528
GPAT2,0.5065553736157133
GPAT3,0.6582069289240687
GPAT4,1.352005973421296
GPCPD1,4.406088727867929
GPD1,357.57429824264244
GPD2,80.94661994270444
GPHN,10.123391434211852
GPI,3880.472635932344
GPIHBP1,1.9748935400352985
GPLD1,0.5135947134449058
GPT,64.78202384376533
GPT2,84.9304364861681
GPX1,39.35809403775265
GPX2,0.037137737046903735
GPX3,189.20702170657373
GPX4,115.48827665895966
GPX5,0.793289329058847
GPX6,2.01032323162201
GPX7,1.7635203714194414
GPX8,0.8634863415767151
GRHL1,0.10294796988348089
GRHPR,41.9788951094364
GRK1,0.010477710507178384
GRK2,4.014622265826703
GRK3,1.2623639556998993
GRK7,0.01523999349891216
GSR,85.16586880064997
GSS,84.15079563269983
GSTA1,0.08810922377755896
GSTA2,0.003445777250341457
GSTA3,0.013285510286279403
GSTA4,14.08176910667686
GSTA5,0.58469847618054
GSTK1,62.60845167511342
GSTM1,64.91426337520818
GSTM2,50.57274485887219
GSTM3,27.88882828884735
GSTM4,18.217037134145237
GSTM5,5.976626152441048
GSTO1,693.1454096900695
GSTO2,0.10709011400817464
GSTP1,2107.756078347434
GSTT1,81.77359480679357
GSTT2,0.46936857730682696
GSTZ1,11.605027997044713
GTF2F1,2.6569163274729157
GTF3C4,0.3227394365767381
GUCA1A,0.0803580412103317
GUCY1A1,2.9663227089166733
GUCY1A2,0.3996103907333951
GUCY1B1,1.0453859436592674
GUCY1B2,0.0008117859622008699
GUCY2C,0.021646762171112225
GUCY2D,0.005330562365377571
GUCY2F,0.0053018208634384245
GUK1,33.203222394038086
GUSB,1.0926938007830795
GYG1,331.8228177413124
GYG2,0.0367696067693635
GYS1,534.0374900559887
GYS2,0.047077314598486436
H6PD,22.92469948694824
HAAO,0.32452200180838353
HACD1,0.6699772991826155
HACD2,3.095013644366691
HACD3,4.330319334841662
HACD4,0.5979568033382378
HACE1,0.7426402473738261
HACL1,10.561699392710734
HADH,4207.560426431389
HADHA,1815.5625125260121
HADHB,538.6779353859457
HAGH,64.39524990733923
HAGHL,0.07585029524262815
HAL,0.0026456188541703726
HAO1,0.0056086012014165505
HAO2,2.123937704953015
HARS,45.646983941977474
HARS2,25.483294787357423
HAS1,0.010080600565671947
HAS2,0.09636973684042244
HAS3,0.04806636635196664
HAT1,63.95637556550168
HCCS,44.14449435692592
HCK,0.0315386566661172
HCST,0.021712454014817778
HDAC3,0.5462852102217046
HDC,0.02203256026584296
HDLBP,122.05541983842957
HECTD1,11.347508147288618
HECTD2,0.5024587119727892
HECTD3,1.5726890962674758
HECW1,0.02951476391234169
HECW2,0.02110495224232377
HELZ2,0.13852058285696053
HEPH,0.13462590302441202
HERC1,0.8566969804843293
HERC2,0.16626822608627387
HERC3,5.316747762015606
HERC4,2.4929070391314228
HEXA,5.904386903590858
HEXB,0.49036167996322566
HEXDC,0.3354345050980549
HGD,0.022185485816877695
HIBADH,149.37293706690807
HIBCH,17.4020080868546
HIF1AN,18.63384719784533
HIGD2A,30.634670106820487
HIPK1,6.875018348741372
HIPK2,7.918088795153454
HIPK3,43.27849473113141
HIRIP3,0.3408618639599
HK1,436.30477971586834
HK2,19.55075277602479
HK3,0.03504007670285502
HKDC1,0.004583667147311024
HLCS,3.020867244874929
HLTF,0.038796218392026106
HMBS,79.6707008821693
HMGCL,146.42956159132876
HMGCLL1,0.041374923906746366
HMGCR,1.2254020869775433
HMGCS1,11.707017248170741
HMGCS2,0.10520299199488928
HMOX1,8.835645248384518
HMOX2,34.70085573297398
HNMT,0.5401752045439394
HPD,0.04810177077439511
HPGD,0.07690562891139238
HPGDS,0.04288930021150356
HPRT1,151.1547647882972
HS2ST1,1.9487154261073423
HS3ST1,0.004699640309589429
HS3ST2,0.030154153352698256
HS3ST3A1,0.08903714211780468
HS3ST3B1,0.19159975854892444
HS3ST4,0.00598016112785478
HS3ST5,0.5586511491382232
HS3ST6,0.0035488745439179246
HS6ST1,11.56963026124943
HS6ST2,0.9934779436199856
HS6ST3,0.08617942876679287
HSD11B1,1.0240187405533405
HSD11B1L,3.4703833532971675
HSD11B2,0.13679160227497392
HSD17B1,0.23009751418848307
HSD17B10,39.85182447662771
HSD17B11,11.949668388184596
HSD17B12,71.66976884424965
HSD17B14,0.20058916279970326
HSD17B2,0.01515419870976836
HSD17B3,0.03858425330870854
HSD17B4,41.76813730886237
HSD17B6,0.052606555321652454
HSD17B7,0.19075469970318776
HSD17B7P2,0.2341625145880364
HSD17B8,2.0763761595852994
HSD3B1,0.8561440324619417
HSD3B2,0.003959299382198013
HSD3B7,2.0876104143386285
HSPG2,0.06345493077341509
HTATIP2,12.469443815099295
HUNK,0.0025337718237925986
HUWE1,3.6289023560275755
HYAL3,0.09583603101145344
HYALP1,0.3354345050980549
HYI,5.89844596078969
HYKK,0.3316213815363589
IARS,645.930720897167
IARS2,55.24104537793083
ICK,1.214092972848571
ICMT,26.27969958095872
IDH1,10.026400435618195
IDH2,1453.3278515579445
IDH3A,655.2246901436364
IDH3B,406.7006696460143
IDH3G,118.26006364324468
IDI1,115.56157055266117
IDI2,428.50231286950117
IDO1,0.024080695851934213
IDO2,0.0017468540856587216
IDS,8.60753416684662
IDUA,1.7010475614139673
IGF1R,1.9389218179228886
IKBKB,12.14434512543204
IKBKE,0.07989279327265615
IL4I1,0.02070792547413949
ILK,12.9689847019981
ILKAP,13.192733015892605
IMPA1,112.77419137685253
IMPA2,187.07792480231294
IMPDH1,2.205542153894199
IMPDH2,151.0346102341195
INMT,0.49720205582385196
INPP1,140.61323354233656
INPP4A,1.7238475308946009
INPP4B,1.1064103313631013
INPP5A,32.44437469890133
INPP5B,1.3404253011419889
INPP5D,1.4275622464014315
INPP5E,6.265426522382098
INPP5F,0.09640932079135552
INPP5J,0.8035462723230458
INPPL1,8.296480241701559
INSL3,0.012902157186642532
INSR,7.92441566298628
INSRR,0.0036159286356489896
IP6K1,2.629314077106223
IP6K2,2.374670916330503
IP6K3,117.82940221870653
IPMK,0.5443355588926871
IRAK1,16.48398026042526
IRAK2,0.9739015607605097
IRAK3,0.4447870775383351
IRAK4,0.2824281983373877
IREB2,5.567816653048345
ISYNA1,10.644065098017254
ITK,0.010232946608890323
ITPA,65.54828123749459
ITPK1,5.1651897486174265
ITPKA,0.14543758779255622
ITPKB,2.3648948932400065
ITPKC,3.356763263300061
IVD,367.1460115928138
JAK1,29.17399521251724
JAK2,3.665994073505585
JAK3,0.1044501579590999
JMJD7-PLA2G4B,0.19276672646590834
KALRN,1.7520564938147438
KANSL3,37.307595621801056
KARS,577.9418480760478
KAT2A,31.59150134585132
KAT2B,24.91116647924762
KAT5,9.57394454666492
KAT6A,3.6982199309346084
KAT6B,3.305943393096562
KAT7,9.60689903753763
KAT8,24.668923842891722
KCNJ11,44.00751400204498
KCNJ8,3.4871861394885912
KDR,2.6693616259740005
KDSR,1.751292804090457
KHK,1.0981101948648675
KIT,0.02515455990031599
KL,0.1056636254622304
KMO,0.36449445000297004
KMT2A,1.6000103668810126
KMT2B,0.3354345050980549
KMT2C,4.298470788208973
KMT2D,7.308560052428613
KMT2E,6.585804287140332
KMT5A,0.08744585611927874
KMT5B,0.052531638327043204
KMT5C,0.3350355754164824
KPNA6,56.63325801770312
KYAT1,0.41426786262502635
KYAT3,10.315561941178165
KYNU,0.00347603244694406
L1CAM,0.10809950206400913
L2HGDH,4.157404180819782
LALBA,0.008798531219757265
LAP3,367.6512593309434
LARS,353.3700416942804
LARS2,4.669110754739685
LATS1,0.2074769642112786
LATS2,8.104123962114514
LBR,9.714455313301068
LCAT,2.2305547744138527
LCK,0.0034679588671505082
LCLAT1,0.29943987447745185
LCT,0.0004455105813020714
LDHA,10706.24215430633
LDHAL6A,26.141127321924326
LDHAL6B,0.006096027769114583
LDHB,236.7137398330796
LDHC,0.026518569469757097
LDHD,133.49796901252907
LDLR,0.351860693155735
LGALS13,0.16621830202908744
LGMN,13.099526357133417
LGSN,0.005226808366624184
LHPP,19.905024184740636
LIAS,1.888947762278566
LIMK1,1.4063969743914335
LIMK2,1.7635203714194414
LIPA,1.4136877049187946
LIPC,0.0036607798362833593
LIPE,1.3469196646026715
LIPF,1.0315142121701701
LIPG,0.026955775666575043
LIPT1,1.0650441586499735
LIPT2,2.2321632784457757
LMTK2,2.7288346115095243
LMTK3,0.018735895728263428
LOC102724197,0.3354345050980549
LOC286297,0.3354345050980549
LOC344967,0.3354345050980549
LOX,1.7918660333878453
LOXL2,1.5217779632006234
LPCAT1,0.14649377166093164
LPCAT2,0.3526258806148749
LPCAT3,11.787319407522185
LPCAT4,0.5911379726400754
LPIN1,51.82998375663107
LPIN2,0.3507296509405074
LPIN3,0.6130279084516111
LPL,42.59741485152891
LPO,0.0010188467170543197
LRAT,0.020997516630348476
LRP1,1.1854117037118397
LRP2,0.001983630779644141
LRRK1,0.01727086160954882
LRRK2,0.7687999927179132
LRSAM1,7.413404697627768
LRTOMT,0.5881224893594577
LSS,60.891302060270064
LTA4H,194.31961662258337
LTC4S,1.1193264282750504
LTK,0.015606466682930744
LYN,0.14003167536831018
LYPLA1,95.96077424704593
LYPLA2,29.512022628510124
LYZL1,1.4145390562382973
MACROD1,49.39792698916765
MACROD2,0.07336131328296176
MAGEA2B,0.1626710879648594
MAK,0.001830927711241949
MAN1A1,0.13205771273495573
MAN1A2,0.7522834497921169
MAN1B1,0.3224825775840479
MAN1C1,0.36257584235974516
MAN2A1,1.4947380907907908
MAN2A2,35.07511594616556
MAN2B1,3.7224288164958237
MAN2C1,33.5459491610204
MANBA,1.1655814543366068
MANSC1,0.47745118286810334
MAOA,175.27006741760457
MAOB,108.72305405876858
MAP2K1,401.85358417249836
MAP2K2,400.48572165893455
MAP2K3,38.342024477070176
MAP2K4,22.49134401251991
MAP2K5,5.580532640142596
MAP2K6,9.496644188772429
MAP2K7,3.2267003359057553
MAP3K1,0.3484029954232313
MAP3K10,10.539276961120905
MAP3K11,6.925185301859016
MAP3K12,0.733752247071412
MAP3K13,0.22525942236908283
MAP3K14,6.315350596967624
MAP3K15,0.003065586042938731
MAP3K2,3.4421232273028064
MAP3K20,0.20179825659102824
MAP3K21,0.03839897316107535
MAP3K3,6.479554307986853
MAP3K4,5.679536605558922
MAP3K5,1.1901358933166606
MAP3K6,4.3290282683613945
MAP3K7,0.24532933166127552
MAP3K8,2.1752139418536314
MAP3K9,0.12721384292187232
MAP4K1,0.11152103236118016
MAP4K2,0.6834090456695474
MAP4K3,12.561787530155565
MAP4K5,8.45188238884829
MAPK1,137.3222333568968
MAPK10,0.044865370487626344
MAPK11,1.8110730218336297
MAPK12,129.46041584918154
MAPK13,0.20405507229014982
MAPK14,22.81729088285941
MAPK15,0.030154153352698256
MAPK3,26.078098446000006
MAPK4,0.15287891316021904
MAPK6,10.967032567662462
MAPK7,1.3606519746352799
MAPK8,2.7330333856800575
MAPK9,6.478346412733326
MAPKAPK2,4.572861238982829
MAPKAPK3,97.08424443276382
MAPKAPK5,14.87347863631061
MARCH1,0.09719205752633228
MARCH10,0.015935637812140517
MARCH11,0.007982758707868126
MARCH2,47.072714967473146
MARCH3,0.861517325788305
MARCH4,0.017477499470995986
MARCH5,4.7181553860499985
MARCH6,20.076126150796288
MARCH7,28.423604025034624
MARCH8,2.023599431574915
MARCH9,2.777624977102403
MARK1,0.6877833642676856
MARK2,8.054284089733242
MARK3,25.424221680328465
MARK4,20.34666883781327
MARS,60.95941413576064
MARS2,2.022811844105447
MAST1,0.005885100247990158
MAST2,82.1559307026856
MAST3,0.3961059392027663
MAST4,1.2544834751755116
MASTL,0.01388286085844308
MAT1A,0.019357443262139912
MAT2A,119.33718251252652
MAT2B,58.09898570699252
MATK,0.011159689199191393
MBOAT1,0.5118329324341593
MBOAT2,0.10232343489981122
MCAT,11.400704895743697
MCCC1,7.394696152149956
MCCC2,17.105002997362252
MCEE,12.155899893257157
MDH1,13574.508144258902
MDH1B,0.11989301960247337
MDH2,18602.537117155924
MDM2,0.00671457600759075
MDP1,28.22638098942375
ME1,456.05835210403444
ME2,54.692670579197916
ME3,6.703612680975243
MECR,17.651935325232483
MED1,0.21768529753201118
MELK,0.005090443745869129
MERTK,0.281704647424145
MET,0.7941876532233137
METTL1,3.8664489371421578
METTL3,9.827211505781033
MGAM,0.006434926981829379
MGAT1,10.304459350894845
MGAT2,0.09144157112410715
MGAT3,0.10399066267108996
MGAT4A,0.5520799759031052
MGAT4B,10.237577093631518
MGAT4C,0.3354345050980549
MGAT4D,0.02696149145334556
MGAT5,0.31295710944570204
MGAT5B,0.00669628656410984
MGLL,8.356084902821832
MGMT,3.37445680180606
MGRN1,11.512488240143803
MGST1,11.777378542379925
MGST2,26.514662028929266
MGST3,72.12215978715085
MIA3,3.6347213365552444
MIB1,1.564888445007723
MIB2,40.58313745509652
MID1,0.1351997555799405
MIF,9.655840644141161
MINK1,0.06727774087856014
MINPP1,1.0719150605764307
MIOX,0.03764002098229772
MIP,0.002632295029854546
MKNK1,6.29426125066486
MKNK2,785.7877451028581
MKRN1,17.439448548220838
MKRN2,20.114727656097916
MKRN3,0.014762534203692135
MLKL,2.185624918882155
MLYCD,75.40144198251734
MMAA,1.0499615389111474
MOCS1,8.43616131634877
MOCS2,18.785912494414564
MOGAT1,0.14239416353715
MOGAT2,0.0008246777452077098
MOGAT3,0.06832763191888709
MOGS,25.404005442026726
MOK,0.1892238949261455
MOS,0.09191795284698573
MOXD1,0.09041263989100241
MPC1,220.26961666047575
MPC2,66.70510988924613
MPI,13.417380907473662
MPO,0.30116838775711857
MPST,1836.7355001686979
MRPL58,13.330417578133794
MSMO1,1.889887132620111
MSRA,1.1810029031557059
MST1R,0.05249830476161489
MT1A,1.7101597584091297
MT2A,61.07035077676292
MT3,0.22457006556095283
MT4,0.022896066380027252
MTAP,68.88984540825415
MTFMT,3.258777975818584
MTHFD1,271.244860070678
MTHFD1L,0.21823951608241202
MTHFD2,5.427663163451731
MTHFD2L,0.5917533512039999
MTHFD2P1,0.0032793978440421425
MTHFR,5.995641004844546
MTHFS,5.5463114333397385
MTMR1,1.005380632872694
MTMR14,13.00566128341272
MTMR2,0.15154016017085664
MTMR3,0.39561688599169453
MTMR6,2.2904070595486887
MTMR7,0.08698239916457427
MTMR8,0.051346611767954756
MTPAP,3.472151250165972
MTR,0.5135049818470989
MTRR,12.167457009950203
MTTP,0.051346611767954756
MUL1,30.293296193641247
MUSK,0.07510952797629586
MUT,0.3354345050980549
MVD,49.1856123612857
MVK,3.909141091823568
MYBBP1A,75.91571602167338
MYCBP2,0.06966928363411952
MYLIP,11.421187081120157
MYLK,0.053421746713108155
MYLK2,681.1315894515403
MYLK3,2.491002346435403
MYLK4,10.572914427800365
MYO3A,0.0019389716180594294
MYO3B,0.5253617452442002
MYO5B,0.031280071212335475
NAA10,40.85249500224872
NAAA,0.9537383056486649
NADK,2.67270475450575
NADSYN1,1.1348693993172394
NAGA,3.52705124901207
NAGK,2.7961798853979207
NAGLU,2.5149055148077566
NAGPA,1.2487976215223073
NAGS,0.041615067037215035
NAMPT,204.1968364597831
NANP,0.5520799759031052
NANS,30.014283118133108
NAPRT,25.164291606310147
NAPSA,0.05844758729125311
NARS,2459.7073605065675
NARS2,9.95990923015401
NAT1,0.33651814844405853
NAT2,0.07672456450553738
NCOA1,9.882455966825516
NCOA2,0.1761905185546686
NCOA3,1.877370190097098
NCOA6,3.8403630371032493
NCOR1,0.06289920818984991
NCOR2,1.2014498319049227
ND1,0.7496282848946749
ND2,6.647572110665278
ND3,3.518721426725826
ND4,15.91921099634504
ND4L,0.3354345050980549
ND5,3.9860139175064595
ND6,2.1511623729121254
NDST1,8.242126213815569
NDST2,1.6949785530154036
NDST3,0.019462942544334894
NDST4,0.024005586560330774
NDUFA1,1551.068967841402
NDUFA10,86.9815703012305
NDUFA11,53.04428522395439
NDUFA12,20.190944524776764
NDUFA13,937.8354024491583
NDUFA2,13.499066484806896
NDUFA3,11.104479382069416
NDUFA4,83.87162607054034
NDUFA5,40.683343409261795
NDUFA6,104.403430560152
NDUFA7,9.361914257814778
NDUFA8,141.16570146687073
NDUFA9,93.07458001097903
NDUFAB1,271.3003179998914
NDUFB1,167.86290868260662
NDUFB10,624.6770097804506
NDUFB2,91.10610540010292
NDUFB3,303.80319577633054
NDUFB4,284.31931701474053
NDUFB5,189.28870604095854
NDUFB6,31.82698150013799
NDUFB7,361.4765367583842
NDUFB8,74.76602131918445
NDUFB9,52.93235193611215
NDUFC1,284.5460721169953
NDUFC2,38.17314891256903
NDUFS1,148.0426138921703
NDUFS2,133.93019828564687
NDUFS3,484.7976275448029
NDUFS4,258.94938194948355
NDUFS5,944.8354286628022
NDUFS6,26.55657781148409
NDUFS7,72.05246864606677
NDUFS8,156.90524776483633
NDUFV1,168.5952073859476
NDUFV2,255.72163566396142
NDUFV3,16.041258234561468
NEDD4,7.045699464977144
NEDD4L,2.2693079707119614
NEK1,1.6533803092204729
NEK11,0.22230822385944224
NEK2,0.011518429523852477
NEK3,0.49312173869713083
NEK4,1.8357216288175746
NEK5,0.0009419941079859405
NEK6,0.15029569394385478
NEK7,24.775184820064286
NEK8,0.04676034191782899
NEK9,1.7563946746682264
NEU1,6.567563790091008
NEU2,0.07868648115252536
NEU3,2.760779840926176
NEU4,0.010615931231899418
NEURL1,0.14715923590013888
NEURL1B,4.413531572035707
NGLY1,26.00746424893868
NHLRC1,1.6843689656486172
NIT2,391.94877657699584
NKTR,16.669204769529742
NLK,1.6150062223883734
NLN,48.323562173653485
NME1,491.7286168835438
NME2,281.45765578880633
NME3,13.393780358531375
NME4,29.71856202623432
NME6,0.2784054990797026
NME7,0.21624209288498095
NMNAT1,13.299467134342718
NMNAT2,0.049950425476333514
NMNAT3,5.810472586123826
NMRK1,3.8105804199367586
NMT1,29.12964749344725
NMT2,1.1248639989878724
NNMT,14.801124082913887
NNT,250.31286389737193
NOL9,2.4425231260736924
NOS1,15.455009788610145
NOS2,0.206324363651643
NOS2P1,0.3354345050980549
NOS2P2,0.3354345050980549
NOS3,0.37642833567730327
NOX1,0.011481925230672787
NOX3,0.09198887034239282
NOX4,0.1921709073333135
NOX5,0.012766020224020423
NPAS2,2.2112720970597883
NPC1,0.7829162134182132
NPC1L1,0.036903381576641706
NPR1,0.4555818297661476
NPR2,5.199858975073687
NQO1,49.086675420574565
NQO2,169.98956374071642
NR1D1,173.963557089715
NRF1,0.9020699889495845
NSD1,4.262417208679858
NSD2,0.8117852405670956
NSD3,0.8238692165195934
NSDHL,140.60891532260013
NSF,29.503429162209084
NT5C,75.77046743717875
NT5C1A,9.993143008685834
NT5C1B,0.011058747995841377
NT5C1B-RDH14,0.037698419756150243
NT5C2,55.48556775100021
NT5C3A,28.86777584718346
NT5DC3,2.6368415278069515
NT5E,0.5360216900889895
NT5M,8.736545080076436
NTAN1,1.403596222035611
NTRK1,0.1955576150310936
NTRK2,0.06809405473929746
NTRK3,0.014875395035016491
NUAK2,0.2339638692912887
NUDT10,0.011263421814990331
NUDT11,0.04584722631368174
NUDT12,4.470371349387902
NUDT2,13.962626346194714
NUDT3,24.99293143458619
NUDT4,10.427317979085993
NUDT5,11.275798310317766
NUDT9,9.073226155256329
OARD1,4.212604386114747
OAT,157.09441203835004
OBSL1,1.3764853619666237
OCRL,5.606962563087134
ODC1,7.092110170517519
OGA,13.207835039605774
OGDH,1943.6573762117362
OGT,48.421367939422254
OLAH,0.00941866435129197
OPLAH,32.059980707384625
OTC,2.3305572451444374
OTUD5,15.066791857841528
OXCT1,59.91104620978943
OXCT2,0.005416985501016218
OXSM,7.913871483640972
OXSR1,19.58855270493741
P4HA1,43.49085620586617
P4HA2,3.9090419308424114
P4HA3,0.011528863870301461
P4HB,228.24368592308065
PADI1,0.004751381923864803
PADI2,211.50508861391583
PADI3,0.0026646777934724976
PADI4,0.017008353944211147
PADI6,0.04144350590081053
PAFAH1B2,108.33215230175955
PAFAH1B3,30.319593370852324
PAFAH2,2.2160894090921404
PAH,0.00143105630384693
PAICS,64.52060473270865
PAK1,45.60412475846598
PAK2,59.52905375797864
PAK3,0.0356021316195026
PAK4,0.08081793146286372
PAK5,0.1843105272396382
PAK6,0.5467159636604961
PAM,0.33618417188532745
PAN2,8.779639695538004
PANK1,6.304301915386357
PANK2,1.3360994580943348
PANK3,2.612665901451345
PANK4,21.201940627100768
PAOX,0.9827623852007364
PAPOLA,1.6251773255986888
PAPOLB,0.0018601427220707888
PAPOLG,0.9517269526559669
PAPSS1,5.878866737420715
PAPSS2,1.2119750129021498
PARP1,52.21336115898318
PARP10,0.5457331798280732
PARP11,0.29223471402333356
PARP12,0.21806189676031618
PARP14,1.334658175143291
PARP15,0.48324246636283835
PARP16,1.0877538642264688
PARP2,7.756867827099494
PARP3,19.161048468816325
PARP4,0.6657180706920927
PARP6,24.239525315268335
PARP8,0.07635802964917562
PARP9,0.9631365992515056
PARS2,1.394748605611797
PASK,0.08270519694565993
PBK,0.07541857487508274
PC,24.01966297386595
PCBD1,35.45240635203485
PCBD2,9.017336256258156
PCCA,6.001602736519311
PCCB,4.077644092215692
PCK1,0.034412612809683434
PCK2,0.2555717138687979
PCMT1,721.378231209227
PCYOX1,75.27117463267926
PCYT1A,19.414337804243075
PCYT1B,0.0022046170002448197
PCYT2,12.017398071591593
PDE10A,0.03382042072428123
PDE11A,0.37631839587379384
PDE1A,0.18860721051779147
PDE1B,0.20709811053335692
PDE1C,0.026955775666575043
PDE2A,2.9720422654508547
PDE3A,0.15943720587530336
PDE3B,0.016866729744834597
PDE4A,16.004481412209827
PDE4B,13.701277535136144
PDE4C,0.5083132599558386
PDE4D,12.923647961198137
PDE5A,1.8095348528302524
PDE6A,0.02567973602528463
PDE6B,0.0010117085185859527
PDE6C,0.05996519682862289
PDE6H,0.006992650155481864
PDE7A,8.86596462557686
PDE7B,1.0650441586499735
PDE8A,4.0173537739225145
PDE8B,0.05587598138808737
PDE9A,0.37390145956650034
PDF,4.611737244455761
PDGFRA,2.863025476524748
PDGFRB,21.501747347261826
PDHA1,852.5608510228386
PDHA2,8.963593332760542
PDHB,314.1154061671274
PDHX,56.10291044181925
PDIA2,0.0578944513370314
PDIA3,247.29687058030586
PDIA4,48.33572486624687
PDIA5,3.489396154197052
PDIA6,76.16098920924328
PDK1,0.15587192933067137
PDK2,156.56176428099863
PDK3,0.22628954746066218
PDK4,1006.778075967216
PDP1,15.601133626343538
PDP2,0.29088143414630807
PDPK1,0.5481062400582545
PDPR,3.1978543682174263
PDXK,2.6877598912223237
PDXP,3.321310089145701
PDZD4,2.2861907652899776
PEAK1,1.7482387573540663
PECR,31.691608018811227
PEMT,7.595817585226859
PEPD,13.099303089961165
PEX11A,3.5750168051495
PFAS,18.11645466160723
PFKFB1,61.772934824202764
PFKFB2,1.8041534633522642
PFKFB3,53.42659856506792
PFKFB4,0.5652388907810846
PFKL,7.695236840693583
PFKM,1826.4367993599262
PFKP,47.47745453244492
PGAM1,5.000237002396096
PGAM2,92.14558842160893
PGAM5,24.78899809912682
PGAP1,0.16379580728544538
PGD,326.9818806140725
PGGHG,0.02991860446325157
PGK1,332.52603007549544
PGK2,0.010027395162513119
PGLS,123.86435112155964
PGLYRP1,0.042716627377955514
PGLYRP2,0.0011042224161660497
PGLYRP3,0.01572942767765221
PGLYRP4,0.2601296063498426
PGM1,5163.354015297132
PGM2,8.708365426779201
PGM2L1,2.3763010914061558
PGM3,10.410748785626549
PGP,192.93991632054093
PGS1,4.2070773671597514
PHEX,0.0038723186099491797
PHGDH,15.756131592313052
PHKA1,3.8031079515840234
PHKA2,2.494296431448669
PHKB,63.18323013023187
PHKG1,163.82188656271867
PHKG2,1.5678710443352857
PHLPP1,0.9436906362486869
PHLPP2,0.21623562280251885
PHOSPHO1,0.47745118286810334
PHPT1,111.27703153853689
PHYH,373.60422286805056
PHYKPL,4.360560040448118
PI4K2A,0.29504594973708415
PI4KA,0.6568318229498571
PI4KB,0.6871022214772077
PIGA,0.4803449584805578
PIGB,0.317773740268017
PIGC,1.5262257022431804
PIGF,1.167681824833218
PIGG,1.0016027981328006
PIGH,4.856375583745714
PIGK,2.350247051984192
PIGL,0.6746783655820747
PIGM,0.14872001345006497
PIGN,1.9428249296759093
PIGO,1.2183312627912994
PIGP,1.6579075398586554
PIGQ,2.4696135215896535
PIGS,9.715654478782836
PIGT,4.3398976846334385
PIGU,0.8106052784864946
PIGV,0.9597778043988539
PIGW,1.652626028205394
PIGX,0.7153966317170946
PIGY,0.3354345050980549
PIGZ,4.870626194073182
PIK3C2A,0.23261339990982965
PIK3C2B,3.6633113101178667
PIK3C2G,0.0012127528658661822
PIK3C3,0.031160087442091988
PIK3CA,2.1776138700385794
PIK3CB,0.40817127330314773
PIK3CD,0.18293518759422803
PIK3CG,0.0012108189307143786
PIK3R1,1.8388282233495008
PIK3R2,4.543277307318404
PIK3R3,1.2872837324931627
PIK3R4,9.884859494870692
PIK3R5,0.012423060545921497
PIKFYVE,1.8712781976516681
PIM1,12.08660656414487
PIM2,0.46994492639797014
PIM3,60.53232700438127
PIN1,293.31572986747165
PIN4,3.544800112092746
PINK1,229.97574224566017
PIP4K2A,0.518299111163826
PIP4K2B,15.290941664337089
PIP4K2C,2.8757557013669586
PIP5K1A,0.30615625580061556
PIP5K1B,0.030846783826890878
PIP5K1C,6.380722521110253
PIP5KL1,0.006066448029754413
PIPOX,0.13555315478288832
PISD,0.607193816507569
PJA1,2.7086997390150653
PJA2,23.651751424699768
PKLR,0.0034417475014581348
PKM,5492.744527145687
PKMYT1,0.037137737046903735
PKN1,54.4914151663999
PKN2,1.6731140070798298
PKN3,0.6978041396030723
PLA2G10,0.01016940972748643
PLA2G12A,0.9423240358833297
PLA2G12B,0.00413867820694008
PLA2G15,11.091531608932742
PLA2G16,32.64407485653548
PLA2G1B,0.3376251449588522
PLA2G2A,2.329123491937369
PLA2G2C,0.3354345050980549
PLA2G2D,0.02500478423298345
PLA2G2E,0.10480083352838437
PLA2G2F,0.017105401618544066
PLA2G3,0.005523758255777595
PLA2G4A,0.49302524111017226
PLA2G4B,2.9763183433384977
PLA2G4C,21.802450567940358
PLA2G4D,0.0022966008814281225
PLA2G4E,0.06551125719723747
PLA2G4F,1.2416980824870616
PLA2G5,0.011045821013931903
PLA2G6,1.7528202547195613
PLA2G7,0.9399122888957062
PLB1,0.17664561016789182
PLCB1,1.54404434334931
PLCB2,0.11063178317681181
PLCB3,0.3167678369005143
PLCB4,0.6915375219830415
PLCD1,1.1824069989343753
PLCD3,30.71982415959573
PLCD4,86.22839392916632
PLCE1,0.17063560743674935
PLCG1,0.5765944947157846
PLCG2,0.2029465276271681
PLCH1,0.0031305896409909643
PLCH2,0.004466187893010224
PLCL1,8.963295386703281
PLCL2,16.188545655392904
PLCXD2,0.01565936945429862
PLCZ1,0.07175189323406331
PLD1,0.17361175446304147
PLD2,1.6737736478952332
PLD3,6.731471294788108
PLD4,0.0018909856405225345
PLD6,2.033844028029763
PLG,0.005964295053897897
PLIN1,1.4620072775610966
PLIN2,60.38577014834087
PLIN3,66.50561339734409
PLIN4,339.1046339748596
PLK1,0.17732776026322522
PLK2,1.7612263175173681
PLK3,0.5165338874688474
PLK4,0.015575856270464301
PLOD1,5.425522761685359
PLOD2,2.594918135717861
PLOD3,3.7948248505128763
PLPBP,1.3790311261442316
PLPP1,5.389883230682263
PLPP2,2.123055391477898
PLPP3,4.2032094621878
PLPP4,0.019762828557283812
PLPP5,0.0656688155578048
PLPP6,0.050042688733332445
PLPP7,1.1305815492037874
PLPPR2,0.3307009692228308
PLPPR3,0.9307949846236876
PLPPR4,0.11900942508124815
PLPPR5,0.012456429933028047
PLTP,1.515111564350486
PLXNB3,0.04333894495887573
PMM1,1.608366384070258
PMM2,5.642811027352913
PMPCA,26.0579255529278
PMVK,242.41308598124874
PNCK,0.12278424661937377
PNKP,8.006758236141648
PNLIP,1.9015376682792093
PNLIPRP1,0.043062121812820625
PNLIPRP2,0.20530976185537178
PNLIPRP3,0.018139233522564087
PNMT,9.464271548039875
PNP,58.818869831870174
PNPLA2,345.23788064766626
PNPLA3,0.006717198047047596
PNPLA4,15.394211773137082
PNPLA6,0.5638574550717464
PNPLA7,4.027388427414207
PNPLA8,5.900426132967623
PNPO,9.43142242503339
PNPT1,3.7780025548459255
POLA1,1.373489035392679
POLA2,0.7715695732704405
POLB,23.988991958028194
POLD1,0.21292537135333695
POLD2,4.8459213586023635
POLD3,0.08649725231195195
POLD4,29.29946553062427
POLE,0.032326306967089304
POLE2,0.07359389912261231
POLE3,34.91815311819906
POLE4,3.299270134022862
POLG,15.333465054491658
POLG2,1.66696993142711
POLH,1.1202734970892159
POLI,0.677793709380552
POLK,2.0567371138398234
POLL,3.7889515307199746
POLM,3.7269156465569666
POLN,0.05253438298391374
POLQ,0.008347977049747244
POLR1A,0.45169543377295945
POLR1B,0.21823780782003366
POLR1C,2.5695781767672723
POLR1D,14.764975123273384
POLR1E,7.458356826919829
POLR2A,1.3749515720676226
POLR2B,12.856306846716528
POLR2C,60.915388100319745
POLR2D,12.926397491607322
POLR2E,84.45641973573423
POLR2F,2.99771842053281
POLR2G,5.412630164238239
POLR2H,43.45802444951703
POLR2I,45.401293835060315
POLR2J,24.749701779690138
POLR2K,10.004226192286163
POLR2L,157.40047872941824
POLR3A,0.18760218202787846
POLR3B,0.9134191675940005
POLR3C,0.18777599164491005
POLR3D,4.450786010534241
POLR3E,19.065382736902432
POLR3F,2.3608240970647207
POLR3G,0.3175826884800706
POLR3GL,111.12862934321942
POLR3K,11.318659529790095
POLRMT,8.058522185289373
POMGNT1,17.539373782209797
POMT1,6.224072630592331
POMT2,2.2773016546421765
PON3,0.02484672129032095
POR,19.183955225256607
PPA1,587.4708891555196
PPA2,74.9909770114395
PPARA,11.114200034474429
PPAT,1.971579581841992
PPCDC,1.0226571844593855
PPCS,31.013069465646236
PPEF1,0.0019865229646126707
PPEF2,0.015431326793844085
PPIA,22.89494296107753
PPIAL4A,0.3354345050980549
PPIAL4C,0.3354345050980549
PPIAL4E,0.3354345050980549
PPIAL4G,14.599809906673197
PPIB,207.74336896675274
PPIC,19.989211060064715
PPID,924.4834743777218
PPIE,4.63941545227215
PPIF,244.43136617598554
PPIG,4.930715095118149
PPIH,150.883976752888
PPIL1,33.07478184701236
PPIL2,0.5743714700863878
PPIL3,20.503754683058656
PPIL4,0.9117574418696114
PPIL6,0.5473114116458433
PPIP5K1,1.8256995420035074
PPIP5K2,0.3502424026470702
PPM1A,2.6647401676556823
PPM1B,44.02272954549306
PPM1D,1.214092972848571
PPM1E,0.6236199459250633
PPM1F,5.4474362623027375
PPM1G,12.806080532750709
PPM1K,3.5714590555157617
PPM1M,0.9503865552899471
PPOX,1.572347218496434
PPP1CA,104.33358979977095
PPP1CB,432.4268230787418
PPP1CC,47.7529265847655
PPP1R1A,520.2908724225924
PPP1R1B,0.0934626438883321
PPP1R2,130.22828145409008
PPP1R3A,122.01451357522882
PPP1R3B,87.4776715142884
PPP1R3C,623.1904770385181
PPP2CA,65.00938402815626
PPP2CB,35.22012547480083
PPP2R1A,326.883364641561
PPP2R1B,4.510887119880171
PPP2R2A,74.05612158065689
PPP2R2B,0.0011708396667578687
PPP2R2C,0.026145043144818317
PPP2R3A,55.416806388212436
PPP2R3B,119.18330972929967
PPP3CA,380.32747706151486
PPP3CB,155.44497154130283
PPP3CC,25.776542065888602
PPP3R1,198.36825400550435
PPP3R2,0.034775585994575184
PPP4C,27.52322370404314
PPP5C,35.20489653492908
PPP6C,188.14247849062184
PPT1,0.9657058377778444
PPT2,11.60394448016322
PPWD1,7.537464365978544
PRAG1,0.3354345050980549
PRDX1,8106.554835917458
PRDX2,10188.07408592098
PRDX3,170.09440170319616
PRDX6,1663.2874984504435
PREP,152.9376973713947
PRKAA1,6.807541321535586
PRKAA2,25.654467733709478
PRKAB2,74.08939276888633
PRKACA,1350.414471522831
PRKACB,6.16964460459805
PRKACG,5.25292276820224
PRKAG2,1.6594172046769537
PRKAR1A,13.034583005856396
PRKAR1B,1.0083842964625167
PRKAR2A,54.5309324861704
PRKAR2B,2.525896328393952
PRKCA,3.707182246307282
PRKCB,0.003439733005185557
PRKCD,0.17135869718909466
PRKCE,0.9510567034829183
PRKCG,0.005873805211616217
PRKCH,1.3998422179240748
PRKCI,1.3971785203050726
PRKCQ,72.96871657791469
PRKCSH,68.36476933705005
PRKCZ,0.005492570207831604
PRKD1,0.08532198391897601
PRKD2,1.5887831479753165
PRKD3,5.759203639334187
PRKDC,0.6577737573764837
PRKG1,12.865135032053661
PRKG2,0.0008977809804947867
PRKN,0.21524163632635238
PRKX,0.25147986982060483
PRKY,1.040387530498531
PRODH,20.21774242356857
PRODH2,0.047452249121563574
PRPF19,154.7346978941457
PRPF4,75.76319452454511
PRPF4B,17.86404135423899
PRPS1,581.469976178776
PRPS1L1,0.004364197159747427
PRPS2,0.2528927367221562
PRRT2,1.4034829410417682
PSAP,27.80111722181052
PSAT1,7.194669441708223
PSKH1,5.105598210461731
PSKH2,0.006105135411802133
PSPH,151.11840510454192
PSPHP1,0.3354345050980549
PTDSS1,5.846023269899488
PTDSS2,6.468444780109073
PTEN,1.9090569975528306
PTGDS,19.167226523871644
PTGES,0.7050303315957452
PTGES2,193.4579127859196
PTGES3,1581.3701239374989
PTGIS,8.417527453173406
PTGR1,68.0682470365378
PTGS1,1.2233133794065167
PTGS2,0.013744338086622109
PTK2,0.7933751236316363
PTK2B,0.5634405971805432
PTK6,0.020938834580498077
PTK7,0.05793443998042258
PTP4A2,2.82458030739858
PTP4A3,1121.0091268337728
PTPDC1,1.3773150148919853
PTPMT1,9.171455966360666
PTPN1,9.932172276897576
PTPN11,17.90680237438256
PTPN12,1.4316169915687686
PTPN13,0.22985014157446232
PTPN14,4.506792806887155
PTPN18,2.717085394069802
PTPN2,2.262414423303555
PTPN21,3.637399610747686
PTPN22,0.05380044400982047
PTPN23,7.191332681748631
PTPN3,41.94877297060574
PTPN4,1.7887969839888032
PTPN5,0.04178677953184355
PTPN6,0.07585029524262815
PTPN7,0.006021000922700357
PTPN9,0.07422714291073372
PTPRA,0.07295164462491184
PTPRB,0.5574551547322439
PTPRC,0.0562052260916267
PTPRD,0.05503646376044383
PTPRE,0.11972087618905518
PTPRF,0.13954240903952472
PTPRG,1.0117787099787097
PTPRH,0.0017993011969847943
PTPRJ,0.05492716216294281
PTPRK,0.8177955982195607
PTPRM,17.76465054823668
PTPRN,0.02967433630952127
PTPRN2,0.09472959554567094
PTPRO,0.0037754761998737593
PTPRQ,0.03494084248339459
PTPRR,0.0036281490509581845
PTPRS,2.4663264372583984
PTPRT,0.0004491571231569297
PTPRU,10.215303722736277
PTPRZ1,0.004617964911088726
PTRH1,3.6986971557002746
PTRH2,89.68245042728933
PTS,14.428500450780412
PUS1,2.0385015734525194
PXDN,0.22300945237994613
PXDNL,0.06441630993802801
PXYLP1,0.3900283303635837
PYCR1,2.753206685479669
PYCR2,189.4517586082608
PYCR3,18.52640291410028
PYGB,63.42782372819229
PYGL,0.9772708487710214
PYGM,18809.771474007663
PYURF,0.3559359512962261
QARS,398.37990143473866
QDPR,882.6116847629964
QPCT,0.9343333992176296
QPRT,0.5844964139882548
QTRT1,11.318659529790095
QTRT2,3.0803803903498332
RAD1,0.9525241644357455
RAD18,0.24474185721659886
RAD9A,1.3635467771849596
RAF1,1.0308259678333982
RAG1,0.0030204537967284156
RALBP1,14.632590953666858
RARS,102.68067172392504
RARS2,5.302271430539605
RBBP6,0.23018374932893962
RBKS,1.3123609622475982
RBP1,13.06889694490961
RBP2,0.005977893994184738
RBP4,0.3600147455888823
RCHY1,7.042200856180876
RCL1,3.5246317369669846
RDH10,1.8380360827427342
RDH11,27.940513251674194
RDH12,2.8014768219166952
RDH13,1.6509580507536044
RDH14,16.06862714666557
RDH16,0.13688015487164337
RDH5,5.52970596257046
RDH8,0.3354345050980549
REG3A,0.005226808366624184
RENBP,0.07985333102618337
RET,0.21404079010288005
REV3L,2.8520023943427355
RFC5,4.924776670729996
RFK,5.46343457291545
RFWD3,0.41246006564354515
RGL1,0.7861320848555924
RHAG,0.3012257575781964
RHBG,0.0032097702104277527
RHCG,0.10906872726730392
RING1,13.90313626634036
RIOK1,0.32287180264204784
RIOK2,0.11909764022892928
RIOK3,32.872623822333054
RIPK1,2.0293594815128575
RIPK2,0.16567085772375625
RIPK3,0.7543579274963838
RIPK4,0.005138852311243878
RIPOR1,1.8350848174091228
RNF103,4.8060950923082135
RNF115,16.127140922095293
RNF123,119.08918161231732
RNF125,0.10856281375869284
RNF126,35.64137455869116
RNF128,3.413912623337321
RNF13,11.76436396023185
RNF130,4.546086410252545
RNF133,0.0030204537967284156
RNF138,1.0472241952353665
RNF139,8.747314482411934
RNF14,8.974123923443392
RNF144A,2.069391182384896
RNF144B,16.028997288525574
RNF146,34.81442173409144
RNF149,2.902953784945767
RNF152,0.3269203682418495
RNF167,73.34186932349127
RNF180,0.43172585848972617
RNF182,0.06085739281304362
RNF185,6.515941227319941
RNF187,74.80444560021904
RNF19A,6.961066506089142
RNF19B,2.8139159835927705
RNF2,2.5557614169551384
RNF20,1.3232096394279373
RNF216,7.01650369583914
RNF217,1.2894291496905528
RNF25,6.9590150839757206
RNF31,19.896195819700257
RNF40,0.43228677236847185
RNF41,12.666617174054014
RNF5,101.24748887366002
RNF8,2.7313537103824794
RNGTT,1.6344986294668817
RNMT,25.13322564695764
ROCK1,1.563138781157556
ROCK2,12.685371465458934
ROR1,0.12084075214813228
ROR2,0.004164811129922056
RORA,6.925185301859016
ROS1,0.003624074599777545
RPAP2,0.9961846558977168
RPE,13.25327498272278
RPE65,0.011728131313476612
RPIA,33.50785611848327
RPL14,998.4660968069744
RPN1,136.1798055459743
RPN2,137.67008000589766
RPP14,63.75465373764037
RPS6KA1,1.005557729827462
RPS6KA2,6.034996505012518
RPS6KA3,4.092966228152076
RPS6KA4,0.4087528140025489
RPS6KA5,2.349433853955918
RPS6KA6,0.039193257323492756
RPS6KB1,1.3990533977100275
RPS6KB2,30.898615951191974
RPS6KC1,0.23038916933780693
RPUSD4,5.713426921526674
RRM1,16.730149995278634
RRM2,0.1181735513570546
RRM2B,13.205296697733884
RTCA,15.955473747224152
RWDD2A,0.5640398922308498
RXRA,33.02994869396807
RYK,7.574922500674483
SACM1L,2.3331825465025338
SAE1,82.02044739131343
SAP130,0.29688000605197856
SARDH,0.022189363342207103
SARS,123.9979298280042
SARS2,12.550151301307613
SAT1,9.43142242503339
SAT2,103.94603067789791
SBK1,20.605045766193246
SC5D,2.30966110269837
SCARB1,3.1692188025710726
SCARF2,1.5321603338827208
SCD,2.164021766737703
SCD5,0.11483719979210504
SCLY,1.0151755601334944
SCP2,118.11226972926308
SDC1,0.05948564376372795
SDHA,955.6086194134521
SDHB,629.9905624705453
SDHC,29.777847190654395
SDHD,8.410179137870296
SDR16C5,0.002573463244144879
SDR42E1,0.0027067100461779336
SDR42E2,0.024264073475629432
SDR9C7,0.27187326251689065
SDS,2.0311895451289397
SDSL,0.0792225029068949
SEC11A,151.75132202973518
SEC11C,0.43257231742561336
SELENOI,0.1784505883933933
SEPHS1,254.91708022681067
SEPHS2,31.251718421880263
SERPINA1,0.2581552794530991
SERPINA3,0.3039489263952122
SETD1A,0.15270647065971438
SETD1B,2.0876104143386285
SETD2,0.028710301966098164
SETD5,11.523911803598335
SETD7,7.802255349348779
SETDB1,0.11608564102111518
SETDB2,0.6572894561772477
SETMAR,2.3526870070132597
SFXN3,145.4889930540102
SGK1,3.108659832637952
SGK2,0.011800862717512822
SGK3,0.5604461674961349
SGMS1,1.3109251954795211
SGMS2,0.28139467571430477
SGPL1,5.250233839300487
SGPP1,1.0151755601334944
SGPP2,0.04410215651950373
SGSH,2.63098013732796
SH3RF1,1.3288963724779395
SH3RF2,7.532126103292085
SH3RF3,1.1571880701254507
SHMT1,91.97935346815179
SHMT2,184.57107026302694
SHPK,0.9390095255993284
SHPRH,0.4426234081303133
SI,0.18373547314711697
SIAE,20.773363567244353
SIAH1,1.0946557539736246
SIAH2,5.649109682019624
SIK2,14.933831655329529
SIK3,2.0011937794552983
SIN3A,1.1907184406360056
SIN3B,0.05960655390427967
SIRT1,3.4262486541168724
SIRT2,256.50710799053513
SIRT3,12.213708939881366
SIRT5,12.561787530155565
SIRT6,2.7254765863576704
SIRT7,1.0117787099787097
SLC10A1,0.004678117123924836
SLC10A2,0.006894336890647624
SLC10A6,0.21755481559390002
SLC11A1,0.1322038624221949
SLC11A2,3.670466278692445
SLC12A1,0.12604246262781418
SLC12A2,1.3901536623642259
SLC12A3,0.3836436624241189
SLC12A4,0.1532809456424741
SLC12A5,0.00537484480032935
SLC12A6,0.05836323799321367
SLC12A7,0.24597121669613103
SLC13A1,1.3898493503991496
SLC13A2,0.9791894450655247
SLC13A3,0.20039698518055205
SLC13A4,0.12049593756426949
SLC13A5,0.02303209992078135
SLC14A1,0.011599348481364883
SLC14A2,0.0016172129207134229
SLC15A1,0.09490302837853704
SLC15A2,0.08823013864273523
SLC15A3,0.4682163330675026
SLC15A4,10.494462695725623
SLC16A1,33.55952664913356
SLC16A10,2.757413444955941
SLC16A2,0.5153577875716836
SLC16A3,90.48439043977967
SLC16A7,0.03280572488785246
SLC16A8,0.08493798284150875
SLC17A1,0.06505057075080632
SLC17A2,0.014797084619435076
SLC17A3,0.0480606884147512
SLC17A4,0.0006863355990694884
SLC17A5,1.817998237643824
SLC17A6,0.03561924497624714
SLC17A7,0.49661871347245473
SLC17A8,0.023326127399307364
SLC18A1,0.0009269016023420764
SLC18A2,0.834704368986696
SLC18A3,0.001569368611662084
SLC19A1,0.2245208430813625
SLC19A2,73.12132077984711
SLC19A3,0.01561203359267011
SLC1A1,0.08461823623588505
SLC1A2,0.045777146473484936
SLC1A3,5.91131961922054
SLC1A4,3.944227776377634
SLC1A5,2.2442349524254905
SLC1A6,0.010472598669226698
SLC1A7,0.8249402766993311
SLC20A1,5.078734469553311
SLC20A2,33.79020883603545
SLC22A1,0.12179007662806031
SLC22A10,0.10034501076203277
SLC22A11,0.0008577690462359219
SLC22A12,0.0024791779431248
SLC22A13,0.02060744446233728
SLC22A16,0.1415176491516722
SLC22A18,0.21102466952855786
SLC22A2,0.02017127955100426
SLC22A3,4.376344249412082
SLC22A4,0.4059684915971259
SLC22A5,11.148221212624666
SLC22A6,0.006384302921311685
SLC22A7,0.021652732397789542
SLC22A8,0.009651632521694977
SLC22A9,0.11807453767167743
SLC23A1,0.00839914202616077
SLC23A2,0.8510321817723134
SLC24A1,0.17119279602159168
SLC24A2,0.014839590000701999
SLC24A3,14.668670434616798
SLC24A4,0.0008257168995848442
SLC25A1,53.212021487470814
SLC25A10,1.6745299819809738
SLC25A11,4828.842210540013
SLC25A12,3497.9205523842033
SLC25A13,36.20545699224959
SLC25A14,0.4791869996414425
SLC25A15,1.9529808651785199
SLC25A16,0.8412273754894638
SLC25A17,1.1471422088177106
SLC25A18,0.46706469479567303
SLC25A19,2.914870131094148
SLC25A2,0.0030970665169849647
SLC25A20,26.211583952046286
SLC25A21,0.053945546018062944
SLC25A22,0.2508244718006752
SLC25A26,6.5027964814602175
SLC25A27,4.677588519010336
SLC25A28,19.98611769139854
SLC25A29,1.6775560486202177
SLC25A3,4896.394931755118
SLC25A37,14.596530483748552
SLC25A4,8156.650489098255
SLC25A5,312.30436666650456
SLC25A6,64.02276819756474
SLC26A1,0.050987831752690845
SLC26A11,1.041070765915409
SLC26A2,0.6338469618993265
SLC26A3,0.07518743022384153
SLC26A4,0.04525228000304484
SLC26A6,5.022228186629921
SLC26A7,0.06756056053456003
SLC26A8,0.012830046212958557
SLC26A9,0.31417301320411567
SLC27A1,2.935116149348197
SLC27A2,0.0017817820034725107
SLC27A3,0.6753011887840296
SLC27A4,0.6840254454833465
SLC27A5,0.2720783873869897
SLC27A6,0.03411624203297336
SLC28A1,0.4381892765339773
SLC28A2,0.0011126026563178194
SLC28A3,0.12047573912448373
SLC29A1,76.10206783389151
SLC29A2,115.76734707556761
SLC29A3,0.05048644570907301
SLC29A4,0.15574091550400257
SLC2A1,2.367959062683561
SLC2A10,0.43149944538262713
SLC2A11,4.2291947438190824
SLC2A12,2.1552365860446705
SLC2A13,0.06261271515491058
SLC2A14,0.040110564211546185
SLC2A2,0.7271472329221568
SLC2A3,16.978891171939264
SLC2A4,252.07934110714126
SLC2A5,10.51686472464918
SLC2A6,0.24649800605666966
SLC2A7,0.02769435809366143
SLC2A8,7.048371161896178
SLC2A9,0.04017869291698603
SLC30A1,0.4044048662278586
SLC30A6,1.8303236627855863
SLC30A7,2.3128304493740015
SLC31A1,0.9517269526559669
SLC32A1,1.4740945089441455
SLC33A1,101.5990903375911
SLC34A1,0.052920680058348275
SLC34A2,0.011027728672646673
SLC34A3,0.004032097167777186
SLC35A1,6.0931741207001995
SLC35A2,1.178897428628766
SLC35A3,0.8575821806894954
SLC35B2,0.25628394341107796
SLC35B4,0.543740804927469
SLC35C1,0.9390095255993284
SLC35D1,1.3838471153615113
SLC35D2,0.5407691228128975
SLC36A1,0.2737719281181211
SLC36A2,27.77391217120385
SLC36A4,0.22491468749532992
SLC37A1,1.6631926513880173
SLC37A4,33.60338792559644
SLC38A1,4.461042704459112
SLC38A2,60.07662209255107
SLC38A3,36.633303669377604
SLC38A4,3.2117580696747092
SLC38A5,0.05963135148387473
SLC39A7,6.182118560024402
SLC3A1,0.008194884841134077
SLC3A2,11.741458483818539
SLC40A1,33.14446754547067
SLC41A1,26.9903308218834
SLC41A2,0.04732416493088421
SLC43A1,4.546086410252545
SLC43A2,1.0438046660856823
SLC46A1,0.5520799759031052
SLC47A1,11.626832689285388
SLC47A2,0.002514917645297842
SLC4A1,0.045917329065201316
SLC4A10,0.0003941277179404983
SLC4A2,2.526462413123061
SLC4A3,0.14275149808685125
SLC4A4,1.4356080917049052
SLC4A5,0.2749022018295469
SLC4A7,0.2577331537832037
SLC4A8,0.0023819283371293814
SLC4A9,0.006075546210875204
SLC51A,0.40854010114197287
SLC51B,0.055145811790448
SLC52A1,0.010775104781625428
SLC52A2,1.40275463468757
SLC52A3,0.014089265733278395
SLC5A1,0.03543761386116594
SLC5A10,0.2452712501917088
SLC5A11,0.04144974318344057
SLC5A12,0.42464673261698827
SLC5A2,0.522973249028127
SLC5A3,0.1255683507315296
SLC5A5,0.5616045239532865
SLC5A6,5.622637326816531
SLC5A7,0.07302190367296232
SLC5A8,0.0045643987156004
SLC5A9,0.015447988559389515
SLC6A1,0.22397954814469329
SLC6A10P,1.0547555626730514
SLC6A11,0.006405002429776034
SLC6A12,0.015726248658947405
SLC6A13,0.12660387665751519
SLC6A14,0.004128202851240395
SLC6A18,0.020564936803086797
SLC6A19,0.001404390559019339
SLC6A2,0.010411298265192928
SLC6A20,0.02051001884731344
SLC6A3,0.0007890732379620702
SLC6A4,0.0051608113797469365
SLC6A5,0.10319845039380167
SLC6A6,0.45206032673972496
SLC6A7,0.0048725806775569876
SLC6A8,115.11287554196021
SLC6A9,0.05354671680035513
SLC7A1,0.5012895452104082
SLC7A10,0.02552503180172142
SLC7A11,0.026736981491231073
SLC7A2,123.96679339520585
SLC7A3,0.004117733175905627
SLC7A5,1.4395943466393697
SLC7A6,9.915634389883339
SLC7A7,0.11761642643131666
SLC7A8,9.838255098998172
SLC7A9,0.003833106431601038
SLC8A1,0.02450903844705847
SLC8A2,0.01186382364651439
SLC8A3,3.697323954573407
SLC8B1,1.7949362071235904
SLC9A1,2.070974106953269
SLC9A2,2.229750615380305
SLC9A3,0.07761091151376684
SLC9A4,0.314551529377227
SLC9A5,0.7983780155994368
SLC9A7,1.2183312627912994
SLC9A8,4.823158934709772
SLCO1A2,0.0007027896971651241
SLCO1B1,0.5745214485775751
SLCO1B3,0.006039170995763253
SLCO1C1,0.001808074512139926
SLCO2A1,0.13586254078369822
SLCO2B1,0.22525942236908283
SLCO3A1,1.408583347062221
SLCO4A1,9.95990923015401
SLK,11.140671364674029
SMARCD3,71.49707138521555
SMG1,0.8453418328765009
SMPD1,26.27969958095872
SMPD2,0.5853956713171254
SMPD3,0.20289835933847858
SMPD4,3.4593971431755532
SMS,85.64696159199922
SMURF1,2.877453976588503
SMURF2,1.2594631220295902
SMYD3,2.2520242657224774
SNRK,3.090540999685848
SOAT1,0.4599147260317983
SOAT2,0.3336611291146565
SOD1,1387.6753646941206
SOD2,97.82364352583693
SOD3,8.003592496826943
SORD,0.46706469479567303
SPCS1,69.37717616332851
SPCS2,83.11219801296228
SPCS3,112.70216838000292
SPEG,149.78798667942613
SPHK1,0.6148588882179759
SPHK2,0.23267981781110228
SPR,447.4953376510144
SPRYD3,8.822779586319598
SPTLC1,3.780186517566807
SPTLC2,0.2654226180167926
SPTLC3,0.016793185388502198
SQLE,0.02114885804492778
SRC,0.2751808821006508
SRD5A1,0.4937042007447935
SRD5A2,0.006677710292496618
SRD5A3,0.34440675770991824
SREBF1,28.07762333171205
SRM,412.1442873006848
SRMS,0.006863967047083762
SRPK1,1.8379713797818362
SRPK2,1.981947982405567
SRPK3,70.58687507809674
SSH1,5.052858888023027
SSH2,12.098149568413708
SSH3,1.914760080603655
SSR4,50.67623098192938
SSU72,185.88805003381248
ST3GAL1,25.600252281037715
ST3GAL2,6.6152144813865155
ST3GAL3,56.425728779655145
ST3GAL4,0.7210949725186513
ST3GAL5,7.466467044789689
ST3GAL6,0.6703220482519205
ST6GAL1,1.235315908221609
ST6GALNAC1,0.05304003348428593
ST6GALNAC2,8.639748395978877
ST6GALNAC3,0.12612505771525698
ST6GALNAC4,7.350044486581645
ST6GALNAC5,0.004449154505767412
ST6GALNAC6,21.319149074672392
ST8SIA1,0.014490777472941512
ST8SIA4,0.057931292052531135
ST8SIA5,2.21368047289435
STAMBP,7.528894953128073
STAMBPL1,0.16374979670744286
STARD3,5.818368729894346
STK10,0.055160243490786354
STK11,70.99109889982813
STK16,0.28113420160985336
STK17A,2.067808516662725
STK17B,0.16351978528684294
STK19,1.4440826019640485
STK24,6.636528991527437
STK25,6.171529875305012
STK26,0.629690691282171
STK3,3.236298794081214
STK31,0.001557455742261305
STK32A,0.03603570984842758
STK32B,0.026487399053250062
STK32C,0.7951514810655106
STK33,0.6902856506690924
STK35,2.704508991012672
STK36,1.3940212709428756
STK38,3.267260721305429
STK38L,2.623484644187642
STK39,7.747413055301541
STK4,0.124434916741096
STRA6,0.00046695856295233266
STS,1.134173441327827
STT3A,1.5105984540576225
STT3B,42.09942986709895
STUB1,90.07265590328267
STYK1,0.005880581676718145
STYXL1,2.343743153388712
SUCLA2,623.4112917064255
SUCLG1,696.2226147126738
SUCLG2,1616.7520498610772
SULT1A1,1.778064181201942
SULT1A2,0.062313184587203065
SULT1A3,0.011323160815668257
SULT1B1,0.026425081748531646
SULT1C2,0.002957900480092845
SULT1C4,0.14498916356652347
SULT1E1,1.3273511575593253
SULT2A1,3.553854432798619
SULT2B1,0.040724610082787875
SULT4A1,0.013909783834100534
SUOX,18.773230299750278
SUV39H1,1.0438046660856823
SUV39H2,0.21745703880623965
SYK,0.03189495271522176
SYNJ1,0.01994755978144205
SYNJ2,0.011178962684592557
SYVN1,0.3079043009354766
TAF1,2.5033599606022423
TALDO1,62.98603674606375
TAOK1,1.4195902471235704
TAOK2,4.443329769079688
TAOK3,2.3983318233040305
TARS,75.93075894947125
TARS2,1.7323144211859647
TARSL2,25.150703950617256
TAT,0.00743156864168309
TBCB,39.0495978688577
TBK1,0.36740346516484823
TBL1X,1.9326273991692113
TBL1XR1,2.9706208589724987
TBXAS1,0.00852612295412089
TCIRG1,5.514854596832179
TDO2,0.036270215787805926
TECR,381.3129127057012
TECRL,9.628882138834292
TENT2,0.15316461371698084
TENT4A,0.45357387630786017
TESK1,33.87650848986058
TESK2,2.8342151128509983
TFRC,190.17191868224822
TGDS,0.9900967695668682
TGFBR1,1.3889322012808856
TGFBR2,10.215303722736277
TGM1,0.08310297448597133
TGM2,6.637544333754412
TGM3,0.0657761446035304
TGM4,0.002411762543081553
TGM5,0.0077105518581882925
TGM6,0.018105422639918517
TGM7,0.0016601886029631214
TGS1,2.2902337161011777
TH,0.008015840637303399
THNSL1,1.8380360827427342
THTPA,4.459071446202092
TIAM2,0.20569615071269493
TICRR,0.006603515807284834
TIPARP,1.9139817496622065
TK1,0.605107191724271
TK2,2.01100590749677
TKFC,17.655218887752373
TKT,3.6642055179215416
TKTL1,0.015206770329195223
TKTL2,0.3040568295727089
TLK1,2.0354211009387644
TLK2,0.19402356431820642
TM7SF2,2.071765666269383
TMEM91,0.39332933642395235
TMLHE,4.670994418155304
TMX3,2.717085394069802
TNFRSF21,1.245246770196632
TNIK,5.579554267128772
TNK1,0.06486891284293221
TNK2,24.400360758461968
TNKS,4.537660215529451
TNKS2,29.914526022665754
TNNI3K,0.5413631805832299
TNS2,1.434061794943761
TOPORS,1.673017386876887
TP53RK,1.5574372650747397
TPH1,0.05296773433326278
TPH2,0.08567194949607831
TPI1,32109.058353086042
TPI1P2,0.08238726907785433
TPK1,0.34916014757134595
TPMT,6.852519811421694
TPO,0.20419976019855837
TPP1,12.492004776772145
TPSAB1,0.13493483570553527
TPSB2,0.1563784534372011
TPSD1,5.340733439554472
TPST1,0.7643200172544578
TPST2,3.2779760190862395
TPTE,0.3354345050980549
TPTE2,0.043963179118788685
TRAF7,8.251698622380673
TRDMT1,0.1745906936858662
TREH,0.010002266600942927
TREX1,0.8795647878542452
TREX2,0.03372193619903126
TRHDE,0.026238318442332546
TRIB3,1.1767927578005155
TRIM11,0.21823951608241202
TRIM32,1.095183400178785
TRIM33,1.348889075632622
TRIM63,207.68145835793803
TRIO,0.45381460145398
TRIP12,8.834050833893247
TRIT1,2.596040377200525
TRMT1,3.2196678749336636
TRMT11,2.6376466334939126
TRMT1L,11.833258979023778
TRMU,2.4466236216902186
TRPM6,0.014452434556475177
TRPM7,2.021236865862015
TSSK1B,0.20447763106973466
TSSK2,0.0231714118888251
TSSK3,0.699058911842113
TSSK4,0.10503559567801438
TSSK6,0.024601035727977786
TST,20.437021437340572
TSTA3,36.32396614938255
TTC3,10.27100658222832
TTK,0.0011125867041475296
TTL,1.3373064479795957
TTLL10,0.05807870499621543
TTN,670.763012642944
TUSC3,0.11457934894241817
TUT1,0.23165975978682474
TUT4,0.6950417161591614
TUT7,0.1907089895411479
TXN,237.18586780603786
TXN2,64.43703138717682
TXNRD1,87.64369825193711
TXNRD2,4.553579165734212
TXNRD3,0.8568633713673913
TYMP,3.334837824782188
TYMS,3.4518305823086153
TYR,0.1046323172264974
TYRO3,0.09142690140004565
TYRP1,0.396884135566624
UAP1,21.30480179687291
UAP1L1,0.7356548910943139
UBA1,298.1078074680946
UBA2,99.51029808349674
UBA3,31.843582170796292
UBA6,18.589327560464866
UBA7,1.8272406376857824
UBE2A,37.19337587409884
UBE2B,124.55566684880199
UBE2C,0.21950739847787604
UBE2D1,45.060013046766414
UBE2D2,30.52281483024424
UBE2D3,572.526738877063
UBE2D4,52.161098873826525
UBE2E1,19.281939225734572
UBE2E2,0.7384951705614508
UBE2E3,12.143357589295945
UBE2F,1.3485549229838976
UBE2G1,54.225673299860034
UBE2G2,8.380363777034388
UBE2H,168.90250524302897
UBE2I,151.07478029570987
UBE2J1,1.859355470518387
UBE2J2,8.123202214883522
UBE2K,209.0747572386497
UBE2L3,848.2998508169767
UBE2L6,2.588039592948042
UBE2M,146.4424545437324
UBE2N,11.66118307054724
UBE2NL,0.3354345050980549
UBE2O,12.387486823073655
UBE2Q1,1.7493722346597995
UBE2Q2,1.2046616931984366
UBE2QL1,16.71867258799769
UBE2R2,18.450043646083028
UBE2S,2.4613975668198678
UBE2T,2.197589746650842
UBE2U,0.023784263818109993
UBE2W,1.268009456419352
UBE2Z,14.714019671089938
UBE3A,34.0196600849397
UBE3B,9.071706273063505
UBE3C,6.049593502859768
UBE4A,0.3422155922720961
UBE4B,2.9421186031261413
UBLCP1,17.781757342398336
UBR1,0.5414520127112901
UBR2,4.088223558851743
UBR3,0.13858768732790755
UBR4,6.092202502379318
UBR5,0.45216879351229833
UBR7,6.30530617002937
UCK1,8.578434785827397
UCK2,1.1340973050630017
UCKL1,43.430158824302936
UCP1,0.058364989262093596
UCP2,46.36382513642085
UCP3,127.62355727152448
UEVLD,2.7464787284944667
UGCG,2.5844160321839107
UGDH,6.061937812630024
UGGT2,0.4498634249675966
UGP2,5124.978387014157
UGT1A1,0.5818457107151666
UGT1A10,0.012883453453375798
UGT1A3,1.0114790584917612
UGT1A4,0.0951329295757727
UGT1A5,0.4044927492424471
UGT1A6,0.17846484523713252
UGT1A7,0.817507176308654
UGT1A8,0.1293154038699776
UGT1A9,0.11549856641655931
UGT2A1,0.3354345050980549
UGT2A3,0.0028066134228153456
UGT2B10,1.2536713325042186
UGT2B11,0.23720441855058141
UGT2B15,0.6704297803167216
UGT2B17,0.031150949447746545
UGT2B28,0.6936387983112186
UGT2B4,0.0036526162860691016
UGT2B7,0.00413239231233821
UGT3A1,1.2310650364948004
UGT3A2,0.007977239903851753
UGT8,0.006584994924847128
UHMK1,6.876041384057669
UHRF1,0.05228357260999728
UHRF2,2.3852713265677066
ULK1,28.97904838711055
ULK3,19.460671427811853
ULK4,0.02999403159128661
UMPS,18.75101567207063
UPB1,0.09813956826581095
UPP1,1.4282369187257755
UPP2,0.3354345050980549
UPRT,1.9245268713965002
UQCR10,135.0676531312365
UQCR11,217.91070302431172
UQCRB,309.07368403779014
UQCRC1,5872.6064716985275
UQCRC2,8845.208554533407
UQCRFS1,2149.1351980089175
UQCRH,112.0442060598695
UQCRQ,231.1937305216335
UROC1,0.010207521703970336
UROD,24.03836502734865
UROS,19.039939930781898
USP1,2.563686070678707
USP10,5.029746904720891
USP11,14.704768899820046
USP12,3.5128658909819483
USP13,107.2667285608044
USP14,71.56996773678406
USP15,6.709065515012074
USP16,24.01206535587295
USP17L2,0.005116913287504835
USP17L22,0.04998256910149056
USP17L30,0.050968258904732194
USP17L5,0.050968258904732194
USP17L9P,0.3354345050980549
USP18,0.35870845070947244
USP19,2.1676116301970727
USP2,128.02489014473815
USP20,3.4262486541168724
USP21,11.182264604019988
USP22,61.00508159278423
USP24,4.1277020212395
USP25,0.2891918336573509
USP26,0.08118014005684498
USP28,26.252448793830915
USP29,0.08228852752006045
USP3,0.1391195672340803
USP30,0.12140943547548645
USP31,1.170483575742058
USP32,0.3723517306705995
USP33,5.9747849280758025
USP34,5.651071654296718
USP35,0.9941544740516377
USP36,3.7853492769564583
USP37,0.31058108831882075
USP38,9.343944403257039
USP4,1.2204118368748467
USP40,0.31025829036668723
USP41,0.01834435481333142
USP42,0.8412273754894638
USP43,0.0147762878746455
USP44,0.0023819283371293814
USP45,0.726152229581333
USP46,2.207259383535942
USP47,7.008741551032232
USP48,0.19432876020484793
USP49,0.6277082994028669
USP51,0.06486891284293221
USP6,3.059532960369714
USP7,28.065465332715554
USP8,0.3492467313550331
USP9X,6.367413866619401
USP9Y,2.422861253169032
UST,0.22649153880255965
UXS1,6.719897087541961
VARS,102.15684014093421
VARS2,61.964717914807345
VKORC1,6.7188790646879335
VNN1,0.006656825187022765
VNN2,0.015027081572306523
VNN3,0.008421090313950766
VRK1,5.63942496236498
VRK2,1.511553890442236
VRK3,3.990924473429086
WARS,225.74865295222557
WARS2,4.363737425309091
WDYHV1,4.144546574582744
WEE1,1.625521080229025
WEE2,0.038246801669418504
WNK1,3.354164489684853
WNK2,27.045162191324902
WNK3,0.012378013719324248
WNK4,0.04062213071895896
WWOX,0.2890098829113554
WWP1,109.70242902816479
WWP2,0.040257741145498224
XDH,0.005496440503124604
XPO6,0.06279147414899319
XPO7,14.296769506994268
XYLB,0.022615477979095012
XYLT1,0.12625560622082616
XYLT2,2.2265345994275223
YARS,400.95669987051707
YARS2,12.344530593786413
YES1,2.3754859739690306
ZADH2,9.78306367901823
ZAP70,0.10616662480225346
ZC3HAV1,0.18722900228340383
ZNRD1,3.7277273700681333
ZNRF1,21.593171144457635
ZNRF2,0.9623656002986696
ZSWIM2,0.015679988656711358
