A4GALT,8.44757350791098
A4GNT,0.3753036176373634
AACS,16.487020400324916
AADAC,0.37757887281059044
AADAT,4.4400521319754835
AAK1,7.94757846164206
AANAT,0.05096543760938459
AARS,470.85849154659354
AARS2,8.921293775491588
AASDH,5.188530352832839
AASDHPPT,8.530622208056116
AASS,10.082203701565204
AATK,24.173471571408598
ABAT,4.836075711943537
ABCA1,12.975243295526354
ABCA3,160.6632622990216
ABCA4,0.05395136914580638
ABCA8,19.9115458769279
ABCB1,0.5685432711059353
ABCB11,0.04664320692677182
ABCB4,0.01939011330014574
ABCB6,24.619734194316315
ABCC1,1.4049019377064131
ABCC11,0.002950223820883411
ABCC2,0.2628267990532277
ABCC3,43.645659466723224
ABCC4,5.1977726181312285
ABCC5,24.125341446050683
ABCC8,0.41162237687091335
ABCC9,2.1936524365387684
ABCD1,11.335726264876365
ABCD2,0.045254538954721
ABCD3,36.10120857875081
ABCG2,1.273567526716866
ABCG5,0.0031258084024132654
ABCG8,0.0028466059436776303
ABHD12,26.610189507351567
ABHD5,21.349586604394187
ABHD6,6.397195980442208
ABL1,28.93261878556929
ABL2,5.182650913197912
ABO,12.715686866588365
ACAA1,68.47562538965542
ACAA2,53.19683413617773
ACACA,18.42456934972318
ACACB,11.345810674066646
ACAD10,10.229618864431552
ACAD11,2.0225554864751234
ACAD8,44.61797651529362
ACAD9,301.12182589733555
ACADL,14.976055079285103
ACADM,17.274768503810524
ACADS,25.847520963933803
ACADSB,97.61877932889506
ACADVL,1149.525350743763
ACAT1,22.28961670169164
ACAT2,13.592606601873232
ACE,78.1122180969546
ACE2,0.19441607163046193
ACER1,0.03860807092484096
ACER2,0.6111820175374161
ACER3,17.208039618377875
ACHE,2.160051990165855
ACLY,47.398915776038066
ACMSD,0.00702237236825044
ACO1,17.4867602150676
ACO2,39.06191591654858
ACOT1,4.556233805605612
ACOT11,0.5672262362397954
ACOT12,0.003714181588051338
ACOT13,8.13826437908439
ACOT2,9.449256230037253
ACOT4,3.5169478200490074
ACOT6,0.009586111032012986
ACOT7,13.983156358463024
ACOT8,17.29702486867373
ACOX1,5.334318462882312
ACOX2,7.281412206364458
ACOX3,10.694727746924078
ACP1,4391.841766923008
ACP2,7.201373699055473
ACP4,0.0036202735317779565
ACP5,542.17943219793
ACP6,8.086956753749773
ACP7,0.44999467512671487
ACPP,0.8389712948837172
ACSBG1,0.16326108745460374
ACSBG2,0.06012842964415279
ACSF2,21.877189535209006
ACSF3,5.478512397802505
ACSL1,195.77436632827303
ACSL3,7.031377202537772
ACSL4,4.441497181961847
ACSL5,13.901652326258064
ACSL6,0.07878299883492372
ACSM1,0.12160501418654812
ACSM2A,0.0585122933778039
ACSM2B,0.06320048198640206
ACSM3,1.6128379500203491
ACSM4,0.0037854792974122402
ACSM5,0.9132481146874222
ACSS1,18.00150321485838
ACSS2,91.7322309726443
ACSS3,4.00856749365776
ACVR1,12.923234070705417
ACVR1B,12.933632009877723
ACVR1C,0.054182691978865584
ACVR2A,3.2433734124763642
ACVR2B,0.9537567882987074
ACVRL1,176.76999558225617
ACY1,173.26842672543933
ACY3,2.0623395827899498
ACYP1,8.13826437908439
ACYP2,1.4501102616537602
ADA,3.9667021105572355
ADCY1,0.24601038558200297
ADCY10,0.02587118613431477
ADCY2,0.10877099942753043
ADCY3,16.79788451455373
ADCY4,89.17662080430848
ADCY5,2.810939411124768
ADCY6,27.808172080939148
ADCY7,10.63508386952473
ADCY8,0.009366262908653632
ADCY9,18.48607976769593
ADH1A,0.21210599843456512
ADH1B,741.3388955160275
ADH1C,1.4648863161043304
ADH4,3.1026068878428408
ADH5,593.6140238704097
ADH6,0.058680073622442215
ADH7,3.834475613686468
ADHFE1,20.41913177417407
ADI1,53.726602769464606
ADK,17.598139095688495
ADO,16.74547117866959
ADPGK,226.66634693533985
ADPRH,44.65941256566497
ADSL,351.52171599190206
ADSS,117.52874674663339
ADSSL1,2.011380524075534
AFMID,25.33526165887009
AGA,55.09829026378506
AGK,11.82212403482246
AGL,0.4472349872978709
AGMAT,0.040949524721480585
AGPAT1,10.016320417059507
AGPAT2,156.18144423986075
AGPAT3,15.245652284995145
AGPAT4,1.0434527045611022
AGPAT5,2.914013464846736
AGPS,32.525617252233666
AGT,3.1533462075294243
AGXT,0.01120401776090761
AGXT2,0.07273189725255508
AHCY,4244.705814564003
AHCYL1,30.291144377266303
AHCYL2,14.110629027773685
AICDA,0.304168858429182
AK1,816.2679159814021
AK2,570.5713313178973
AK3,43.618027166848
AK4,10.52774785293743
AK5,0.10873695457655938
AK7,0.8466622803972161
AKR1A1,272.5272286646482
AKR1B1,205.44356657807316
AKR1B10,0.05691790011271869
AKR1B15,0.0020925259541582524
AKR1C1,3.7503642511681177
AKR1C2,4.9945041557410415
AKR1C3,31.83970675988617
AKR1C4,0.01607999233507436
AKR1C8P,0.3354345050980549
AKR1D1,0.002762608227950849
AKR7A2,326.4046088841581
AKR7A3,0.25320335769799074
AKT1,4.829030712089814
AKT2,1.2995389685732444
AKT3,9.788883189484844
ALAD,323.3469466472721
ALAS1,59.54732478892772
ALAS2,1.6641718395149976
ALB,0.03214259200072194
ALDH18A1,97.35862317643596
ALDH1A1,231.2026984353624
ALDH1A2,0.8165425653587617
ALDH1A3,1.766645562210795
ALDH1B1,5.126455243809929
ALDH1L1,0.19578199981234867
ALDH1L2,1.7712184451179198
ALDH2,2824.8926388331324
ALDH3A1,3.1458707487970154
ALDH3A2,195.4495027940268
ALDH3B1,131.45191439000126
ALDH3B2,0.20481321112837578
ALDH4A1,9.672124286850071
ALDH5A1,7.61963775799557
ALDH6A1,9.516957017347098
ALDH7A1,29.85689617522495
ALDH9A1,659.7695179516355
ALDOA,2696.9004072651423
ALDOB,0.07255910676508033
ALDOC,7.564547271450367
ALG1,3.60387484680594
ALG10,0.8620932533949325
ALG11,0.9357022385862034
ALG12,5.9779418927790315
ALG13,15.984718852054012
ALG14,0.5299600028180347
ALG1L,0.8389712948837172
ALG1L2,0.013865714885637353
ALG2,107.52848252733979
ALG3,2.3658577550699538
ALG5,24.76927555670616
ALG6,2.980255662278371
ALG8,8.278525122050407
ALG9,4.822032778885754
ALK,0.14680474341780672
ALLC,0.002368402796118015
ALOX12,0.6224175020153312
ALOX12B,0.004365347840783805
ALOX15,3.028312584928524
ALOX15B,106.48935243786833
ALOX5,279.4085758971671
ALPG,2.1334538652401167
ALPI,0.09522613776587274
ALPL,102.0354820457928
ALPP,1.4567652314765738
AMACR,106.12980229580857
AMD1,48.10444078967844
AMDHD1,0.5319325169527128
AMDHD2,30.168731288769997
AMFR,0.29932186638863306
AMHR2,0.0771451461294579
AMN,3.3802736173424934
AMPD1,0.2871385471179247
AMPD2,9.91262637842611
AMPD3,6.160078402018749
AMT,39.49330307119968
AMY1A,0.0012759775417407284
AMY1B,0.011186005840850227
AMY1C,0.002184961041645685
AMY2A,0.00532426880089487
AMY2B,19.46415184132357
ANAPC11,33.77848950210925
ANGPTL4,3.136905674954211
ANKRD1,53.08109461787817
ANPEP,33.46649125543242
ANXA3,1497.0037815433263
AOAH,7.2178295002260615
AOC1,0.02044334594942423
AOC2,0.9775749992783449
AOC3,445.5252606428517
AOX1,3.1279465842080363
APOA1,0.36172004612167147
APOA2,0.007305450122282948
APOA5,0.01808099404946222
APOB,0.01864264563729363
APOC1,680.3456812590987
APOC2,6.413962131602715
APOC3,0.004993641383470454
APOE,1017.2243126897523
APRT,851.6523576115723
AQP1,2322.288039006995
AQP10,0.039868995558015874
AQP2,0.010072972518968307
AQP3,244.34340147138795
AQP4,82.36535274169111
AQP5,10.476415796272066
AQP7,1.0359836057194878
AQP8,0.15659255727530352
AQP9,27.039663414928054
ARAF,1.8891424676245923
ARCN1,231.99847008363363
ARG1,4.429525028597451
ARG2,1.0411751010620653
ARSA,45.97855748055388
ARSB,3.6113414251555653
ART1,0.015324091455772884
ART3,0.1196865937831758
ART4,0.7219152707066993
ART5,0.05340290632557459
AS3MT,3.3620452554736944
ASAH1,313.95624630765747
ASAH2,0.02533699923558364
ASH1L,0.020059456353445772
ASL,424.9705136348859
ASMT,0.047626476076089413
ASNS,319.4329813620645
ASPA,1.5726789524522196
ASPG,1.058523732603404
ASPH,117.89675945502799
ASRGL1,6.6809310498081
ASS1,209.56208486855962
ATE1,6.246597372100807
ATIC,345.8263519561974
ATM,1.8478540519959892
ATP10A,7.172493213845214
ATP11A,31.7755444285046
ATP11C,2.8481213023506013
ATP1A1,74.38814500846297
ATP1A2,5.984020690084777
ATP1A3,0.5309460458383028
ATP1A4,0.0155873638195659
ATP1B1,90.64895289855625
ATP1B2,3.8346802236300674
ATP1B3,69.22993179203868
ATP1B4,0.0017506054355714647
ATP2B1,13.210426785802975
ATP2B2,0.09288782476531228
ATP2B3,0.01675847193755374
ATP2B4,35.466960652486854
ATP4A,0.034883288428332
ATP4B,0.07002977683825802
ATP5F1A,124.53265572432873
ATP5F1B,167.30632217246165
ATP5F1C,21.50971022167614
ATP5F1D,155.46511749348954
ATP5F1E,125.55773209538297
ATP5MC1,4.311892001287344
ATP5MC2,2.868050998110428
ATP5MC3,5.997867959791037
ATP5ME,117.38991896387836
ATP5MF,1.481717785000078
ATP5MG,179.57272888452187
ATP5MGL,23.718922705117464
ATP5PB,5.524565248774745
ATP5PD,6.7181129554220975
ATP5PF,4.959033242795014
ATP5PO,42.13932100131758
ATP5S,0.3354345050980549
ATP6V0A1,2.1849971795544603
ATP6V0A2,0.6954399792676138
ATP6V0A4,0.0378082088708769
ATP6V0B,122.65539107978262
ATP6V0C,543.1754296019227
ATP6V0D1,638.0205333887914
ATP6V0D2,19.842561605125972
ATP6V0E1,368.4979306559883
ATP6V1A,213.8274782579881
ATP6V1B1,1.3509373631801238
ATP6V1B2,1389.3034645225969
ATP6V1C1,34.1691265187453
ATP6V1C2,2.684950780451354
ATP6V1D,29.909718772429564
ATP6V1E1,257.72706360335263
ATP6V1E2,0.7367861387541278
ATP6V1F,85.98557133764852
ATP6V1G1,71.8808884830278
ATP6V1G2,1.0152785077480797
ATP6V1G3,0.2330917175245828
ATP6V1H,19.17482710570062
ATP7A,2.8204062996697603
ATP7B,1.192512725524421
ATP8A1,21.91246981175802
ATP8B1,6.015305857366856
ATP8B2,12.798611497319044
ATR,0.05017218943888538
AUH,2.795780691674608
AURKA,0.02456094824430906
AURKB,0.43740141956966416
AURKC,0.641420646322478
AWAT1,0.002586448286000448
AWAT2,0.12881755703230333
AXL,0.10619574640230989
AZIN2,0.7963414524148358
B3GALNT1,11.285335677318265
B3GALNT2,1.4374422632863006
B3GALT1,0.02781055303576987
B3GALT2,2.3767361805940306
B3GALT4,8.94990800747032
B3GALT5,0.007334444967730057
B3GALT6,11.345810674066646
B3GAT1,0.16840842978402984
B3GAT2,0.5220871211510945
B3GAT3,37.028104033816746
B3GLCT,0.7866139610071975
B3GNT2,24.98296317103633
B3GNT3,0.459641830235027
B3GNT4,0.03475284054446368
B3GNT5,5.917233473321319
B3GNT6,0.0067117319768708154
B3GNT7,35.17764710135701
B3GNT8,13.445508157622415
B3GNT9,8.769047363775368
B3GNTL1,2.104095410374846
B4GALNT1,0.28278937652370945
B4GALNT2,0.02748917489712836
B4GALNT3,6.982813608377024
B4GALNT4,0.18245497903587576
B4GALT1,34.49602550664871
B4GALT2,10.33804009774615
B4GALT3,33.44052196866213
B4GALT4,3.6703622513808236
B4GALT5,23.609363916758756
B4GALT6,0.37894556655932177
B4GALT7,20.141896543211892
B4GAT1,2.277812689362301
BAAT,0.044120641793147966
BARD1,0.7818185927315734
BBOX1,0.04258285988121573
BCAP31,1766.7439867441697
BCAT1,16.25829275057159
BCAT2,47.06113121835665
BCHE,0.829654350464431
BCKDHA,6.605300000968144
BCKDHB,4.654266760073919
BCKDK,31.49359010103644
BCO1,0.06461878427195712
BCR,0.6315715626161208
BDH1,2.6124441963485583
BDH2,33.908688140525776
BHMT,0.00873029806430139
BHMT2,2.8393623568148185
BIRC6,3.9812548592531254
BLK,0.1914966324082871
BLVRA,1404.947777940076
BLVRB,1355.5915041271996
BMP1,22.089070143167408
BMP2K,0.4146200398418883
BMPR1A,3.4924217328384803
BMPR1B,0.33265340832812934
BMPR2,42.529837015286105
BMX,0.46728518212046083
BPGM,10.8223488665886
BPNT1,11.35589717816469
BRAF,6.8274518195140725
BRAP,0.2559649247059824
BRPF1,11.83230790073796
BRSK1,0.5984727840296175
BRSK2,0.06579083472128272
BSCL2,45.49231693057501
BSG,90.86995293512643
BTD,3.908420982772944
BUB1,1.021594695362332
BUB1B,0.036345909802591336
C1GALT1,5.689589082476401
CA1,0.06482379233303201
CA12,4.007776630953724
CA13,24.256748578933806
CA14,0.03283570301532472
CA2,13.740077976778682
CA3,7.537037102879665
CA4,62.806655027030246
CA5A,0.08417582761312976
CA5B,0.6274928848286304
CA6,10.425839500790367
CA7,0.019663611882399016
CA8,0.9753006940213411
CA9,0.02439648680998
CAD,58.5522375024193
CALM1,316.63240316500924
CAMK1,16.377717658163665
CAMK1D,8.353559137776127
CAMK1G,0.9901057498151977
CAMK2A,1.8000253367856487
CAMK2B,0.21617425940448917
CAMK2D,313.85791439296713
CAMK2G,12.81485929670104
CAMK4,0.26065318075498006
CAMKK1,9.896198917967583
CAMKK2,22.597151555452935
CANT1,16.247323667526413
CARM1,11.070736043064233
CARNS1,0.7980515429823987
CARS,11.114401295409996
CARS2,21.28196097747184
CASK,8.773002059687988
CAT,330.0076910590708
CBLC,1.1021858597699883
CBLL1,6.919852104357576
CBLL2,0.027434690025870352
CBR1,53.327111461163135
CBR3,76.0659779619554
CBR4,39.32174813162397
CBS,18.71248438486398
CBSL,0.3354345050980549
CBX1,91.21339334865439
CCNB1IP1,18.928163419149307
CD36,40.400087717848244
CD38,1.3484843361002687
CDA,78.97138226440842
CDC14A,4.259484398387048
CDC14B,3.4167992710601003
CDC25A,0.1763701977539074
CDC25B,165.55173880423948
CDC25C,0.08864519174060377
CDC34,5.820836749459674
CDC42BPA,2.0229901289155587
CDC42BPB,4.26010089807588
CDC42BPG,10.714626346049386
CDC7,1.7601176684208755
CDIPT,163.36902309669884
CDK1,2.2896215739874646
CDK10,58.7759070155921
CDK11A,28.66931806796175
CDK11B,21.51340695929614
CDK12,7.3815903201638005
CDK13,14.365613855917656
CDK14,8.362949502174814
CDK15,0.16596160596266354
CDK16,36.06045672028787
CDK17,15.581505284791904
CDK18,17.799554155917086
CDK19,4.77748923323713
CDK2,10.914086083052503
CDK20,4.214617699370038
CDK3,31.340044751565458
CDK4,7.378228707662267
CDK5,29.27524753150057
CDK6,15.36014689091657
CDK7,97.88216866996304
CDK8,5.70847951256716
CDK9,90.24927202780235
CDKL1,1.3362348551274514
CDKL2,1.8678809027915755
CDKL3,0.6035489859075188
CDKL4,0.0124926335095224
CDKL5,0.42983627298407084
CDKN3,0.32660969948657537
CDO1,11.05421740130503
CDS1,6.1120076397621315
CDS2,12.850503271420395
CDY1,0.256335927830294
CDY1B,0.256335927830294
CDY2A,0.04923577690024244
CDY2B,0.04923577690024244
CEL,0.787220909633344
CEPT1,3.2365843206600338
CERCAM,6.301209956428464
CERK,17.844385689913516
CERS1,0.06334952842272505
CERS2,102.5075371427198
CERS3,0.025895529112229768
CERS4,19.69328792005774
CERS5,13.393063789392988
CERS6,3.4480707203859073
CES1,216.62561997702494
CES2,16.379066680664543
CES3,0.40420369352104674
CES5A,0.0009059710200039474
CFTR,2.3201991413861256
CH25H,4.212217262498963
CHAT,0.014545141103376102
CHD9,5.80056367686824
CHDH,3.027571888990758
CHEK1,0.40917177590457965
CHEK2,3.03646303323003
CHFR,15.019115019244026
CHI3L1,27.957494993569654
CHIA,10.674837795405564
CHIT1,41.830764525243765
CHKA,11.966354111139797
CHKB,96.7935752389475
CHMP4A,56.343835301744356
CHPF,42.529837015286105
CHPF2,17.43070346884071
CHPT1,21.162722445652687
CHST1,3.4137519657514113
CHST10,4.300441479883991
CHST11,12.550216573430616
CHST12,14.493633454753843
CHST13,0.4139471643370937
CHST14,1.2493678583744894
CHST2,3.979329889803294
CHST3,6.234485208200548
CHST4,0.075452858604586
CHST5,0.22921531907187243
CHST6,0.051250813231293275
CHST7,2.6525885921161096
CHST8,0.030210402860212926
CHST9,0.7850589398475123
CHSY1,11.669612517038866
CHSY3,0.7694263672096258
CHUK,0.9517333206605112
CHURC1-FNTB,3.2507362769424972
CIDEA,0.007767040903026553
CINP,0.5554025999818943
CIT,4.217018455754815
CKB,95.79616333400347
CKM,80.49513799708184
CKMT1A,0.06307960916879961
CKMT1B,0.04773879074523972
CKMT2,2.4342931087876707
CLC,0.11290868532457687
CLCF1,5.964052922846174
CLK1,9.186675311825535
CLK2,68.12277516605691
CLK3,1.2788307574110973
CLK4,1.309697934173469
CLOCK,4.826162062636281
CLPS,0.29967410550272156
CLTRN,0.5786685643266595
CLYBL,0.7160925920361281
CMA1,0.06494448945899751
CMAHP,19.03052836218915
CMAS,28.219258774257607
CMPK1,825.3408665998759
CMPK2,6.845370897937495
CMTR1,34.84955545216763
CNDP1,0.03064016558184422
CNDP2,85.0843557816165
CNOT4,4.6215349590184305
CNP,19.70476115442179
COASY,744.8763401965828
COL4A3BP,4.756822533483479
COLGALT1,139.46308520859438
COLGALT2,1.1847736471655157
COMT,110.57494082455378
COMTD1,539.8281011864902
COP1,0.4785008438550989
COPA,256.3683629499546
COPB1,170.76801699143144
COPB2,70.2737553134132
COPE,417.7768804664242
COPG1,232.34404702851185
COPG2,57.28149983940603
COQ2,5.578263626389454
COQ3,4.759369597945675
COQ5,2.6214821988210892
COQ6,8.334785808380138
COQ7,0.2455512036351179
COX1,7.766401376158287
COX17,50.464079891370574
COX2,5.3369352212394165
COX3,0.33446363282071023
COX4I1,540.6812945705633
COX4I2,126.59265575710529
COX5A,210.53737076094242
COX5B,389.45039397390536
COX6A1,16.145338988131773
COX6A2,2.6375176854843536
COX6B1,88.68693949667416
COX6B2,0.058768510884270986
COX6C,66.94259387284033
COX7A1,59.39879280402492
COX7A2,59.19043531330312
COX7A2L,22.929439998849247
COX7B,39.993470174770806
COX7B2,0.3354345050980549
COX7C,176.39462407595224
COX8A,627.8088503515928
COX8C,0.03946554510130692
CP,0.18128559054051566
CPA1,0.4167409410148102
CPA2,0.01525736173297959
CPA5,0.0027654948901175316
CPA6,0.11445664979729815
CPOX,69.42519441874033
CPS1,0.16765467009325946
CPT1A,0.7418227300570798
CPT1B,30.74035372796152
CPT1C,1.8092138868085899
CPT2,52.67214530935654
CRAT,5.76456992821607
CREBBP,0.23241877079380474
CRLS1,28.631749644592354
CROT,8.295702009759285
CS,3870.218151314097
CSAD,31.50639345820399
CSF1R,35.033198277957105
CSGALNACT1,2.842281304807521
CSGALNACT2,47.8784078898431
CSK,49.124654532913034
CSNK1A1,31.732563804206322
CSNK1A1L,0.013638927492629432
CSNK1D,95.4642299932312
CSNK1E,4.225927736393528
CSNK1G1,2.825506933859415
CSNK1G2,35.02007345670292
CSNK1G3,8.740569477838276
CSNK2A1,279.8276515561889
CSNK2A2,304.5907074318994
CSNK2B,587.2822520838417
CTBP1,69.73710241404427
CTDP1,1.6566765196310418
CTDSP1,180.226411928505
CTDSP2,210.0194243966149
CTDSPL,37.06799812282963
CTDSPL2,1.8025864322003378
CTGF,0.3354345050980549
CTH,1.4231449438341688
CTPS1,4.010940300527455
CTPS2,5.649281349725436
CTSA,417.10815899808824
CTSB,516.1886278682974
CTSC,71.60822770499058
CTSD,4768.908209601404
CTSE,30.91870178383633
CTSF,55.860318051143054
CTSG,0.1660367679195206
CTSH,893.9084400086467
CTSK,86.91382203639039
CTSL,6.219888822814303
CTSO,36.23233862282782
CTSS,154.87985085964183
CTSV,0.3098961502919512
CTSW,21.818418612807726
CTSZ,47.95263800565044
CUBN,0.31595401062447614
CWC27,7.979982632987988
CYB5D1,10.367655815594361
CYB5R1,29.87754019294671
CYB5R2,8.854610636232993
CYB5R3,4062.540293405521
CYBB,141.64220650091204
CYBRD1,200.4966910369401
CYC1,423.602108616997
CYLD,3.93779263624891
CYP11A1,0.2726598995198303
CYP11B1,0.0017648884708233502
CYP11B2,0.08105018928386314
CYP17A1,0.08896989691601519
CYP19A1,0.010741888946507863
CYP1A1,0.0761412499121579
CYP1A2,0.05935888644116978
CYP1B1,14.976055079285103
CYP21A2,0.06594223683785139
CYP24A1,0.07884615341748659
CYP26A1,0.028829805303274246
CYP26B1,1.678999588584883
CYP27A1,458.8873252198475
CYP27B1,0.5467806696855492
CYP2A13,0.035353843848244
CYP2A6,0.05569189784609702
CYP2A7,0.02468498870389779
CYP2B6,0.1519010199733486
CYP2C18,0.0054761737281680545
CYP2C19,0.00655588717237029
CYP2C8,0.31455696931104116
CYP2C9,0.0024004728985026194
CYP2D6,0.892592220491172
CYP2E1,1.734712995562016
CYP2F1,1.0267692837454925
CYP2J2,0.6203711330659938
CYP2S1,9.150804620457976
CYP2U1,4.493587291128113
CYP39A1,1.7379651770686761
CYP3A4,0.16992399508159514
CYP3A43,0.001653951723396522
CYP3A5,5.726524924189114
CYP3A7,0.2596513969735106
CYP46A1,0.16184000015976777
CYP4A11,0.004293218338646007
CYP4B1,132.47185649800142
CYP4F11,0.13144475399640293
CYP4F12,0.8532675781141329
CYP4F2,0.0012363641358500467
CYP4F22,0.039868995558015874
CYP4F3,0.6035489859075188
CYP4F8,0.3354345050980549
CYP4V2,25.957601764455827
CYP4X1,2.4688397827620068
CYP4Z1,0.366687091141241
CYP51A1,25.23585646926583
CYP7A1,0.0024930553093937295
CYP7B1,1.8692042737324497
CYP8B1,0.01093455296792263
CYTB,10.283962318241796
DAD1,910.1748726348382
DAGLA,4.39636247173275
DAGLB,16.26926356320799
DAO,0.007844303572946363
DAPK1,52.27257216750118
DAPK2,23.262857535522965
DAPK3,5.2692414253397
DARS,3727.3282205144683
DARS2,4.9271715631077475
DBH,0.5944190500212303
DBI,266.8952576259403
DBT,2.5859989510218817
DCK,8.599264175943985
DCLK1,14.980137774268272
DCLK2,3.6370830474527645
DCT,0.043158033084357124
DCTD,12.652831317021267
DCTPP1,13.813952844112967
DCXR,155.43736488679897
DDAH1,112.31554925278043
DDAH2,132.01506825202628
DDC,0.05470401216453266
DDO,6.300330922570451
DDOST,574.6869782720009
DDR1,19.24705474638937
DDR2,13.529518620804977
DECR1,45.95326376269084
DECR2,9.546006173302281
DEGS1,12.782785622985186
DEGS2,0.7522623915045705
DERA,51.315936999628356
DGAT1,73.27247388035259
DGAT2,1.1368205661099189
DGKA,10.784339419520519
DGKB,0.013136032157880876
DGKD,20.211122276680396
DGKE,4.735509236871042
DGKG,2.726074031281205
DGKH,4.742911177183279
DGKI,0.021509416655799918
DGKQ,17.586965092491912
DGKZ,28.75702245897304
DGUOK,22.445059623261372
DHCR24,14.15853882853849
DHCR7,11.903652269839933
DHDH,1.8276237104351918
DHFR,237.76119533771603
DHODH,3.288607979721606
DHRS2,0.07717656733617025
DHRS3,81.34108547533174
DHRS4,213.00891705818427
DHRS9,0.5954318797802997
DIO1,0.02421362807170648
DIO2,0.11989552922222657
DIO3,0.2861564983462511
DLAT,391.1123530333977
DLD,631.0610099457466
DLST,362.17329905364767
DMGDH,0.1366641755302769
DMPK,40.26444177396727
DNAJC6,1.4981040441432254
DNMT1,11.22825050890187
DNMT3A,7.887216354833363
DNMT3B,0.523561187366816
DNMT3L,0.013486132724827782
DOLPP1,9.06457850650701
DOT1L,13.62417628939716
DPAGT1,29.058197464882923
DPEP1,0.2514626940052692
DPEP2,24.125341446050683
DPEP3,0.24481628234109862
DPH5,37.61950672567271
DPM1,995.2200596291592
DPM2,56.51990086858431
DPM3,32.430213451653366
DPYD,19.03052836218915
DPYS,0.3176148736542376
DPYSL2,10526.607822049386
DPYSL3,108.7332917218582
DSTYK,4.101349113070576
DTYMK,13.530055705646808
DUOX1,254.72622132742808
DUOX2,3.265218506286693
DUPD1,0.017478958923207617
DUSP1,3478.5989066406205
DUSP10,5.635574863156707
DUSP11,8.362949502174814
DUSP12,8.879292928552095
DUSP13,0.08589646474274872
DUSP14,0.5331656622229951
DUSP15,0.18191728073501467
DUSP16,7.952126146484829
DUSP18,2.406176357251918
DUSP19,0.7975091908923708
DUSP2,5.7979771924152965
DUSP21,0.08186674790155296
DUSP22,28.057147300465097
DUSP23,64.4362628076641
DUSP27,0.09631494669070977
DUSP28,3.265218506286693
DUSP3,389.94574951583644
DUSP4,2.1136246410741064
DUSP5,14.857789451689458
DUSP6,35.59864961042427
DUSP7,16.35709225513732
DUSP8,7.009837842614714
DUSP9,0.05538389082548596
DUT,251.4212461387823
DYRK1A,18.587882141577122
DYRK1B,13.393063789392988
DYRK2,5.403764086592315
DYRK3,1.0181483673325207
DYRK4,14.793373413077646
DZIP3,2.966242259103858
EARS2,0.731144581348842
EBP,340.62150811086184
ECH1,300.48443344598195
ECHDC2,59.29487201787629
ECHS1,128.6343801013827
ECI1,25.74976323264339
ECI2,28.857332632992197
EGFR,1.8199525387741502
EHHADH,1.9583648676105998
EHMT1,0.5004531459548724
EHMT2,1.8152463191928077
EIF2AK1,56.53457879136714
EIF2AK2,56.93431888707926
EIF2AK3,7.036886443749768
EIF2AK4,0.26843169397702765
EIF4EBP3,87.87263006236108
ELOVL1,13.33597297329842
ELOVL2,0.12970373644120814
ELOVL3,0.12786208092146206
ELOVL4,0.1272613389004384
ELOVL5,2.1194533825721025
ELOVL6,0.8236387244277702
ELOVL7,0.9435911810077009
ELP3,2.0581248528449807
ENGASE,65.05745440782593
ENO1,1009.4450843236264
ENO2,54.08127890718168
ENO3,82.68606511719479
ENOPH1,192.65910019077293
ENPP1,1.0244687125016552
ENPP2,13.983156358463024
ENPP3,0.1433089114172031
ENPP6,0.10275064122624954
ENPP7,0.0019583144008972373
ENTPD1,20.361301455794965
ENTPD2,0.16326108745460374
ENTPD3,0.8411670452723753
ENTPD4,17.777148275502945
ENTPD5,2.593140112016941
ENTPD6,46.836255595961056
ENTPD8,0.04258285988121573
EP300,2.657753979852163
EPHA1,4.81295126309826
EPHA10,0.1270494702573765
EPHA2,1.9469466708950431
EPHA3,0.8138170991272523
EPHA4,2.5653156502758705
EPHA5,0.007061881431946469
EPHA6,0.0022866003332225196
EPHA7,0.023274223588431064
EPHA8,0.0069847075596243475
EPHB1,0.0366686132037358
EPHB2,0.04846963746159682
EPHB3,4.215417916001562
EPHB4,2.1129109598855114
EPHB6,3.500081825740148
EPHX1,243.31069710348356
EPHX2,5.113893764722193
EPM2A,2.9316439993717274
EPRS,34.52218400168913
EPX,0.05995063729236619
ERBB2,0.5897554368988891
ERBB3,21.372971588454234
ERBB4,0.5567322055234691
ERN1,6.25992637879709
ERN2,0.8920354889089196
ESD,765.6026837453666
ETFA,1640.5919704990768
ETFB,530.2242197946314
ETFDH,18.304283072123553
ETNK1,15.995513561939795
ETNK2,0.5314392279102051
ETNPPL,0.08988054413343154
EXT1,9.160397062841454
EXT2,22.917553060237196
EXTL1,0.06627560743321774
EXTL2,8.543663263007222
EXTL3,8.250428209823822
EYA1,0.0857998215875289
EYA2,0.6071082775879473
EYA3,2.052189346150631
EYA4,0.30776719778539796
EZH1,52.84979247047319
EZH2,0.04629338653487272
F13A1,27.969946999787577
F13B,0.00128562457295826
F2,37.171748814504454
FAAH,23.418039918905702
FAAH2,1.1338757326721953
FABP1,53.54695633547291
FABP12,0.019367362216076177
FABP2,2.0423800119197857
FABP3,102.72687851394419
FABP4,194.01030056348253
FABP5,5439.844797320331
FABP6,1.7035647200149164
FABP7,0.01685309865973672
FABP9,1.0553661478381027
FADS1,7.181555129201621
FADS2,3.1644330739580164
FADS3,1.9834130794515366
FADS6,0.013235841101836007
FAH,7.720878869450453
FAM20B,18.37311948384033
FANCL,12.251599568234722
FAR1,40.15145621612301
FAR2,5.278595060253301
FARS2,1.751102023438378
FARSA,871.323645221144
FARSB,1.6644861001895264
FAS,30.422476121552666
FASN,119.67355533903509
FASTK,70.70986309344572
FAXDC2,57.520022117477836
FBP1,937.521143331532
FBP2,0.14581955265014307
FDFT1,47.89252765537438
FDPS,42.18681613852799
FDXR,8.962253526348988
FECH,8.222353638724037
FER,2.0633702567231826
FES,39.79052248519555
FGA,0.5642232724952679
FGFR1,19.77363332966147
FGFR2,3.580748568745172
FGFR3,27.07673319078657
FGFR4,80.78220909948419
FGGY,1.6841642613441195
FGR,297.4517733323184
FH,577.3332231087109
FHIT,0.8428147376490369
FHL2,1.4699084476214894
FIG4,25.530125408129663
FITM1,0.6595185677964809
FITM2,4.836902063915462
FKBP10,26.93497779324688
FKBP11,12.777868534534578
FKBP14,2.9988790213827032
FKBP1A,843.1329355037553
FKBP1B,9.945069015133916
FKBP2,880.9182613491598
FKBP3,607.6689673214518
FKBP4,343.4409581868251
FKBP5,4.776760314176471
FKBP6,0.05177477287122117
FKBP7,12.151427392003242
FKBP8,47.107978508926415
FKBP9,96.63875619147517
FKBP9P1,0.3354345050980549
FLAD1,6.8354898436065055
FLT1,9.179588989677027
FLT3,0.1892460346329145
FLT4,25.688708639923952
FLVCR1,1.5100545227210436
FMO1,0.2876085003681273
FMO2,222.8746496351684
FMO3,11.578328285590029
FMO4,3.5876827984344533
FMO5,8.035763787642866
FMO6P,0.16150385255423283
FN3K,9.857143389581788
FN3KRP,27.175643899484882
FNTA,44.35847364887071
FNTB,9.34309806520777
FOLR1,151.3598469480358
FOLR2,27.052018688243276
FOLR3,1.3435814097859715
FOSL1,2.095935515492344
FPGS,1.8120575499680789
FPGT,5.930230224229906
FRK,0.7581522960495765
FRMPD2,0.13165831205283518
FTCD,0.012984578715695024
FTMT,0.3764543508002139
FUCA1,71.88756841518165
FUCA2,30.47328462079811
FUK,10.407174205728033
FUT1,21.642327872465586
FUT10,2.376036257408414
FUT11,9.526637770470831
FUT2,0.7298729969222006
FUT3,1.728212906278724
FUT4,2.490754426764572
FUT5,0.3435419176074299
FUT6,0.019117513221230762
FUT7,0.9351393354324153
FUT8,0.4707601318367512
FUT9,0.006770393549549561
FYN,99.68748554107988
G0S2,219.24112297791117
G6PC,0.0009473375667287275
G6PC2,0.026652801094739262
G6PC3,36.945739064591145
G6PD,565.2504593387021
GAA,110.918457620009
GAD1,0.17927262941518232
GAD2,0.025846848507522457
GAK,4.777129997589855
GAL3ST1,0.6071082775879473
GAL3ST2,0.003116898880626259
GAL3ST3,0.012221280812302403
GAL3ST4,7.6656177309057565
GALC,18.80322620274018
GALE,25.092173762798723
GALK1,232.8058065751249
GALK2,22.70645113031737
GALM,14.004340597137029
GALNS,12.746768840348437
GALNT1,19.441272741482628
GALNT10,0.4596946185189851
GALNT11,19.46415184132357
GALNT12,13.62417628939716
GALNT13,0.4913585302695217
GALNT14,0.18145669183542612
GALNT15,0.44539049675089987
GALNT2,7.979982632987988
GALNT3,4.5904898376665875
GALNT4,1.9724253113624322
GALNT5,3.6216285194948883
GALNT6,1.8553198158834565
GALNT7,0.3449654707686181
GALNT8,0.1355519787658126
GALNT9,0.05377802893452632
GALNTL5,0.43999999999999995
GALT,48.628092429036165
GAMT,7.159747403871471
GANC,14.621917834131589
GAPDH,1038.3266094018427
GAPDHS,0.008149552294330188
GARS,216.9274186585722
GART,82.31568652036538
GATM,2.526905689205019
GBA,16.44942990527468
GBA2,83.95563935038221
GBA3,0.10134187439758637
GBE1,13.089596366083395
GBGT1,15.722853996824025
GC,0.1128901827185453
GCAT,87.00236424714319
GCDH,9.642985796904448
GCH1,9.208394465496408
GCK,0.07009121756861102
GCLC,6.752024840020252
GCLM,21.584803914003206
GCNT1,1.9003663499146028
GCNT2,3.6270358548673216
GCNT2P,0.3354345050980549
GCNT3,0.05888647562106457
GCNT4,0.44586384697093945
GCNT7,0.08119114223892386
GCSH,2.1313484281863566
GDA,0.043762522488992955
GDE1,13.818079710584646
GDPD2,0.007126644116376635
GFPT1,219.21002625926042
GFPT2,3.978540378901297
GGCT,30.3463005419369
GGH,2.739814167289189
GGPS1,496.84014001330866
GGT1,17.777148275502945
GGT2,1.3860056601338884
GGT3P,2.8430111512967495
GGT5,12.601871610993474
GGT6,3.5630420166306562
GGT7,17.43070346884071
GGTLC1,86.8489071752504
GGTLC2,0.8176333477383319
GIF,0.3354345050980549
GK,20.78451377581103
GK2,0.9456388863331135
GK3P,0.021906578977016256
GLA,30.1560570941298
GLB1,23.31058027672371
GLB1L,3.763607121812335
GLCE,0.3262193546721903
GLDC,0.10382702833769708
GLIPR1,7.99856626064658
GLO1,1415.180522970136
GLRX,255.46800693501356
GLRX2,11.558746611637748
GLS,254.71459109466014
GLS2,1.4767745339795533
GLT6D1,0.06930364432416915
GLT8D1,1.8203417148630712
GLT8D2,4.628894906296271
GLTP,32.91045371368012
GLUD1,1063.4265191110906
GLUD2,0.40374107456377023
GLUL,27.502400253807263
GLYAT,26.66571856032572
GLYCTK,2.7116281933310846
GM2A,88.40998224138136
GMDS,29.11840911609869
GMPPA,32.74453587119003
GMPPB,43.36909842370119
GMPR,14.28041517578408
GMPR2,78.67239990591696
GMPS,77.06937699816025
GNE,5.527513920250351
GNMT,1.6835184745853309
GNPAT,29.92813468932795
GNPDA1,26.84215865360238
GNPDA2,2.8058449383933084
GNPNAT1,26.08872513277399
GNPTAB,15.494669984143854
GNS,37.16488630084154
GOT1,1675.1480261525423
GOT2,1328.0923155081439
GPAA1,81.22923819609312
GPAM,0.17345488212451335
GPAT2,0.2688258951562891
GPAT3,0.6582069289240687
GPAT4,1.352005973421296
GPCPD1,90.91128948421508
GPD1,40.115354480326545
GPD2,147.96128184100922
GPHN,6.771292029405705
GPI,1412.2057599470622
GPIHBP1,41.803405173423066
GPLD1,0.28765123229442463
GPT,0.47063838567452504
GPT2,2.8379031456809027
GPX1,230.04251185656366
GPX2,0.59087732271072
GPX3,5867.657319100005
GPX4,266.0499741545325
GPX5,0.793289329058847
GPX6,2.01032323162201
GPX7,7.427231323018706
GPX8,5.972732644424621
GRHL1,3.127200263668553
GRHPR,19.46415184132357
GRK1,0.11699235770509935
GRK2,4.014622265826703
GRK3,1.2623639556998993
GRK7,0.003745141659772678
GSR,258.405506786943
GSS,294.69783430942357
GSTA1,5.9831522020865435
GSTA2,0.6127113095867383
GSTA3,0.2673966728437895
GSTA4,57.933024835087835
GSTA5,0.58469847618054
GSTK1,113.45089187655266
GSTM1,0.07432956229006729
GSTM2,17.208039618377875
GSTM3,82.55011413660478
GSTM4,4.5171576340297905
GSTM5,36.97557195702089
GSTO1,2237.3191957754534
GSTO2,0.8433641358260585
GSTP1,11212.521349374663
GSTT1,79.52406624795346
GSTT2,2.9507717409658145
GSTZ1,5.529690482228188
GTF2F1,9.109136997340466
GTF3C4,0.8796549532683046
GUCA1A,0.0803580412103317
GUCY1A1,2.9663227089166733
GUCY1A2,5.475109547454557
GUCY1B1,1.0453859436592674
GUCY1B2,0.015199297800528784
GUCY2C,0.0236072212175572
GUCY2D,0.1814183217461841
GUCY2F,0.0031332375403120747
GUK1,145.0729213574954
GUSB,11.414664688771525
GYG1,42.310228862523104
GYG2,0.24054518562230662
GYS1,49.25083235220127
GYS2,0.010217701915009616
H6PD,36.81961667714484
HAAO,5.097992903598766
HACD1,0.6699772991826155
HACD2,3.095013644366691
HACD3,4.330319334841662
HACD4,0.5979568033382378
HACE1,3.3385344345906676
HACL1,10.18042494386798
HADH,923.9408271586813
HADHA,1069.416662490681
HADHB,81.18131465924994
HAGH,45.70337497739324
HAGHL,7.072989063055057
HAL,0.6470958735365872
HAO1,0.19763453007540133
HAO2,2.123937704953015
HARS,121.14246057774788
HARS2,49.25232753529813
HAS1,0.10652940072368398
HAS2,0.3326092000020406
HAS3,5.0762526008488065
HAT1,40.922653781205504
HCCS,11.426561281140247
HCK,80.01721756822936
HCST,106.50637183622007
HDAC3,1.308785020141451
HDC,1.0881691706373042
HDLBP,107.33632208823309
HECTD1,6.489677199336592
HECTD2,2.011380524075534
HECTD3,4.4348979058774285
HECW1,0.03470069338703476
HECW2,12.37496135111679
HELZ2,7.154377408588801
HEPH,4.091810255142112
HERC1,0.6384626744985814
HERC2,0.21310097733931316
HERC3,11.791584737948126
HERC4,11.443029346864835
HEXA,53.95057297152241
HEXB,6.5539416094221234
HEXDC,0.3354345050980549
HGD,0.3047318001567188
HIBADH,27.74600939969517
HIBCH,8.456988451269794
HIF1AN,6.491749302402504
HIGD2A,22.63041340080364
HIPK1,18.33926297481734
HIPK2,9.866903887824355
HIPK3,25.310928241971602
HIRIP3,0.35004986905992946
HK1,225.6585968534405
HK2,78.65895427895241
HK3,125.00012861903764
HKDC1,0.47976806567259633
HLCS,2.0383494872328316
HLTF,0.06184065148290268
HMBS,81.5742318645507
HMGCL,139.19928495166
HMGCLL1,0.4051293026331652
HMGCR,12.9648375464411
HMGCS1,41.59834348564294
HMGCS2,6.101536038646587
HMOX1,239.52701185434353
HMOX2,112.62874642752372
HNMT,22.834384847675224
HPD,0.18368539418994045
HPGD,75.9977332987874
HPGDS,5.5603286212831495
HPRT1,273.65709342149745
HS2ST1,6.146262885745128
HS3ST1,0.4525030529869649
HS3ST2,31.212224401593268
HS3ST3A1,0.31687160446827956
HS3ST3B1,1.2548451374270386
HS3ST4,0.03672143649336879
HS3ST5,0.048357623680438985
HS3ST6,0.4850723352145962
HS6ST1,14.386932015136631
HS6ST2,0.2619066765983843
HS6ST3,0.0021386267959541995
HSD11B1,48.16098785983501
HSD11B1L,2.842281304807521
HSD11B2,1.227183559107672
HSD17B1,0.7240353368969447
HSD17B10,76.75360100815303
HSD17B11,354.0219768151769
HSD17B12,225.63845015346286
HSD17B14,43.10756879304827
HSD17B2,0.1696916313818234
HSD17B3,0.8192701590015772
HSD17B4,152.65448933261652
HSD17B6,106.52339187010467
HSD17B7,4.78060590365993
HSD17B7P2,3.9722256099155926
HSD17B8,2.3775712065178123
HSD3B1,0.004894438105777125
HSD3B2,0.003380679173802592
HSD3B7,38.87353281776772
HSPG2,0.22226519229163677
HTATIP2,80.29832530581542
HUNK,0.10248195457621496
HUWE1,3.702320875945257
HYAL3,0.7383836391944368
HYALP1,0.3354345050980549
HYI,21.642327872465586
HYKK,0.3899204317976578
IARS,630.8813163996873
IARS2,33.518443956279256
ICK,5.182650913197912
ICMT,24.438587079893495
IDH1,83.76249933521932
IDH2,46.89245090032694
IDH3A,281.6062172614034
IDH3B,271.6498622067578
IDH3G,119.5830689093847
IDI1,56.40250956034647
IDI2,0.25710926219693603
IDO1,27.969946999787577
IDO2,0.07520289721270261
IDS,60.45524153199649
IDUA,27.37371773892645
IGF1R,9.945069015133916
IKBKB,43.75622953768702
IKBKE,7.281412206364458
IL4I1,0.8942629020555766
ILK,51.240343534380884
ILKAP,29.605951078630067
IMPA1,243.943272313572
IMPA2,59.33615250563543
IMPDH1,66.60731064476259
IMPDH2,161.41310300490596
INMT,357.8434637295618
INPP1,490.816338392508
INPP4A,7.794704338150075
INPP4B,2.7116281933310846
INPP5A,24.077233747506224
INPP5B,8.231709344240763
INPP5D,18.542620514158806
INPP5E,31.853975632390824
INPP5F,0.4960008280892325
INPP5J,2.6935961592512148
INPPL1,18.664073146558202
INSL3,0.37212367005959246
INSR,6.25027342990406
INSRR,0.0076057393585442145
IP6K1,24.30594486035224
IP6K2,37.06799812282963
IP6K3,3.045360265183584
IPMK,1.8151265788818978
IRAK1,72.08947240194239
IRAK2,3.873863177348714
IRAK3,14.675447510621188
IRAK4,10.229618864431552
IREB2,7.445506113275574
ISYNA1,55.979789501737095
ITK,1.5688666594628486
ITPA,433.2105916711943
ITPK1,31.557619043290995
ITPKA,0.31342293956022615
ITPKB,20.79015024896105
ITPKC,24.88598063839272
IVD,482.6452460190566
JAK1,84.02004244647354
JAK2,11.93425907714748
JAK3,12.6122085648588
JMJD7-PLA2G4B,0.19276672646590834
KALRN,0.6127113095867383
KANSL3,47.86428909727099
KARS,485.25724904847795
KAT2A,128.54545095643815
KAT2B,19.46415184132357
KAT5,28.20678091595176
KAT6A,11.376076467119871
KAT6B,4.660819592151272
KAT7,13.351142809395117
KAT8,53.34159131464381
KCNJ11,0.7145065032049935
KCNJ8,12.944031902781806
KDR,36.100104819306665
KDSR,18.45217469851495
KHK,1.5485710372592272
KIT,13.887920144902765
KL,2.477317501406846
KMO,6.472281978436409
KMT2A,6.27660784804075
KMT2B,0.3354345050980549
KMT2C,7.445506113275574
KMT2D,13.540028520374602
KMT2E,23.741109820311095
KMT5A,0.08744585611927874
KMT5B,0.052531638327043204
KMT5C,0.3350355754164824
KPNA6,42.002893803462655
KYAT1,0.41426786262502635
KYAT3,10.315561941178165
KYNU,9.246834538269209
L1CAM,0.16408514689698991
L2HGDH,0.6326728924108362
LALBA,0.007667966602755326
LAP3,1138.3053193453495
LARS,392.93850455291994
LARS2,3.5969333113289026
LATS1,0.6638835202496912
LATS2,12.333808677298927
LBR,62.73537882405934
LCAT,44.82379406147438
LCK,6.3214356398245455
LCLAT1,1.1133120481353265
LCT,0.07614615847774416
LDHA,2610.0542727578736
LDHAL6A,0.01980069602047852
LDHAL6B,0.05453010919762043
LDHB,415.8029620521519
LDHC,13.74100658898184
LDHD,9.925514226324712
LDLR,3.2863028184084433
LGALS13,0.16621830202908744
LGMN,95.91240357452102
LGSN,0.017501171332596797
LHPP,61.5938773947393
LIAS,0.8694767810519592
LIMK1,37.41416665374874
LIMK2,37.76108523869664
LIPA,185.24644228097733
LIPC,0.02113717524758686
LIPE,0.6244654443303076
LIPF,2.1737518163838745
LIPG,0.34290212219572075
LIPT1,3.7425794260397405
LIPT2,0.9787126159026657
LMTK2,6.117245013298905
LMTK3,2.024180315244605
LOC102724197,0.3354345050980549
LOC286297,0.3354345050980549
LOC344967,0.3354345050980549
LOX,10.33804009774615
LOXL2,2.7390905999610444
LPCAT1,27.59879854959649
LPCAT2,9.429933912703376
LPCAT3,37.14781640143377
LPCAT4,2.1788072380226127
LPIN1,18.14768560668558
LPIN2,21.947763366698002
LPIN3,19.45271150541311
LPL,95.39787564608973
LPO,0.0051249639059836255
LRAT,0.025458176431178543
LRP1,12.537386097577626
LRP2,0.6342145724220913
LRRK1,0.2700887925661155
LRRK2,65.99945360540336
LRSAM1,13.69790536927868
LRTOMT,2.460368861263145
LSS,133.26275188747428
LTA4H,2613.1374559151463
LTC4S,1.1193264282750504
LTK,9.449256230037253
LYN,48.727310490440374
LYPLA1,118.87691381354674
LYPLA2,113.26306332188291
LYZL1,0.00352052818891795
MACROD1,3.588754959406465
MACROD2,3.8707251182425866
MAGEA2B,0.1626710879648594
MAK,0.2591091407368343
MAN1A1,2.4501489079407017
MAN1A2,2.366616340748677
MAN1B1,1.8001101518355933
MAN1C1,5.295469676774473
MAN2A1,3.2723358367166058
MAN2A2,40.23732538293549
MAN2B1,111.77832971810965
MAN2C1,143.46414963963878
MANBA,32.08379902028389
MANSC1,12.08756791138481
MAOA,1486.1346460937928
MAOB,43.13512520521467
MAP2K1,373.43751475650197
MAP2K2,302.6880347330145
MAP2K3,16.616962965583404
MAP2K4,25.39679816957249
MAP2K5,5.701608572484367
MAP2K6,1.879021312624941
MAP2K7,3.550613370029863
MAP3K1,8.854610636232993
MAP3K10,10.013581502050869
MAP3K11,107.22175978740836
MAP3K12,28.369093560646498
MAP3K13,3.002413456722383
MAP3K14,8.778544800338082
MAP3K15,0.061763896688766834
MAP3K2,9.798627857459692
MAP3K20,0.20179825659102824
MAP3K21,0.03839897316107535
MAP3K3,39.31791853721667
MAP3K4,12.63288841201687
MAP3K5,16.621239098685933
MAP3K6,71.45314831432533
MAP3K7,0.5629528099630208
MAP3K8,22.018390266263474
MAP3K9,1.3252327059551294
MAP4K1,5.9623173325467995
MAP4K2,30.66399272057403
MAP4K3,15.21324134545804
MAP4K5,42.378105572117555
MAPK1,327.7388817383856
MAPK10,1.2181717658156517
MAPK11,14.110374031494295
MAPK12,5.575700656672207
MAPK13,35.8491723315703
MAPK14,57.16022158006792
MAPK15,20.291955708053386
MAPK3,147.394995347283
MAPK4,0.6301053759492452
MAPK6,9.74992719219128
MAPK7,14.163460739841648
MAPK8,5.618452704245078
MAPK9,6.4746276691013565
MAPKAPK2,3.132558799781056
MAPKAPK3,29.7258768505494
MAPKAPK5,20.708856678842437
MARCH1,4.761839509672652
MARCH10,0.3830525555785738
MARCH11,0.007982758707868126
MARCH2,69.99925700158929
MARCH3,0.6455469261614069
MARCH4,0.040408416167553564
MARCH5,9.693476906982903
MARCH6,28.007310790285743
MARCH7,51.39517442908258
MARCH8,9.984205550107234
MARCH9,13.256933058331288
MARK1,1.5758575139055429
MARK2,29.339111837724573
MARK3,44.36553032366224
MARK4,10.318307290572424
MARS,150.9839783472888
MARS2,1.819728453700953
MAST1,0.09144667512304905
MAST2,24.10128479193715
MAST3,12.46767179441346
MAST4,6.216077418331312
MASTL,0.06538527524159561
MAT1A,0.25200117095999164
MAT2A,221.5829935363345
MAT2B,196.5696180921693
MATK,7.647217985707822
MBOAT1,19.19001864697609
MBOAT2,9.993995293115159
MCAT,12.419833907996734
MCCC1,23.000791859819056
MCCC2,19.24998786616938
MCEE,8.579605126180095
MDH1,2783.9186299876155
MDH1B,1.727563211091564
MDH2,2921.3716215409318
MDM2,0.05015439759851687
MDP1,99.6399365760333
ME1,368.3500868198837
ME2,53.600189165852555
ME3,12.385254522358274
MECR,4.589673521502355
MED1,0.4551296534355265
MELK,0.026326835513695666
MERTK,7.263232426512767
MET,3.9671255247836967
METTL1,19.36196088139437
METTL3,57.74118770961293
MGAM,0.7818185927315734
MGAT1,128.11879123703145
MGAT2,0.8251405412774521
MGAT3,10.684781689678282
MGAT4A,11.659461556904478
MGAT4B,65.36097921879552
MGAT4C,0.3354345050980549
MGAT4D,0.02696149145334556
MGAT5,8.100956322198588
MGAT5B,0.45345337975901095
MGLL,49.38048752328235
MGMT,8.258343143081142
MGRN1,23.813043354041767
MGST1,306.9411024221214
MGST2,54.42749987971762
MGST3,35.25649586341949
MIA3,11.88325794022931
MIB1,6.029222601726048
MIB2,31.852542854525986
MID1,4.436812401366254
MIF,40.340594555372405
MINK1,0.996829326732877
MINPP1,9.026317117356996
MIOX,0.01574756250908158
MIP,0.007350766353349191
MKNK1,63.99772601493906
MKNK2,193.61879324166088
MKRN1,43.17646753720527
MKRN2,21.13939144268834
MKRN3,0.376491099424174
MLKL,81.80896681767874
MLYCD,12.550216573430616
MMAA,1.1788285338910836
MOCS1,28.094538264514156
MOCS2,13.110695217024546
MOGAT1,1.0141310941710824
MOGAT2,0.06171353466959499
MOGAT3,0.06832763191888709
MOGS,164.52326780092875
MOK,2.4181166488549186
MOS,0.09191795284698573
MOXD1,21.46657129380261
MPC1,63.09263718461299
MPC2,28.782092349380623
MPI,9.11245835508749
MPO,0.49523633504612075
MPST,3224.7086128510246
MRPL58,13.330417578133794
MSMO1,57.933024835087835
MSRA,4.8550901485945825
MST1R,14.621917834131589
MT1A,4.151513066712491
MT2A,399.50049124470934
MT3,1.5333899630116663
MT4,0.3354345050980549
MTAP,272.11053980980176
MTFMT,5.186010402253653
MTHFD1,140.76278928869405
MTHFD1L,4.503337041444289
MTHFD2,15.848731680091952
MTHFD2L,1.2675209703887846
MTHFD2P1,0.006882713840953014
MTHFR,9.526637770470831
MTHFS,21.034476422284346
MTMR1,2.390489144447583
MTMR14,32.13524231703741
MTMR2,1.0128032852771824
MTMR3,0.6026107842938602
MTMR6,5.4907032024978
MTMR7,0.22953956629180872
MTMR8,0.344238437478716
MTPAP,5.662995611554455
MTR,0.6611697927270176
MTRR,18.23778109956392
MTTP,0.010743871084408416
MUL1,21.630600355072758
MUSK,0.26588532197213394
MUT,0.3354345050980549
MVD,130.29008633904715
MVK,16.379066680664543
MYBBP1A,94.69330929176448
MYCBP2,0.13388154883719083
MYLIP,45.394680106681506
MYLK,2.1050107895130865
MYLK2,0.18176372078822317
MYLK3,0.025603767143295292
MYLK4,0.2641246135572872
MYO3A,0.0006578409356290525
MYO3B,0.0042804247744730505
MYO5B,4.023600808480161
NAA10,71.91862195275321
NAAA,9.122041393177259
NADK,41.63933696772243
NADSYN1,40.65810828344432
NAGA,32.88332518378282
NAGK,39.92579414184788
NAGLU,38.900431655943706
NAGPA,12.447055505061257
NAGS,3.4625849067381798
NAMPT,541.488892434486
NANP,1.985838022635685
NANS,292.15852175552175
NAPRT,25.164291606310147
NAPSA,1585.9149726706914
NARS,2577.273059095194
NARS2,8.541833011601076
NAT1,9.279787903842031
NAT2,0.3242933101034618
NCOA1,18.53130913753567
NCOA2,0.4000284343456657
NCOA3,3.803818574657532
NCOA6,9.59446735252208
NCOR1,0.11817305680261618
NCOR2,2.5103408039769572
ND1,0.7496282848946749
ND2,6.647572110665278
ND3,3.518721426725826
ND4,15.91921099634504
ND4L,0.3354345050980549
ND5,3.9860139175064595
ND6,2.1511623729121254
NDST1,35.28278794820207
NDST2,19.178616175307717
NDST3,0.011450856627797646
NDST4,0.024005586560330774
NDUFA1,480.06928296783315
NDUFA10,39.44412056205748
NDUFA11,60.12837041572844
NDUFA12,10.432491526937872
NDUFA13,546.1349192295169
NDUFA2,11.371945559479105
NDUFA3,9.388820307681025
NDUFA4,24.55318686143995
NDUFA5,13.763244003823985
NDUFA6,37.59054797027015
NDUFA7,3.4546706621850105
NDUFA8,54.65869995316232
NDUFA9,25.02659731860823
NDUFAB1,92.3724554691217
NDUFB1,85.6823825117564
NDUFB10,125.966334068753
NDUFB2,44.768188373780085
NDUFB3,120.5128666423088
NDUFB4,89.42161786691399
NDUFB5,109.88723895199143
NDUFB6,22.96051391757838
NDUFB7,175.41025667667822
NDUFB8,57.98069136353776
NDUFB9,14.189263021239922
NDUFC1,37.507494180222075
NDUFC2,32.51226462494628
NDUFS1,24.75720536983999
NDUFS2,36.8774696803138
NDUFS3,167.2311721045971
NDUFS4,63.00229423612808
NDUFS5,635.3390399176471
NDUFS6,12.909041644360004
NDUFS7,12.98523529920415
NDUFS8,57.197541426010126
NDUFV1,64.03182608483371
NDUFV2,91.02431189154538
NDUFV3,9.691561352795423
NEDD4,3.03965357333527
NEDD4L,9.852539695714267
NEK1,2.712350059082933
NEK11,1.2560510760557582
NEK2,0.11628609919121657
NEK3,8.959450840686332
NEK4,6.982813608377024
NEK5,0.31137539507889034
NEK6,1.6307522207679594
NEK7,40.16441116509374
NEK8,8.241067535108588
NEK9,2.6120166048392877
NEU1,86.15178928186617
NEU2,0.07868648115252536
NEU3,2.85542523575439
NEU4,0.00929529960239443
NEURL1,0.14715923590013888
NEURL1B,11.873063840799738
NGLY1,14.216593984581326
NHLRC1,0.7351894472794047
NIT2,554.842501640912
NKTR,80.22423476377293
NLK,12.663923018375348
NLN,33.325782029487385
NME1,1548.0584953333992
NME2,281.45765578880633
NME3,100.67276895543681
NME4,53.79921831092997
NME6,0.5877113983136316
NME7,0.8731934862258509
NMNAT1,2.2342701883024243
NMNAT2,0.07504676983255444
NMNAT3,1.3540051111974483
NMRK1,14.868531813311918
NMT1,84.49958026768535
NMT2,1.6687576622691493
NNMT,38.470572980838725
NNT,8.645799871374916
NOL9,4.600288276657169
NOS1,0.34290212219572075
NOS2,0.3639758313141872
NOS2P1,0.3354345050980549
NOS2P2,0.3354345050980549
NOS3,5.408004713231735
NOX1,0.20861070603650558
NOX3,0.09198887034239282
NOX4,0.15688920023832598
NOX5,0.004235717709300313
NPAS2,5.857534412428552
NPC1,25.835296514990894
NPC1L1,0.028431029107784653
NPR1,42.20052450258207
NPR2,15.062203826307188
NQO1,196.81460643962419
NQO2,147.10568534611136
NR1D1,24.99509218262222
NRF1,1.693987414934286
NSD1,6.6809310498081
NSD2,0.8117852405670956
NSD3,0.8238692165195934
NSDHL,717.4405552410801
NSF,63.302782837865585
NT5C,161.1897072526996
NT5C1A,0.02214099426149448
NT5C1B,0.03204020347957148
NT5C1B-RDH14,0.037698419756150243
NT5C2,76.26009687286268
NT5C3A,15.33216016164098
NT5DC3,2.584272820643491
NT5E,3.473288678102984
NT5M,0.44775842176064656
NTAN1,3.546101111351578
NTRK1,0.298940875749033
NTRK2,0.8842497830982703
NTRK3,0.7139779896144594
NUAK2,7.354237311745945
NUDT10,0.03265567608338827
NUDT11,0.21377897676929958
NUDT12,5.0295012208460905
NUDT2,22.965109454010562
NUDT3,18.419156463707555
NUDT4,7.109134794869106
NUDT5,151.15021903138236
NUDT9,20.610207392465178
OARD1,6.2257180077240815
OAT,265.49056308424747
OBSL1,1.4696966500960367
OCRL,11.862871786199692
ODC1,5.234495403915909
OGA,13.207835039605774
OGDH,509.757342644491
OGT,156.095539489211
OLAH,0.3001487718364009
OPLAH,9.555693820523928
OTC,0.023511966301279493
OTUD5,57.96255143085696
OXCT1,77.54695433439336
OXCT2,0.04830128925232596
OXSM,5.122267284036305
OXSR1,18.973643021093952
P4HA1,27.10145296574296
P4HA2,39.4610406208994
P4HA3,0.21182746759354878
P4HB,376.02210394161233
PADI1,0.010067115301046717
PADI2,18.192720320615674
PADI3,1.4480638550391858
PADI4,4.937963630094467
PADI6,0.003267661304465308
PAFAH1B2,715.5978607470399
PAFAH1B3,185.16014354325563
PAFAH2,9.035878918520453
PAH,0.0011899282626951229
PAICS,92.41583036336073
PAK1,23.05314636975743
PAK2,175.72459356964157
PAK3,0.15115249844973294
PAK4,0.7319239991319318
PAK5,0.1843105272396382
PAK6,0.8007645949246878
PAM,0.5112400911890101
PAN2,75.22792621974759
PANK1,1.6077253012078754
PANK2,7.3815903201638005
PANK3,13.361620174978988
PANK4,12.138772280133896
PAOX,2.2370758571936245
PAPOLA,6.869468739229281
PAPOLB,0.004662310913267525
PAPOLG,3.7363542887985024
PAPSS1,83.75986590280765
PAPSS2,151.91437814849024
PARP1,38.11738540001567
PARP10,8.12103887545168
PARP11,2.1936524365387684
PARP12,8.61013343631677
PARP14,67.49483997014045
PARP15,11.044194180884455
PARP16,4.114075657779954
PARP2,13.045473614386339
PARP3,34.327417777953045
PARP4,5.460857539524169
PARP6,70.04554971363984
PARP8,11.517565345742893
PARP9,32.405635077229796
PARS2,1.0643214605260858
PASK,2.809483627146861
PBK,0.24160250252762333
PC,23.02240348817959
PCBD1,95.77956027463053
PCBD2,4.601871164865318
PCCA,4.804698812728123
PCCB,1.5460472298623562
PCK1,0.0045850285934343855
PCK2,18.825927674242905
PCMT1,500.48875377322975
PCYOX1,83.97144692905589
PCYT1A,19.693438978058182
PCYT1B,0.2974326082008225
PCYT2,22.988896286250036
PDE10A,0.09980417426569219
PDE11A,0.002385122448856669
PDE1A,0.7002688248744124
PDE1B,9.935290496525598
PDE1C,1.6854560084552987
PDE2A,1.9096718884716262
PDE3A,1.867219299461263
PDE3B,3.7456929024818515
PDE4A,16.126778085300494
PDE4B,4.929661550330843
PDE4C,19.258466710984813
PDE4D,3.8856361882297725
PDE5A,17.654033972759187
PDE6A,0.02887974344635367
PDE6B,1.2289831757089111
PDE6C,0.17366875913786378
PDE6H,0.03698581909670754
PDE7A,15.245652284995145
PDE7B,0.2943784683973502
PDE8A,22.573460103584154
PDE8B,3.1832894240348177
PDE9A,2.8102114971078627
PDF,0.8676200550712952
PDGFRA,23.51365644639073
PDGFRB,172.94797881695132
PDHA1,218.73497431685394
PDHA2,8.963593332760542
PDHB,65.16365053435864
PDHX,15.329146565392298
PDIA2,0.40466643623597875
PDIA3,2304.30393835247
PDIA4,890.2470391933813
PDIA5,46.854238386957256
PDIA6,259.00590005534804
PDK1,0.1668030977610982
PDK2,14.890021977568221
PDK3,5.991941403513492
PDK4,181.1892958085197
PDP1,6.575081372846557
PDP2,1.1444854742541715
PDPK1,1.3412617987540987
PDPR,7.2178295002260615
PDXK,42.694717273209456
PDXP,1.3468459310701189
PDZD4,3.506979260583864
PEAK1,16.28023610481429
PECR,97.69388778564249
PEMT,15.799088183447266
PEPD,50.01868629330214
PEX11A,2.485802004797796
PFAS,83.17841305532203
PFKFB1,0.119060298949725
PFKFB2,9.026317117356996
PFKFB3,45.54813140093656
PFKFB4,4.606006286361871
PFKL,135.25465784818263
PFKM,13.70844568075859
PFKP,278.8598252483151
PGAM1,30.33360895195296
PGAM2,92.14558842160893
PGAM5,33.50887981209791
PGAP1,1.7869178344067524
PGD,4422.704072569642
PGGHG,0.02991860446325157
PGK1,109.4259904227089
PGK2,23.296392096478
PGLS,1668.2015644494816
PGLYRP1,2.3543625713522793
PGLYRP2,0.0009115358018212305
PGLYRP3,0.01572942767765221
PGLYRP4,0.01158584026495361
PGM1,176.7748242590971
PGM2,128.78192095356144
PGM2L1,1.4312219344227595
PGM3,77.68505768421241
PGP,79.69519185402251
PGS1,45.86937452600904
PHEX,1.002673668936316
PHGDH,91.17250141388988
PHKA1,0.12254950937333814
PHKA2,10.249311936614811
PHKB,15.940894096205788
PHKG1,1.1681449774044679
PHKG2,13.256933058331288
PHLPP1,2.3048985088631566
PHLPP2,1.8983736886983642
PHOSPHO1,0.9093317842089287
PHPT1,88.36110042479874
PHYH,27.98240030151765
PHYKPL,31.135590830379172
PI4K2A,2.729787861588231
PI4KA,3.2368496704757614
PI4KB,1.8896135996529675
PIGA,12.912838086102047
PIGB,3.192285266504689
PIGC,6.685387149247184
PIGF,2.355060997565894
PIGG,9.468587784517764
PIGH,10.18042494386798
PIGK,5.143215075562066
PIGL,3.251655448292519
PIGM,3.9935473416824996
PIGN,2.0789595731209385
PIGO,10.525939670824897
PIGP,2.0667569052464803
PIGQ,25.737549605011573
PIGS,13.291580952712021
PIGT,9.710255586409334
PIGU,1.3399468486666744
PIGV,7.896481567119974
PIGW,2.85542523575439
PIGX,1.1362887835695097
PIGY,0.3354345050980549
PIGZ,4.987844527967334
PIK3C2A,1.6506568498539673
PIK3C2B,13.803393626298977
PIK3C2G,0.01040027271628926
PIK3C3,0.08237197558096628
PIK3CA,6.27397324229656
PIK3CB,0.47291725141367214
PIK3CD,16.148679854516473
PIK3CG,1.3601454803318402
PIK3R1,3.0172187910070885
PIK3R2,17.1635872484837
PIK3R3,12.344093842306087
PIK3R4,33.127963142124216
PIK3R5,15.34298168342562
PIKFYVE,6.124229808177296
PIM1,73.11655899386241
PIM2,19.224235560411792
PIM3,175.621342362662
PIN1,450.6167588469873
PIN4,4.7758413290075925
PINK1,26.743533315996295
PIP4K2A,26.85449278322885
PIP4K2B,12.087132914261366
PIP4K2C,20.257303577509273
PIP5K1A,0.6949230050639712
PIP5K1B,0.26650324033833406
PIP5K1C,26.571143406956697
PIP5KL1,3.501614314796816
PIPOX,0.2530789315743924
PISD,2.9116082199210367
PJA1,14.579127031109904
PJA2,57.34323256910091
PKLR,11.218886523856392
PKM,413.46473317747615
PKMYT1,0.3281512481387399
PKN1,162.35154954358381
PKN2,7.127909794537482
PKN3,12.819362318838172
PLA2G10,3.527690580251951
PLA2G12A,0.8708569764152969
PLA2G12B,0.9210925518851777
PLA2G15,30.00406391773672
PLA2G16,44.768188373780085
PLA2G1B,23.84902918042765
PLA2G2A,1.3435814097859715
PLA2G2C,0.0021549535455042536
PLA2G2D,0.09714307913757403
PLA2G2E,0.10480083352838437
PLA2G2F,0.017105401618544066
PLA2G3,1.6802904092324702
PLA2G4A,19.156199289489646
PLA2G4B,71.67028145163985
PLA2G4C,8.297268788637204
PLA2G4D,0.006392123504449973
PLA2G4E,0.7071156437923863
PLA2G4F,25.90866346878789
PLA2G5,2.540404859649818
PLA2G6,32.896258366012525
PLA2G7,45.32496954376433
PLB1,0.6615943713879051
PLCB1,0.7694263672096258
PLCB2,113.76190161499996
PLCB3,4.603573191513791
PLCB4,3.5615032862597493
PLCD1,19.04191020381757
PLCD3,6.4671354751226735
PLCD4,0.9233366958198661
PLCE1,4.468423317727804
PLCG1,4.543606028763955
PLCG2,13.961979616593286
PLCH1,1.0986777597334119
PLCH2,0.652265286034306
PLCL1,0.831296749337085
PLCL2,3.6069609771841904
PLCXD2,0.030538917407974476
PLCZ1,0.07175189323406331
PLD1,2.827693578992201
PLD2,36.338206940801584
PLD3,37.50531627480954
PLD4,0.3240149355350266
PLD6,4.489526353010223
PLG,0.002640581538463476
PLIN1,0.2836835250091063
PLIN2,127.53267594299255
PLIN3,19.372673197091135
PLIN4,3.6641654112411115
PLK1,0.6770358930068114
PLK2,26.362163715579776
PLK3,33.12925859895584
PLK4,0.4515531923596966
PLOD1,20.537640272180276
PLOD2,10.321260244405543
PLOD3,32.06720371796975
PLPBP,1.3790311261442316
PLPP1,5.389883230682263
PLPP2,2.123055391477898
PLPP3,4.2032094621878
PLPP4,0.019762828557283812
PLPP5,0.0656688155578048
PLPP6,0.050042688733332445
PLPP7,1.1305815492037874
PLPPR2,0.3307009692228308
PLPPR3,0.9307949846236876
PLPPR4,0.11900942508124815
PLPPR5,0.012456429933028047
PLTP,89.51966065135744
PLXNB3,1.9309814804666192
PMM1,12.61117876432509
PMM2,37.52176546727407
PMPCA,28.501628511329983
PMVK,269.20432547751807
PNCK,0.05744523248646219
PNKP,45.75907215869948
PNLIP,0.04146513044893275
PNLIPRP1,0.004785854838138024
PNLIPRP2,0.3354345050980549
PNLIPRP3,0.0013548462173497695
PNMT,2.2695201458629994
PNP,964.6916136824386
PNPLA2,210.0194243966149
PNPLA3,4.228226207386207
PNPLA4,4.546457392148166
PNPLA6,3.124434253413702
PNPLA7,8.278525122050407
PNPLA8,9.083723372278254
PNPO,8.325402846339834
PNPT1,5.061876659300989
POLA1,2.4572778271349773
POLA2,2.5494022175786433
POLB,10.290303098332899
POLD1,1.7788795389073482
POLD2,4.302164888068534
POLD3,0.5722709890533055
POLD4,103.87598402702122
POLE,0.0770713969821049
POLE2,0.5398396467029326
POLE3,29.169885120727702
POLE4,9.500433728500148
POLG,35.44063655268951
POLG2,6.513887830440322
POLH,5.646710790934546
POLI,7.693236705721462
POLK,6.536043954402611
POLL,12.663923018375348
POLM,22.407782769773764
POLN,0.15260077826167057
POLQ,0.07293100441680833
POLR1A,0.7926059055421916
POLR1B,0.41546128236570534
POLR1C,12.59043731662745
POLR1D,42.24165583779452
POLR1E,12.953217231346581
POLR2A,3.8405741025681643
POLR2B,12.919393628284695
POLR2C,109.33713023019382
POLR2D,11.522868601009824
POLR2E,132.53583926248908
POLR2F,4.643623005153332
POLR2G,16.992740899041188
POLR2H,229.50178507187826
POLR2I,23.882872870640362
POLR2J,22.400294703796106
POLR2K,41.59834348564294
POLR2L,356.03723760414135
POLR3A,0.19259625023042518
POLR3B,1.5871410076031565
POLR3C,0.6704186750082031
POLR3D,5.419882601291709
POLR3E,13.613651158834081
POLR3F,5.717070905878878
POLR3G,0.4466342968352404
POLR3GL,68.06145341905369
POLR3K,10.2197756483443
POLRMT,8.595310547114265
POMGNT1,22.502420613909088
POMT1,10.476415796272066
POMT2,7.427231323018706
PON3,19.865550145694737
POR,228.9288888802641
PPA1,1650.0825077775678
PPA2,116.33228416382235
PPARA,2.2135953333219884
PPAT,3.0470558571611193
PPCDC,4.1061204875407835
PPCS,88.99543020978409
PPEF1,0.027388443754911115
PPEF2,0.013643119305832561
PPIA,482.0059384028439
PPIAL4A,0.3354345050980549
PPIAL4C,0.014025828058920928
PPIAL4E,0.3354345050980549
PPIAL4G,0.07796306743882442
PPIB,2891.5643017049388
PPIC,38.03203918538866
PPID,661.051824674416
PPIE,10.56947897986607
PPIF,104.65770180920761
PPIG,10.839382623228378
PPIH,577.3697373782966
PPIL1,69.99243229800895
PPIL2,1.8315872979189864
PPIL3,58.446283362792265
PPIL4,5.530773273301589
PPIL6,1.1610352570767093
PPIP5K1,2.0491605246191065
PPIP5K2,3.4221335836252225
PPM1A,2.185810524624078
PPM1B,13.645232250776447
PPM1D,8.082317327452719
PPM1E,0.012571754468567651
PPM1F,43.755099612409694
PPM1G,19.438061839299376
PPM1K,11.14452184964051
PPM1M,74.49126518505145
PPOX,12.344093842306087
PPP1CA,272.00193398939047
PPP1CB,238.9805727497312
PPP1CC,44.8376980031444
PPP1R1A,0.31137539507889034
PPP1R1B,5.115568212463472
PPP1R2,65.70802211122381
PPP1R3A,0.020604754697868592
PPP1R3B,12.036414178190439
PPP1R3C,9.59446735252208
PPP2CA,114.90018091294789
PPP2CB,101.56393671999163
PPP2R1A,318.1696277105859
PPP2R1B,17.613499800663927
PPP2R2A,94.75530382738602
PPP2R2B,0.1637853767575984
PPP2R2C,0.1634482885386818
PPP2R3A,1.260877535325874
PPP2R3B,5.969260401850065
PPP3CA,430.95271282981815
PPP3CB,20.825013118667293
PPP3CC,13.267393106402888
PPP3R1,216.65524897358958
PPP3R2,2.4370537589271226
PPP4C,93.69559164048869
PPP5C,34.09382344628852
PPP6C,187.69409829516061
PPT1,11.569210837899917
PPT2,23.06029128631585
PPWD1,34.582371430734696
PRAG1,0.3354345050980549
PRDX1,22728.74747964679
PRDX2,3142.272645523248
PRDX3,61.51602201888952
PRDX6,945.0552530639328
PREP,100.1126725555108
PRKAA1,27.110275343064078
PRKAA2,0.8759256970620302
PRKAB2,9.410620842593001
PRKACA,576.2700812391046
PRKACB,38.51163142207312
PRKACG,0.005671714875263159
PRKAG2,6.570642568028976
PRKAR1A,26.27377999154075
PRKAR1B,13.856208571635365
PRKAR2A,26.878047176722728
PRKAR2B,65.34015688709061
PRKCA,3.657196892264353
PRKCB,5.3199602008083495
PRKCD,10.323084455550234
PRKCE,15.701088637398476
PRKCG,0.11573309865143734
PRKCH,14.718304134465706
PRKCI,6.404569196622441
PRKCQ,1.9617104596387889
PRKCSH,295.99818566614056
PRKCZ,14.72902285155029
PRKD1,0.40017390888196397
PRKD2,28.11947203663331
PRKD3,11.014137274874836
PRKDC,1.0284273825858474
PRKG1,5.336865587448107
PRKG2,0.39773832457847913
PRKN,0.21524163632635238
PRKX,10.64501910116225
PRKY,0.0012375602417117662
PRODH,115.87508213536991
PRODH2,0.047452249121563574
PRPF19,313.04022841763293
PRPF4,130.80979107140482
PRPF4B,53.09808540749642
PRPS1,535.9183947724787
PRPS1L1,1.6993128857058533
PRPS2,10.90409270926815
PRRT2,7.803944052559524
PSAP,84.30186906262915
PSAT1,35.19605983990689
PSKH1,18.316700078499107
PSKH2,0.005270499829249279
PSPH,505.66883810446376
PSPHP1,0.3354345050980549
PTDSS1,18.46347477212297
PTDSS2,16.53308033645987
PTEN,9.671978901508544
PTGDS,763.6460466141051
PTGES,13.076905466651468
PTGES2,67.8738827302837
PTGES3,3843.7021743317036
PTGIS,73.73880123504442
PTGR1,129.94659405923971
PTGS1,9.618924127254408
PTGS2,13.058559432471014
PTK2,2.2216028543979145
PTK2B,28.7444894283754
PTK6,5.841984040506892
PTK7,1.8315879811371973
PTP4A2,2.85442008073933
PTP4A3,76.73783594992837
PTPDC1,4.241844957745885
PTPMT1,26.944986159888515
PTPN1,85.83426107737674
PTPN11,18.16407684282615
PTPN12,17.857285698038417
PTPN13,14.205963617179213
PTPN14,2.2840722167953795
PTPN18,90.45231678738254
PTPN2,16.809267053248007
PTPN21,15.364630077745064
PTPN22,5.948436861422725
PTPN23,26.09796685905365
PTPN3,2.59599786432725
PTPN4,1.7399171689508202
PTPN5,0.11239379391325317
PTPN6,163.66750622971963
PTPN7,2.6260485753256533
PTPN9,0.7319232211013602
PTPRA,0.5151330477555285
PTPRB,33.47947766509576
PTPRC,42.80472019972569
PTPRD,1.6796449699329985
PTPRE,16.148679854516473
PTPRF,27.758439335042677
PTPRG,6.427205805931907
PTPRH,0.026456888391182307
PTPRJ,2.195026453793893
PTPRK,7.942845711925207
PTPRM,37.85461407247183
PTPRN,0.09595109402061089
PTPRN2,4.843514067098323
PTPRO,4.436002555063429
PTPRQ,0.21485608212335092
PTPRR,0.070613971414321
PTPRS,28.39408403993914
PTPRT,0.21091289752194511
PTPRU,19.167215287546387
PTPRZ1,0.29369122991435653
PTRH1,0.0876192382957956
PTRH2,316.10285208910057
PTS,12.108043589009387
PUS1,9.125812684343295
PXDN,2.199245233669387
PXDNL,0.031096748604224362
PXYLP1,0.3900283303635837
PYCR1,5.265947362857683
PYCR2,419.552578851869
PYCR3,18.52640291410028
PYGB,420.37284436910227
PYGL,45.61792196885657
PYGM,5.033671338865047
PYURF,3.537672850557074
QARS,369.19446200757943
QDPR,679.0401752590251
QPCT,3.0780353799743194
QPRT,12.056869587886986
QTRT1,44.865508909014714
QTRT2,3.0803803903498332
RAD1,2.1108976767910637
RAD18,2.0681119279516347
RAD9A,22.077286488540967
RAF1,0.6022885921424741
RAG1,0.08163658883254715
RALBP1,23.131737974991875
RARS,294.67958295971613
RARS2,16.51789150658361
RBBP6,0.45369213635215333
RBKS,1.1433054745523377
RBP1,200.48180164099082
RBP2,1.3681376521114774
RBP4,17.855597689603677
RCHY1,7.767000553135748
RCL1,9.57682413224931
RDH10,12.539891518345069
RDH11,343.78439820931845
RDH12,0.1552592901332364
RDH13,4.037722558380885
RDH14,20.472813438551412
RDH16,0.46059563659541436
RDH5,4.291599856689087
RDH8,0.008587060126981851
REG3A,0.20956262077718146
RENBP,62.50594957195745
RET,0.12181472691035237
REV3L,5.44365662783631
RFC5,21.97638020294336
RFK,12.663479962182349
RFWD3,5.244041498347957
RGL1,20.015127051660556
RHAG,0.0454765686627809
RHBG,0.3354345050980549
RHCG,0.03449228795844632
RING1,104.33307349498939
RIOK1,0.7330026287208186
RIOK2,0.191308531837827
RIOK3,36.35144555399489
RIPK1,12.389577906187494
RIPK2,3.950430698386122
RIPK3,45.02229365910804
RIPK4,3.5876827984344533
RIPOR1,1.8350848174091228
RNF103,12.819362318838172
RNF115,7.308701770491273
RNF123,10.298583297635275
RNF125,3.7495855985831867
RNF126,31.122822849540057
RNF128,6.043146856394487
RNF13,68.16877494320167
RNF130,18.35054685641695
RNF133,0.1360539981825293
RNF138,9.074149759566417
RNF139,19.635945183765497
RNF14,17.30815556159177
RNF144A,5.872229738174586
RNF144B,40.19665880215287
RNF146,48.40148592057492
RNF149,84.16499159007067
RNF152,5.779017881434939
RNF167,128.43875495634418
RNF180,1.4219032785769616
RNF182,3.379513642632566
RNF185,35.2302083594706
RNF187,60.94774401259863
RNF19A,34.37836965609673
RNF19B,27.758439335042677
RNF2,7.607152966837784
RNF20,2.4874497640711484
RNF216,14.847048904668489
RNF217,5.787633951166027
RNF25,22.514256894615905
RNF31,36.192656620688474
RNF40,2.351551520969129
RNF41,20.708856678842437
RNF5,53.67488119411164
RNF8,2.9279689226698964
RNGTT,3.3961695292593927
RNMT,52.295021374364175
ROCK1,8.961043250698756
ROCK2,15.898919380141008
ROR1,1.443668888456153
ROR2,0.06055523139969872
RORA,2.7166821961781955
ROS1,8.551272388517722
RPAP2,0.9368282822906104
RPE,110.63543580972144
RPE65,0.011728131313476612
RPIA,38.81512404550035
RPL14,2249.811803138224
RPN1,752.6184528330064
RPN2,411.1607548157137
RPP14,17.889472707616758
RPS6KA1,110.05390617641999
RPS6KA2,24.86924563615646
RPS6KA3,4.048600908302976
RPS6KA4,1.870530920576813
RPS6KA5,1.3576885536715035
RPS6KA6,0.16637509509708304
RPS6KB1,2.0849175746378235
RPS6KB2,45.36679287748279
RPS6KC1,0.4398837009705471
RPUSD4,1.3237094233097477
RRM1,14.33634574796389
RRM2,2.0313635882379515
RRM2B,27.299400665448363
RTCA,21.09274748679591
RWDD2A,2.332735408797377
RXRA,18.12517803485838
RYK,25.994319642175046
SACM1L,29.259387273925775
SAE1,185.92538556180102
SAP130,0.8731456371642736
SARDH,0.8481014553169263
SARS,254.69094988579323
SARS2,14.004340597137029
SAT1,1765.0872607635215
SAT2,193.81452380252884
SBK1,0.7415810632435317
SC5D,21.478277973825485
SCARB1,15.559785831211551
SCARF2,20.871518165795052
SCD,201.48380926850453
SCD5,5.056203919550954
SCLY,2.5802893375705085
SCP2,156.03193161284088
SDC1,13.983470035344446
SDHA,200.59701010775922
SDHB,198.70648487283881
SDHC,21.627962350054577
SDHD,3.9941189681174225
SDR16C5,16.48904207719626
SDR42E1,1.3853886210276563
SDR42E2,0.28645529951896104
SDR9C7,0.008270544913869943
SDS,1.1097956947803496
SDSL,5.651852181865238
SEC11A,395.05273891721305
SEC11C,4.119346632065361
SELENOI,0.1784505883933933
SEPHS1,567.0333749954633
SEPHS2,58.64263138360032
SERPINA1,194.59790779863576
SERPINA3,11.25512652737224
SETD1A,0.34680832625519115
SETD1B,10.525939670824897
SETD2,0.05120522958380643
SETD5,32.66364313218168
SETD7,4.491821053438246
SETDB1,0.4510640199771018
SETDB2,10.377532118963543
SETMAR,7.518710011943303
SFXN3,2839.158893094952
SGK1,127.74573610830907
SGK2,0.1673157361994301
SGK3,8.231709344240763
SGMS1,12.50892827360374
SGMS2,5.677575522900489
SGPL1,33.10518841035589
SGPP1,12.519247367559696
SGPP2,0.9043022889992953
SGSH,39.871672606743005
SH3RF1,7.190619717311641
SH3RF2,1.9443279737131811
SH3RF3,4.628894906296271
SHMT1,107.37803693615894
SHMT2,363.2955000004237
SHPK,6.245009652641976
SHPRH,0.6756457556509777
SI,0.18373547314711697
SIAE,24.52308349676886
SIAH1,4.7758413290075925
SIAH2,14.269773672990034
SIK2,11.305485616682597
SIK3,3.062914826392409
SIN3A,3.3849331309349506
SIN3B,0.26673757685765304
SIRT1,8.409938262228927
SIRT2,59.04267015883351
SIRT3,9.681841680038191
SIRT5,4.248257320510304
SIRT6,16.192504217954102
SIRT7,39.37186357861778
SLC10A1,0.0068077856402293056
SLC10A2,0.058748703153154044
SLC10A6,0.04282914184046744
SLC11A1,533.4827309080388
SLC11A2,21.05778032760339
SLC12A1,0.12604246262781418
SLC12A2,2.4047505272869625
SLC12A3,0.0018170540491200798
SLC12A4,0.9307583982542763
SLC12A5,0.2380891086325734
SLC12A6,0.1804094487074496
SLC12A7,3.9913222414942893
SLC13A1,1.3898493503991496
SLC13A2,0.028107982257197985
SLC13A3,0.18715625635849925
SLC13A4,0.08858028401109093
SLC13A5,0.005913629941656053
SLC14A1,4.886543447231886
SLC14A2,0.01101622820867835
SLC15A1,0.005758943242387483
SLC15A2,8.67420539450706
SLC15A3,137.4725199216513
SLC15A4,13.48749810457902
SLC16A1,4.540301645477022
SLC16A10,0.4601186756628393
SLC16A2,6.7925412200858215
SLC16A3,19.235644362698544
SLC16A7,0.302005967983762
SLC16A8,0.5393446532754085
SLC17A1,0.00402329624352662
SLC17A2,0.014797084619435076
SLC17A3,0.01101224075745715
SLC17A4,0.016758172785412122
SLC17A5,14.718304134465706
SLC17A6,0.001790926876771294
SLC17A7,1.2331846757899325
SLC17A8,0.020812715000897656
SLC18A1,0.011493125144106735
SLC18A2,5.471707191234203
SLC18A3,0.06214561646399096
SLC19A1,6.699651330999481
SLC19A2,12.9648375464411
SLC19A3,1.9216517356045937
SLC1A1,12.46767179441346
SLC1A2,0.7288107897831718
SLC1A3,15.202441281829987
SLC1A4,1.6619979504645648
SLC1A5,76.80090072268318
SLC1A6,0.006603612139309766
SLC1A7,2.452609831629812
SLC20A1,39.628338247958474
SLC20A2,7.00082705462934
SLC22A1,0.11874743973445395
SLC22A10,0.3473612204756233
SLC22A11,0.0029516893896193914
SLC22A12,1.368484858340572
SLC22A13,0.0012172633029642708
SLC22A16,0.10446737087741595
SLC22A18,10.04297760524343
SLC22A2,0.0009518353515233063
SLC22A3,17.26364283301343
SLC22A4,1.6384579158612862
SLC22A5,6.836409986825339
SLC22A6,0.008030829790868959
SLC22A7,0.005158336033788837
SLC22A8,0.003412484336838979
SLC22A9,0.003332348436752775
SLC23A1,0.3406776330851824
SLC23A2,13.372099460707565
SLC24A1,1.756203644617155
SLC24A2,0.010540161311912986
SLC24A3,3.6726866970968173
SLC24A4,0.3139462189782344
SLC25A1,575.7820678178332
SLC25A10,4.974531505248095
SLC25A11,1326.6162721681992
SLC25A12,225.51690233344357
SLC25A13,199.78850764806774
SLC25A14,4.573354326851597
SLC25A15,1.0198711911842435
SLC25A16,9.691561352795423
SLC25A17,4.811494581075196
SLC25A18,0.5127739984214662
SLC25A19,16.20346464370393
SLC25A2,0.016034268762272978
SLC25A20,24.34210327832554
SLC25A21,0.07172396550778308
SLC25A22,9.974418049632554
SLC25A26,2.829151561977194
SLC25A27,18.791877867740244
SLC25A28,85.18126657102246
SLC25A29,44.55981082899666
SLC25A3,1875.9364112194748
SLC25A37,33.55742083565024
SLC25A4,228.85507437616246
SLC25A5,4072.1902444188827
SLC25A6,935.2583291344602
SLC26A1,1.7509881157672273
SLC26A11,126.55721513813221
SLC26A2,5.152438428336424
SLC26A3,0.0025651522617574953
SLC26A4,0.07821514045175794
SLC26A6,19.9000446140544
SLC26A7,0.019276420353306064
SLC26A8,0.23776207724424975
SLC26A9,11.094331514372035
SLC27A1,4.175380096840305
SLC27A2,0.3387672824981654
SLC27A3,54.43018889556549
SLC27A4,3.7792740909805658
SLC27A5,1.1592594130399243
SLC27A6,0.12219941938279291
SLC28A1,0.007789097709331883
SLC28A2,0.005608626917308237
SLC28A3,1.871851672446121
SLC29A1,84.80991529730065
SLC29A2,18.46347477212297
SLC29A3,12.694975406813604
SLC29A4,0.38031341307536876
SLC2A1,4.471992742688338
SLC2A10,4.418194682625093
SLC2A11,2.633932334122921
SLC2A12,2.8817555229047938
SLC2A13,1.5226578915621982
SLC2A14,0.08534915668805075
SLC2A2,0.7271472329221568
SLC2A3,83.1355132604872
SLC2A4,0.931201231429953
SLC2A5,0.23213739164969555
SLC2A6,5.181811120425455
SLC2A7,0.02769435809366143
SLC2A8,6.037054071448635
SLC2A9,1.5138329623828408
SLC30A1,7.46379139096794
SLC30A6,6.147817231124329
SLC30A7,26.381565761779438
SLC31A1,17.185810074978484
SLC32A1,0.007358023022706533
SLC33A1,764.9428751424036
SLC34A1,0.0015145607834314231
SLC34A2,1009.4450843236264
SLC34A3,0.14421738650291094
SLC35A1,65.20917554666197
SLC35A2,9.565383763294859
SLC35A3,7.720878869450453
SLC35B2,0.7335585514554187
SLC35B4,3.6525529357163626
SLC35C1,13.414035789047905
SLC35D1,3.386354852031674
SLC35D2,26.89150311422737
SLC36A1,5.456402707462178
SLC36A2,0.018462480759730695
SLC36A4,2.782583465619607
SLC37A1,5.861855673812332
SLC37A4,14.664737919327145
SLC38A1,8.16627168248352
SLC38A2,153.02485984826365
SLC38A3,0.03847448919232594
SLC38A4,0.09575276465861429
SLC38A5,20.65083544744308
SLC39A7,29.79775270583794
SLC3A1,0.01135036405562625
SLC3A2,102.91554126295186
SLC40A1,227.5376945424545
SLC41A1,9.169991853017411
SLC41A2,2.097294983344453
SLC43A1,11.204820035158559
SLC43A2,6.662223017969246
SLC46A1,4.825336139814875
SLC47A1,8.807051514385114
SLC47A2,0.045615466050872244
SLC4A1,0.07237332469435664
SLC4A10,0.04291130951605739
SLC4A2,35.21706632587758
SLC4A3,0.42140696862399996
SLC4A4,1.458013942210724
SLC4A5,0.7533324844923536
SLC4A7,0.3764813193247288
SLC4A8,0.7304042360155234
SLC4A9,0.0989707784817154
SLC51A,0.6193485394661999
SLC51B,3.2735135306865413
SLC52A1,0.21206620307869073
SLC52A2,31.50639345820399
SLC52A3,0.3798573362880793
SLC5A1,0.16045910582990056
SLC5A10,0.12356560777535586
SLC5A11,0.040759945473888164
SLC5A12,0.0003101555628078835
SLC5A2,0.2496421567497011
SLC5A3,0.1255683507315296
SLC5A5,0.02456468328232378
SLC5A6,15.864500271816084
SLC5A7,0.15500035342725976
SLC5A8,1.499989486024005
SLC5A9,3.917858270538318
SLC6A1,2.0039788012147493
SLC6A10P,0.0035940148948842418
SLC6A11,0.012573810814871828
SLC6A12,1.955020610604436
SLC6A13,0.2370674845272022
SLC6A14,2.800025329510243
SLC6A18,0.020564936803086797
SLC6A19,0.0028844499743423263
SLC6A2,0.05126577654728052
SLC6A20,0.6260024319326796
SLC6A3,0.6923880484334104
SLC6A4,129.22167257197367
SLC6A5,0.10319845039380167
SLC6A6,1.9022580090806374
SLC6A7,0.1070378962311255
SLC6A8,3.167560989799851
SLC6A9,7.730098069463104
SLC7A1,2.2356501073926083
SLC7A10,0.17705661455706137
SLC7A11,0.34512998853579224
SLC7A2,3.32414365921398
SLC7A3,0.04448941571177317
SLC7A5,1.6322316074118401
SLC7A6,9.65269634406119
SLC7A7,46.62566356836808
SLC7A8,23.465836802462476
SLC7A9,0.06167442551120236
SLC8A1,1.1687379116273897
SLC8A2,0.07317918274399265
SLC8A3,0.12500567245220956
SLC8B1,24.7527737666736
SLC9A1,25.140747507680242
SLC9A2,0.0026534408449946614
SLC9A3,0.44444414894869066
SLC9A4,0.314551529377227
SLC9A5,1.9036885370646397
SLC9A7,0.18986626790142827
SLC9A8,10.347909803869138
SLCO1A2,0.09085863545208828
SLCO1B1,0.5745214485775751
SLCO1B3,0.09499339185578688
SLCO1C1,0.04084116855016228
SLCO2A1,340.101372421996
SLCO2B1,143.46414963963878
SLCO3A1,9.788883189484844
SLCO4A1,12.067100335441946
SLK,27.61764724709593
SMARCD3,27.74600939969517
SMG1,1.1996036319808454
SMPD1,41.871811393904146
SMPD2,11.523380528660935
SMPD3,1.9905374845736592
SMPD4,10.251314003590494
SMS,194.11947947350455
SMURF1,21.841922548452608
SMURF2,21.06943454094976
SMYD3,3.719934845744961
SNRK,27.957494993569654
SOAT1,12.492752709679941
SOAT2,0.07595336199564251
SOD1,1434.876413157692
SOD2,67.47954146708409
SOD3,306.35334699714116
SORD,1.4256290338206188
SPCS1,127.92334970437152
SPCS2,271.0871685777671
SPCS3,506.00187411946723
SPEG,1.41135936337595
SPHK1,8.892700973442468
SPHK2,1.5107794575104874
SPR,583.9876691320877
SPRYD3,50.32118838216077
SPTLC1,17.80728244913974
SPTLC2,3.127448235292398
SPTLC3,1.0724506889461933
SQLE,0.4493182099328042
SRC,15.66958843156485
SRD5A1,1.8930623150990007
SRD5A2,0.19789380436175383
SRD5A3,5.459802838081453
SREBF1,67.14317961058381
SRM,423.789429920913
SRMS,0.0683451124063375
SRPK1,4.8236521904512255
SRPK2,9.323826733026964
SRPK3,0.443498271774547
SSH1,13.645232250776447
SSH2,12.12852736101513
SSH3,32.04522919091579
SSR4,249.9201932579751
SSU72,204.45194044557599
ST3GAL1,17.990269868081878
ST3GAL2,7.77623258682041
ST3GAL3,5.788495723085921
ST3GAL4,15.170051849090031
ST3GAL5,40.115354480326545
ST3GAL6,7.564547271450367
ST6GAL1,15.180846532967088
ST6GALNAC1,4.517970918152484
ST6GALNAC2,29.34750970048679
ST6GALNAC3,0.8875845610450769
ST6GALNAC4,28.531623501048575
ST6GALNAC5,4.19302528167547
ST6GALNAC6,126.71671618046787
ST8SIA1,0.48603821009881343
ST8SIA4,4.291599856689087
ST8SIA5,0.07720799153246732
STAMBP,10.4009395010775
STAMBPL1,1.8890810683363823
STARD3,82.97492509316689
STK10,1.392275350343771
STK11,28.65679398119365
STK16,1.4828282685794547
STK17A,17.72116244583376
STK17B,14.72902285155029
STK19,8.748493682702897
STK24,39.506801740950344
STK25,4.0300837915993375
STK26,0.629690691282171
STK3,9.1731222829292
STK31,0.43077526524045234
STK32A,0.9289526312991448
STK32B,0.22440483678365497
STK32C,5.872229738174586
STK33,3.7099245092201976
STK35,7.40896703393428
STK36,24.474791484834128
STK38,20.626736705006586
STK38L,7.336015165603413
STK39,17.595778679647214
STK4,2.8131297575970082
STRA6,0.06542780182914326
STS,10.397291315142771
STT3A,8.112080620840281
STT3B,67.54074034087216
STUB1,63.134105490568736
STYK1,0.22034079124579953
STYXL1,17.174697821828754
SUCLA2,98.56484890689956
SUCLG1,271.1011627503108
SUCLG2,795.2126072047076
SULT1A1,37.17443140674879
SULT1A2,8.110279580297833
SULT1A3,0.7208557826691668
SULT1B1,0.5368712791654026
SULT1C2,3.957237435249054
SULT1C4,7.537037102879665
SULT1E1,1.985838022635685
SULT2A1,3.553854432798619
SULT2B1,9.730462815178607
SULT4A1,0.1900214002834943
SUOX,14.739743391669167
SUV39H1,2.395652289433999
SUV39H2,0.7176795022019777
SYK,33.23293745967755
SYNJ1,0.11180103269401094
SYNJ2,0.021246538718034346
SYVN1,1.4254592993521418
TAF1,7.647217985707822
TALDO1,359.8780173392731
TAOK1,3.179426229196233
TAOK2,39.00807046289562
TAOK3,14.472278433716182
TARS,148.92299926745352
TARS2,1.4196824217330763
TARSL2,6.469935291268614
TAT,0.03183565576727659
TBCB,108.8761491441119
TBK1,1.212499916345553
TBL1X,7.390622941182148
TBL1XR1,11.230013866172747
TBXAS1,16.25829275057159
TCIRG1,233.35469672312274
TDO2,0.36352441219969384
TECR,128.36763579315013
TECRL,0.029580988613834697
TENT2,0.15316461371698084
TENT4A,0.45357387630786017
TESK1,39.35837569806657
TESK2,4.24264637929894
TFRC,152.53983880945216
TGDS,11.456877221543314
TGFBR1,26.202616348737358
TGFBR2,232.01899833257835
TGM1,1.3662923339029276
TGM2,1775.9194469642364
TGM3,0.060395348604233026
TGM4,0.8030397362335248
TGM5,0.00895948354339125
TGM6,0.018105422639918517
TGM7,0.01438308791538765
TGS1,7.127223791406129
TH,0.010141365476318134
THNSL1,1.18417882146657
THTPA,7.529064402608393
TIAM2,0.16273719128805578
TICRR,0.11528423978152583
TIPARP,14.386932015136631
TK1,4.221020426163384
TK2,13.29878481176167
TKFC,17.655218887752373
TKT,296.5866212120427
TKTL1,0.03564212887949632
TKTL2,0.011238058740153021
TLK1,10.714626346049386
TLK2,0.3124633044239063
TM7SF2,18.2828679092076
TMEM91,29.511329719152922
TMLHE,1.4586383913172758
TMX3,19.3041303684375
TNFRSF21,23.179397774631926
TNIK,6.4740511704950165
TNK1,2.768068062351045
TNK2,36.81550528461889
TNKS,3.7604901710934264
TNKS2,26.97790684075892
TNNI3K,0.11095503144696968
TNS2,1.434061794943761
TOPORS,9.352737216774967
TP53RK,5.711915707580251
TPH1,0.12367084603570593
TPH2,0.08567194949607831
TPI1,5464.312105342986
TPI1P2,0.0905649484168601
TPK1,2.4131983856700994
TPMT,11.245061017151402
TPO,0.11947774353851762
TPP1,210.61800764388886
TPSAB1,73.10097177461753
TPSB2,29.284558790519846
TPSD1,8.026460625831596
TPST1,5.123942371969873
TPST2,36.89519628929045
TPTE,0.3354345050980549
TPTE2,0.014564035909392222
TRAF7,53.80543089377596
TRDMT1,0.9340137666485258
TREH,0.0193446173754454
TREX1,8.655143574310667
TREX2,0.29261817184309646
TRHDE,0.6501963678126056
TRIB3,12.871273710151604
TRIM11,4.15310790425211
TRIM32,1.4157031325300922
TRIM33,5.243521183558604
TRIM63,4.31733273954983
TRIO,1.4918456421851773
TRIP12,11.80727958625437
TRIT1,9.798627857459692
TRMT1,12.29975206868236
TRMT11,8.045069466903996
TRMT1L,5.540701020061635
TRMU,6.525406820943179
TRPM6,0.06877302566212447
TRPM7,11.56819594232181
TSSK1B,0.20447763106973466
TSSK2,0.0231714118888251
TSSK3,4.404445528797054
TSSK4,0.7245655803449659
TSSK6,0.563723140900618
TST,35.73045250167198
TSTA3,165.69406449540415
TTC3,32.844532769176105
TTK,0.010690625813365327
TTL,1.9026713227672023
TTLL10,1.6147561707636233
TTN,0.8461123807910094
TUSC3,1.5365640013992719
TUT1,0.4073394574058374
TUT4,0.6950417161591614
TUT7,0.1907089895411479
TXN,2301.400475560271
TXN2,40.29559841515304
TXNRD1,237.42477105235932
TXNRD2,14.868531813311918
TXNRD3,0.926732519125783
TYMP,236.93085859317839
TYMS,25.745108343932937
TYR,0.1046323172264974
TYRO3,4.670652877603785
TYRP1,2.1061365411444037
UAP1,24.890206313518277
UAP1L1,73.19450673611856
UBA1,516.23276598906
UBA2,151.84571997055886
UBA3,81.02633473678485
UBA6,65.29652728612308
UBA7,189.51916802173076
UBE2A,58.8081940149908
UBE2B,63.665510454296964
UBE2C,1.6946231308418818
UBE2D1,15.072980533396262
UBE2D2,35.86065871904411
UBE2D3,1206.1760217674082
UBE2D4,11.893454083553882
UBE2E1,56.53457879136714
UBE2E2,4.3120825853733855
UBE2E3,8.351435161073585
UBE2F,1.8146329939961066
UBE2G1,14.113347531776173
UBE2G2,14.801854250784638
UBE2H,262.19021390358733
UBE2I,407.1368362630432
UBE2J1,15.218486291055177
UBE2J2,18.55393350339812
UBE2K,460.0151469759061
UBE2L3,1669.7757014493022
UBE2L6,81.42318990445119
UBE2M,135.87665025726926
UBE2N,22.28961670169164
UBE2NL,0.3354345050980549
UBE2O,13.162879492439068
UBE2Q1,7.59314849160163
UBE2Q2,2.6660855450901324
UBE2QL1,0.11187945309989351
UBE2R2,18.660274223174408
UBE2S,12.056869587886986
UBE2T,1.132592025879525
UBE2U,0.023784263818109993
UBE2W,6.42367353534312
UBE2Z,78.2301656267735
UBE3A,19.587119543102645
UBE3B,11.771235466846898
UBE3C,4.1534776209588795
UBE4A,0.9436942798820268
UBE4B,3.5646572206630345
UBLCP1,91.41388701883791
UBR1,0.7185838618731816
UBR2,5.120475047370286
UBR3,0.02959805050644776
UBR4,7.211338594144159
UBR5,0.6932803381121854
UBR7,11.396264123824986
UCK1,15.675729700360973
UCK2,2.0156525946229684
UCKL1,40.73966813410623
UCP1,0.058364989262093596
UCP2,79.38102683704292
UCP3,1.7249650013526319
UEVLD,6.301209956428464
UGCG,26.866828236757666
UGDH,61.08812245092458
UGGT2,2.285459261056905
UGP2,2024.5238560330688
UGT1A1,0.007649652176450849
UGT1A10,0.01133831887026453
UGT1A3,1.0114790584917612
UGT1A4,0.0951329295757727
UGT1A5,0.4044927492424471
UGT1A6,0.17846484523713252
UGT1A7,0.817507176308654
UGT1A8,0.1293154038699776
UGT1A9,0.11549856641655931
UGT2A1,0.3354345050980549
UGT2A3,1.2389146853275619
UGT2B10,1.2536713325042186
UGT2B11,0.23720441855058141
UGT2B15,0.009734577712037869
UGT2B17,0.04084116855016228
UGT2B28,0.6936387983112186
UGT2B4,0.2462988206775559
UGT2B7,0.025143397234623
UGT3A1,0.0006279706587486661
UGT3A2,0.017124460226897214
UGT8,0.09059756933509588
UHMK1,22.502420613909088
UHRF1,0.1167836287830099
UHRF2,11.104365345366901
ULK1,24.87386402216774
ULK3,60.21678904249392
ULK4,1.3002519289830305
UMPS,130.15221512918103
UPB1,0.26609511206740893
UPP1,11.801223951192041
UPP2,0.3354345050980549
UPRT,3.6099391732486565
UQCR10,64.57460013637146
UQCR11,60.3956077685682
UQCRB,118.5218339136761
UQCRC1,1023.1401750048046
UQCRC2,1943.4548433079033
UQCRFS1,261.9641575677402
UQCRH,59.78322226733472
UQCRQ,100.45053757068281
UROC1,0.0070385289059519745
UROD,55.09426186237465
UROS,7.924292443664961
USP1,11.004122561385836
USP10,5.576087272791124
USP11,53.03770749036458
USP12,30.562247134997797
USP13,2.8876143582225797
USP14,88.76198749802148
USP15,9.983882063196356
USP16,32.41852411757144
USP17L2,0.01086096818864722
USP17L22,0.04998256910149056
USP17L30,0.050968258904732194
USP17L5,0.050968258904732194
USP17L9P,0.3354345050980549
USP18,6.700543078189526
USP19,1.9280029648090051
USP2,1.1209397176172209
USP20,15.864500271816084
USP21,27.324167777190574
USP22,47.187734263429704
USP24,2.002311316044603
USP25,0.21254289850922078
USP26,0.08118014005684498
USP28,5.501494549716969
USP29,0.08228852752006045
USP3,0.9057115582527117
USP30,0.2772213988714066
USP31,4.1339793082476906
USP32,0.538247452233393
USP33,29.713246384035685
USP34,9.575076000376137
USP35,6.872270074958086
USP36,11.659461556904478
USP37,0.5240527584939454
USP38,4.712498271296701
USP4,4.789219110703151
USP40,0.8513985326884728
USP41,0.009462359132196042
USP42,2.4216311259512158
USP43,2.464603471592177
USP44,2.5745826748528224
USP45,1.976446893934012
USP46,2.437813062656265
USP47,6.573414267325363
USP48,0.47494665867853303
USP49,1.110967523722133
USP51,0.7378510492202318
USP6,0.06733893694525842
USP7,32.6165482303762
USP8,0.8229114724022322
USP9X,5.881191032847962
USP9Y,0.006034600245162786
UST,4.435192743307111
UXS1,27.65903629965633
VARS,127.63091384380225
VARS2,117.13878537655508
VKORC1,52.79200383556291
VNN1,8.12893361027257
VNN2,22.148010444185566
VNN3,1.108038493405486
VRK1,17.44803178067467
VRK2,2.694395943438751
VRK3,10.417059289829497
WARS,1669.4223759463014
WARS2,9.361956582310405
WDYHV1,3.8065262604974532
WEE1,3.2622033535706887
WEE2,0.009946244756936238
WNK1,4.510527934014489
WNK2,0.3712162763276466
WNK3,0.07840431990106445
WNK4,0.03402445150168969
WWOX,1.0021015970750224
WWP1,17.642851684399755
WWP2,0.2749227846976583
XDH,0.11021462647857715
XPO6,0.47970661192443836
XPO7,28.26918309847504
XYLB,0.42842868305047127
XYLT1,1.6693258306075356
XYLT2,9.208394465496408
YARS,1215.0216978740032
YARS2,25.562113122434198
YES1,12.99606064403978
ZADH2,10.585440258212744
ZAP70,8.372342331072893
ZC3HAV1,3.2171723654113746
ZNRD1,7.719417414232307
ZNRF1,11.335726264876365
ZNRF2,3.1554470047822307
ZSWIM2,0.015679988656711358
