A4GALT,13.82338501668238
A4GNT,0.031400148050883946
AACS,27.973611084525402
AADAC,0.014554788084123823
AADAT,0.7134923454585583
AAK1,5.776068193948939
AANAT,0.22430583867237625
AARS,474.3116048032469
AARS2,11.272117743954666
AASDH,7.2897603636602675
AASDHPPT,9.418893127469286
AASS,5.631496308022432
AATK,26.932102727195105
ABAT,3.8222722740681183
ABCA1,8.500465024860356
ABCA3,3.6481744867863393
ABCA4,0.04847212210409506
ABCA8,6.556047915274419
ABCB1,6.998677333820911
ABCB11,0.014871574303523495
ABCB4,12.065338637262393
ABCB6,27.777866167554787
ABCC1,1.8574595388728787
ABCC11,0.0423964479492743
ABCC2,1.9639728187686922
ABCC3,15.161257620426275
ABCC4,1.3569644958169218
ABCC5,30.68483922500764
ABCC8,0.12381417683460481
ABCC9,0.577341341296863
ABCD1,17.18735915562538
ABCD2,0.7524695912837719
ABCD3,27.460157662574506
ABCG2,0.16980926373073132
ABCG5,0.03878110702351666
ABCG8,0.0035524226588052495
ABHD12,13.668539577951972
ABHD5,6.508020384352245
ABHD6,37.3072559656105
ABL1,24.03041024498289
ABL2,3.1251560394323814
ABO,1.3499400177266114
ACAA1,86.25234273044126
ACAA2,21.054560951155853
ACACA,10.73048785306842
ACACB,10.096098579609372
ACAD10,10.77320794348978
ACAD11,2.0225554864751234
ACAD8,45.559968284252626
ACAD9,297.5172412121447
ACADL,0.020235484351856726
ACADM,37.73141193715068
ACADS,67.54334833230742
ACADSB,123.92060330777018
ACADVL,1024.4322947016756
ACAT1,16.282454623922153
ACAT2,14.006283621519222
ACE,1.2177225761999166
ACE2,0.01954004982913278
ACER1,0.5013259744409928
ACER2,1.1640287475593953
ACER3,8.925951033773522
ACHE,0.8857124814101346
ACLY,64.10083275648286
ACMSD,0.019089882164153943
ACO1,12.942466836599221
ACO2,38.32894388748993
ACOT1,2.152337729487394
ACOT11,0.04624307683639524
ACOT12,0.04004859184273548
ACOT13,4.801562079045827
ACOT2,5.7919623169940175
ACOT4,0.8526351472003818
ACOT6,0.017786393973121706
ACOT7,6.837011079115388
ACOT8,18.34300265591665
ACOX1,4.219793891431917
ACOX2,1.327632299659136
ACOX3,7.782264715394783
ACP1,4452.474660082237
ACP2,9.262169822438045
ACP4,0.0036202735317779565
ACP5,44.30950317432929
ACP6,7.531276060968162
ACP7,0.44999467512671487
ACPP,0.7697802657191894
ACSBG1,0.5966338177396248
ACSBG2,0.014508810462104425
ACSF2,13.56420881561719
ACSF3,8.624186235232605
ACSL1,158.04844302098203
ACSL3,4.055339500525277
ACSL4,4.4872122284640295
ACSL5,16.387355523997538
ACSL6,0.6546033974421961
ACSM1,0.27088181255351274
ACSM2A,0.0585122933778039
ACSM2B,0.004228940263104114
ACSM3,0.42515704320744135
ACSM4,0.16516849569454975
ACSM5,1.271836737676557
ACSS1,23.564873847583055
ACSS2,13.430162698752419
ACSS3,0.670934175427663
ACVR1,5.068620402518247
ACVR1B,8.952664709215503
ACVR1C,0.09564552382613106
ACVR2A,4.7473432393275345
ACVR2B,0.9237830482398395
ACVRL1,29.12080087838436
ACY1,128.3994837761666
ACY3,9.689419239189423
ACYP1,7.808341848318107
ACYP2,2.048342598724539
ADA,17.62795174569584
ADCY1,1.4269137568505574
ADCY10,0.07367067045352006
ADCY2,0.043439670047346585
ADCY3,13.890719435470158
ADCY4,62.68009239431958
ADCY5,2.9382066518070786
ADCY6,6.076118716062138
ADCY7,14.52839079903173
ADCY8,0.0031529631539027876
ADCY9,3.9106216286140754
ADH1A,15.260920881477592
ADH1B,17.447472052387972
ADH1C,0.06861537404853466
ADH4,0.00925643582202436
ADH5,332.9776252300607
ADH6,0.02462633347500286
ADH7,0.4157683195778386
ADHFE1,16.03537749536737
ADI1,55.653166127555274
ADK,7.3671454287163165
ADO,17.657747125968243
ADPGK,311.90153881179094
ADPRH,38.46917132401572
ADSL,512.8814806264065
ADSS,174.3454622997683
ADSSL1,2.741032502883018
AFMID,5.824976144277568
AGA,59.72815437697843
AGK,24.168261011974213
AGL,0.6605188656798406
AGMAT,0.8285598458304738
AGPAT1,6.905349594012244
AGPAT2,66.46416270480204
AGPAT3,18.26218406115417
AGPAT4,0.6453523031989263
AGPAT5,8.659592840538867
AGPS,21.024323579868412
AGT,0.15530149252347306
AGXT,1.5378712782750548
AGXT2,0.07273189725255508
AHCY,4599.8820631490225
AHCYL1,26.676486309392295
AHCYL2,6.075654908813432
AICDA,0.017825111764216278
AK1,463.6884392844038
AK2,624.1672161201107
AK3,57.35082284718221
AK4,11.717998640989267
AK5,0.02375247312351431
AK7,0.9148350044135485
AKR1A1,201.9946235297235
AKR1B1,178.351473054332
AKR1B10,0.022554696332973394
AKR1B15,0.01435669305842684
AKR1C1,1.0414656679588765
AKR1C2,0.34835789482314283
AKR1C3,1.8210425671809336
AKR1C4,0.029111419559857736
AKR1C8P,0.3354345050980549
AKR1D1,3.5763124860476507
AKR7A2,263.9154005934229
AKR7A3,1.0567299883975316
AKT1,5.463277598058003
AKT2,1.8778464562757091
AKT3,7.143983388240839
ALAD,245.89620901185324
ALAS1,23.808022362874663
ALAS2,0.7952934912220055
ALB,0.4440296920297936
ALDH18A1,113.24247274642417
ALDH1A1,45.967516713303425
ALDH1A2,1.0086293592671334
ALDH1A3,0.7819387543517442
ALDH1B1,5.180840313230927
ALDH1L1,0.06054476677054232
ALDH1L2,0.44507946657415975
ALDH2,538.7310835788993
ALDH3A1,0.25613819408447747
ALDH3A2,113.3528930278042
ALDH3B1,12.309846032085638
ALDH3B2,0.03738507708811286
ALDH4A1,8.271538595194158
ALDH5A1,10.497772526785926
ALDH6A1,3.5253527921344414
ALDH7A1,9.498186841867453
ALDH9A1,890.2107631781116
ALDOA,2789.0374772308005
ALDOB,0.8644229994363037
ALDOC,24.88090968521749
ALG1,7.4791768091411495
ALG10,1.1908223606206365
ALG11,1.3117384719763574
ALG12,10.068812702392432
ALG13,28.312499260881573
ALG14,0.5900066874285418
ALG1L,0.14158642170101024
ALG1L2,0.16441927189674188
ALG2,85.25624367855727
ALG3,2.392192468677325
ALG5,25.645496095980715
ALG6,6.94758794353869
ALG8,9.006134170114176
ALG9,5.265896008208092
ALK,0.007925984496502154
ALLC,0.016112438768381462
ALOX12,1.9578377265286375
ALOX12B,0.15312350175544912
ALOX15,0.010423356820247295
ALOX15B,8.52695018406918
ALOX5,221.27349221790487
ALPG,2.1334538652401167
ALPI,0.025445417856301784
ALPL,147.4795705425175
ALPP,0.12394730653401177
AMACR,88.05154222895455
AMD1,56.80773610959835
AMDHD1,1.8156611617328033
AMDHD2,50.49642813594797
AMFR,0.33094121384835684
AMHR2,10.543591022684115
AMN,1.3416466554413384
AMPD1,0.2699200463628883
AMPD2,25.38436755925406
AMPD3,17.89906120272834
AMT,30.950596609357568
AMY1A,2.6438139326066277
AMY1B,0.015837778404112806
AMY1C,2.6438139326066277
AMY2A,0.3012334811332913
AMY2B,16.738801740804416
ANAPC11,24.263777389738408
ANGPTL4,0.6071533028986297
ANKRD1,0.3948867499051582
ANPEP,21.69826141053416
ANXA3,524.6448628301432
AOAH,67.40351679072313
AOC1,0.024323940998085075
AOC2,2.650909831246177
AOC3,7.600157311636193
AOX1,0.6890358993595831
APOA1,0.4842223579242072
APOA2,0.10656283722079675
APOA5,0.11645175048604357
APOB,0.03775873536247314
APOC1,141.08530887822886
APOC2,0.05150831708378829
APOC3,0.12234894004205149
APOE,1177.332985628138
APRT,1265.3262358418694
AQP1,28.65005215896972
AQP10,0.2122658593513206
AQP2,2.053743019254548
AQP3,126.60165049429631
AQP4,0.05752863193020832
AQP5,0.299469976101385
AQP7,1.1690054624596915
AQP8,0.08088254569156465
AQP9,106.16342239624869
ARAF,2.5151746726214848
ARCN1,210.63064672383388
ARG1,22.76457946703794
ARG2,0.4938302827801323
ARSA,47.80305119091361
ARSB,1.7238602878734188
ART1,0.007333418847064844
ART3,0.5061550960701703
ART4,4.5339346757330965
ART5,0.025214165732571663
AS3MT,24.423118530002565
ASAH1,183.85127216389947
ASAH2,0.049611341479915555
ASH1L,0.02273860544548317
ASL,374.60894629861076
ASMT,0.24948514923119441
ASNS,1046.1485864622875
ASPA,0.46563645749600696
ASPG,0.07111610724157859
ASPH,98.45149780535472
ASRGL1,1.4449815181043997
ASS1,60.838926833794226
ATE1,8.067449302041515
ATIC,708.4220546693643
ATM,4.937485334710376
ATP10A,0.7900629830357682
ATP11A,9.01505119394514
ATP11C,8.429909025965635
ATP1A1,38.130878689909125
ATP1A2,3.6420918885464904
ATP1A3,1.2396957362670527
ATP1A4,0.03272145420209749
ATP1B1,12.93434867781021
ATP1B2,3.12959654890477
ATP1B3,53.36663688704115
ATP1B4,0.008578811499774618
ATP2B1,23.231847160956644
ATP2B2,0.04740836779700813
ATP2B3,3.8082211325943556
ATP2B4,20.187963642750866
ATP4A,0.07409158603426585
ATP4B,0.20863095443786475
ATP5F1A,124.53265572432873
ATP5F1B,167.30632217246165
ATP5F1C,21.50971022167614
ATP5F1D,155.46511749348954
ATP5F1E,125.55773209538297
ATP5MC1,4.311892001287344
ATP5MC2,2.868050998110428
ATP5MC3,5.997867959791037
ATP5ME,117.38991896387836
ATP5MF,1.481717785000078
ATP5MG,179.57272888452187
ATP5MGL,23.718922705117464
ATP5PB,5.524565248774745
ATP5PD,6.7181129554220975
ATP5PF,4.959033242795014
ATP5PO,42.13932100131758
ATP5S,0.3354345050980549
ATP6V0A1,2.888622582338504
ATP6V0A2,1.2100167792870886
ATP6V0A4,0.5590999308309642
ATP6V0B,95.26528499520057
ATP6V0C,336.66050730064813
ATP6V0D1,621.0760419192652
ATP6V0D2,0.008873002234308303
ATP6V0E1,280.8456248954118
ATP6V1A,202.09046835292708
ATP6V1B1,0.05443130030876575
ATP6V1B2,964.4485415706762
ATP6V1C1,33.98422120192632
ATP6V1C2,4.155970621010219
ATP6V1D,17.361056783655076
ATP6V1E1,206.87533098602006
ATP6V1E2,0.9064973779178138
ATP6V1F,44.82982074990419
ATP6V1G1,99.99953097733157
ATP6V1G2,3.258850051476844
ATP6V1G3,0.2330917175245828
ATP6V1H,17.131045219786905
ATP7A,3.038053090893197
ATP7B,0.6692415050109677
ATP8A1,11.476507635802948
ATP8B1,3.0446812214358396
ATP8B2,24.508175468948522
ATR,0.09503569165356572
AUH,3.912127629482245
AURKA,0.01984815960541657
AURKB,1.1086778779987434
AURKC,1.8297933252011163
AWAT1,0.0633604788899994
AWAT2,0.6905945531355334
AXL,0.11405833747580117
AZIN2,0.7963414524148358
B3GALNT1,4.017106304548502
B3GALNT2,0.7134923454585583
B3GALT1,0.19049017294498705
B3GALT2,0.7409678867300837
B3GALT4,11.059133209591582
B3GALT5,0.004951275214883314
B3GALT6,11.160906099447654
B3GAT1,1.293977578158094
B3GAT2,0.9705572373802017
B3GAT3,50.85903792241953
B3GLCT,0.7866139610071975
B3GNT2,14.742059068279794
B3GNT3,0.06113642157875025
B3GNT4,0.2537110171043831
B3GNT5,0.7541975322808764
B3GNT6,0.3354345050980549
B3GNT7,4.2886143587856935
B3GNT8,11.821700841693621
B3GNT9,2.77433037958554
B3GNTL1,2.985854056211541
B4GALNT1,0.13055102457923515
B4GALNT2,0.08753139082536945
B4GALNT3,1.142919610121647
B4GALNT4,0.3096841196128975
B4GALT1,54.52211430822191
B4GALT2,4.316797334807117
B4GALT3,45.27932486246798
B4GALT4,6.4634191320492285
B4GALT5,43.54338562673269
B4GALT6,0.45086100673938534
B4GALT7,21.72949449131596
B4GAT1,2.277812689362301
BAAT,0.2252036456765304
BARD1,3.16145261910591
BBOX1,0.01573863863785126
BCAP31,1965.990926309398
BCAT1,1.2252484300930238
BCAT2,14.353981657585939
BCHE,3.0859799037005593
BCKDHA,8.75565519562457
BCKDHB,4.97449953174322
BCKDK,35.24466495718919
BCO1,0.06461878427195712
BCR,0.6617782623588898
BDH1,6.51475733650473
BDH2,20.548265731945342
BHMT,9.628605885429819
BHMT2,0.3764581440010753
BIRC6,8.252236149093926
BLK,170.68738320820424
BLVRA,1561.1660837303343
BLVRB,1262.8026492256702
BMP1,15.112407494743119
BMP2K,0.8394114957304138
BMPR1A,1.581082847931939
BMPR1B,0.1439498945477075
BMPR2,7.3155393887763385
BMX,1.7620024224593507
BPGM,8.83907077657842
BPNT1,14.141320995444246
BRAF,10.42453617547821
BRAP,0.2996445057797325
BRPF1,17.818811736667616
BRSK1,0.6675495882424214
BRSK2,0.3081087959310502
BSCL2,17.02763293500935
BSG,48.87305523472748
BTD,5.556885501584862
BUB1,1.1274418046677912
BUB1B,0.029500655457483874
C1GALT1,15.857895625779802
CA1,0.05396027322512571
CA12,0.5883519455156841
CA13,13.560788672789519
CA14,0.014894660036058473
CA2,3.515528975617145
CA3,0.8244616163302314
CA4,8.588805212087156
CA5A,0.02183948242818499
CA5B,0.8977830899636183
CA6,0.06534338736988443
CA7,0.021448011523755584
CA8,0.6737569642178968
CA9,0.042882729052357016
CAD,81.02475389648762
CALM1,200.14771643893562
CAMK1,8.667262422294383
CAMK1D,12.640344094160081
CAMK1G,6.754708152102499
CAMK2A,0.20725351710390888
CAMK2B,0.11930282686195298
CAMK2D,247.45927049722093
CAMK2G,16.046561011081398
CAMK4,1.775390487331854
CAMKK1,15.720095430354364
CAMKK2,49.64008017841432
CANT1,33.764935218734
CARM1,12.340708448108144
CARNS1,3.143665479668225
CARS,15.729931271461393
CARS2,27.023320237723073
CASK,12.655036387429186
CAT,146.10703253633307
CBLC,0.08369038284139203
CBLL1,12.66874401476039
CBLL2,0.027434690025870352
CBR1,31.139085079446534
CBR3,32.09869914955516
CBR4,62.61007760339935
CBS,1.3219066394386607
CBSL,0.3354345050980549
CBX1,98.30504397240654
CCNB1IP1,14.917285516485133
CD36,131.73235721457402
CD38,16.4211074348392
CDA,123.17366893430497
CDC14A,4.955231199967258
CDC14B,1.0432953186683604
CDC25A,0.9249772781562172
CDC25B,69.73639587922987
CDC25C,0.13283876379719234
CDC34,4.925023876294665
CDC42BPA,1.1555483091887786
CDC42BPB,2.9979839867853384
CDC42BPG,3.4393707693059703
CDC7,6.643836762126769
CDIPT,148.19531372014103
CDK1,2.1108316261309112
CDK10,73.30669327735916
CDK11A,71.67176511729146
CDK11B,32.15145384576842
CDK12,15.219914377605985
CDK13,29.27435862930319
CDK14,7.3671454287163165
CDK15,0.007099711138455909
CDK16,41.56262449204524
CDK17,24.902238656448432
CDK18,10.488613047536816
CDK19,6.334969160290345
CDK2,22.491919577879248
CDK20,3.11997684920668
CDK3,36.826809123325546
CDK4,9.82585944776498
CDK5,28.426348463623803
CDK6,12.020159204922248
CDK7,86.86097437097979
CDK8,7.332734301509473
CDK9,129.3521164065204
CDKL1,2.3008149495588763
CDKL2,0.06571803988840338
CDKL3,0.33303192409158766
CDKL4,0.05111357671594035
CDKL5,0.042535285690648184
CDKN3,0.4788990521381065
CDO1,1.1783468596102
CDS1,0.7720935784510327
CDS2,11.411404373798495
CDY1,0.256335927830294
CDY1B,0.256335927830294
CDY2A,0.04923577690024244
CDY2B,0.04923577690024244
CEL,2.5406175660274575
CEPT1,9.241011037924803
CERCAM,4.373260477602386
CERK,23.39598700982231
CERS1,0.09580572827727094
CERS2,50.9558109469792
CERS3,0.016941346480178202
CERS4,29.09887567607845
CERS5,19.777573044782653
CERS6,1.4288476712783889
CES1,88.08752843400411
CES2,14.160630651937764
CES3,0.1076658381007544
CES5A,0.020040696583918813
CFTR,0.013390502479801973
CH25H,0.592214281771648
CHAT,0.0030850291681320096
CHD9,5.961505533950351
CHDH,0.2524276922663778
CHEK1,0.21318924430362116
CHEK2,4.624957135170682
CHFR,23.63882901464186
CHI3L1,2.5185163247630147
CHIA,0.34819723870797287
CHIT1,0.2266811376594021
CHKA,11.324898163227521
CHKB,181.82705089332796
CHMP4A,78.00195447481997
CHPF,5.911794072685924
CHPF2,41.842923063783466
CHPT1,12.009036931561608
CHST1,6.513072983386546
CHST10,4.525244919171696
CHST11,12.839378525523356
CHST12,24.423118530002565
CHST13,0.24550821714908552
CHST14,1.2636951489944086
CHST2,33.85497864059247
CHST3,1.1783468596102
CHST4,0.008513383680455826
CHST5,0.10946758695792183
CHST6,0.014508810462104425
CHST7,13.067513347722898
CHST8,0.25723413234157516
CHST9,2.6969863564929386
CHSY1,15.268825446139815
CHSY3,0.16243893715913676
CHUK,1.235929346839805
CHURC1-FNTB,3.2507362769424972
CIDEA,0.012820509806959838
CINP,0.5092628339994133
CIT,8.236417215232978
CKB,7.825735131627184
CKM,4.529984422426802
CKMT1A,1.8694627886660367
CKMT1B,0.03452018775932966
CKMT2,1.0347617953811359
CLC,0.6765818373779787
CLCF1,16.908011065974176
CLK1,14.39429435602499
CLK2,135.4599614650833
CLK3,1.8749592119276668
CLK4,2.2427978803457433
CLOCK,5.025141398976654
CLPS,4.884693721285325
CLTRN,0.5786685643266595
CLYBL,1.2466158349986936
CMA1,0.7504889198679588
CMAHP,12.19688913180058
CMAS,31.017098933053973
CMPK1,739.8083647872405
CMPK2,3.2067408565938345
CMTR1,52.289706436026165
CNDP1,0.07516490616069402
CNDP2,158.49158570308646
CNOT4,4.948008973396092
CNP,16.76864041461833
COASY,985.8421264989495
COL4A3BP,4.541057368811539
COLGALT1,204.77553428984203
COLGALT2,0.6686774489551219
COMT,54.450347394931
COMTD1,533.7765823719428
COP1,0.4785008438550989
COPA,273.2399688980182
COPB1,213.27622315942108
COPB2,70.10732623838946
COPE,489.04401281450447
COPG1,162.9173646615244
COPG2,82.95808217663071
COQ2,8.473994390932129
COQ3,7.565556593098512
COQ5,2.184712265347453
COQ6,11.5137387471021
COQ7,0.1960276592298661
COX1,7.766401376158287
COX17,33.05732630873353
COX2,5.3369352212394165
COX3,0.33446363282071023
COX4I1,496.73580269961366
COX4I2,1.1311530857470369
COX5A,169.16595831568836
COX5B,391.6093880741962
COX6A1,11.564077048477321
COX6A2,1.4974723682723998
COX6B1,57.43051346730792
COX6B2,0.260861333584396
COX6C,57.62081332185389
COX7A1,14.557494993270634
COX7A2,41.07855463339315
COX7A2L,19.705907763257343
COX7B,25.736561036113343
COX7B2,0.3354345050980549
COX7C,159.92200499925949
COX8A,361.4490725772421
COX8C,0.058115007539611595
CP,0.2523754670922651
CPA1,11.569625178338933
CPA2,1.202070033073267
CPA5,0.3324832634523495
CPA6,0.03488865793403801
CPOX,110.9003635714374
CPS1,0.19076147412073086
CPT1A,0.4253120163129638
CPT1B,63.62243630038375
CPT1C,8.624186235232605
CPT2,58.42119551509981
CRAT,6.160234040954115
CREBBP,0.35412276021408157
CRLS1,10.214487238156643
CROT,10.926951421235136
CS,4303.428341062325
CSAD,32.49762179867427
CSF1R,251.22809800027466
CSGALNACT1,10.718020523487343
CSGALNACT2,47.301572372519274
CSK,245.3117027030331
CSNK1A1,25.380545623150788
CSNK1A1L,0.4304226287363437
CSNK1D,150.69524236790767
CSNK1E,3.474130092702983
CSNK1G1,3.5102412292596203
CSNK1G2,127.45426838881662
CSNK1G3,10.543591022684115
CSNK2A1,332.479861816572
CSNK2A2,292.11896138733925
CSNK2B,609.1269089225752
CTBP1,90.28630929337416
CTDP1,3.1203149241720984
CTDSP1,130.87475379023047
CTDSP2,124.33295299848095
CTDSPL,9.346064989309749
CTDSPL2,2.9710966882011935
CTGF,0.3354345050980549
CTH,0.8426379750330175
CTPS1,14.460520953273358
CTPS2,4.141969136231129
CTSA,367.2689139205068
CTSB,432.11251340412764
CTSC,56.57350325521906
CTSD,2190.1886461472295
CTSE,0.01335368885552574
CTSF,46.84819372342705
CTSG,0.8057726783290292
CTSH,59.65655718953634
CTSK,17.307325748801148
CTSL,6.3196239538691
CTSO,31.516664696026744
CTSS,231.18363604021607
CTSV,0.014013326344042494
CTSW,32.039926305290265
CTSZ,27.450596215725373
CUBN,1.0353709231038573
CWC27,9.032889901497219
CYB5D1,9.941651085190504
CYB5R1,31.583379444978053
CYB5R2,1.0659072913601737
CYB5R3,1661.6910939911047
CYBB,108.785041351351
CYBRD1,10.178034082062409
CYC1,489.8596683494864
CYLD,10.03127672659137
CYP11A1,2.5591802480787096
CYP11B1,0.1133755178964106
CYP11B2,0.007328324117412755
CYP17A1,0.45138725186913203
CYP19A1,0.11788873042224939
CYP1A1,0.006057746179157754
CYP1A2,4.881250664873969
CYP1B1,11.550991073416787
CYP21A2,1.0487876599094537
CYP24A1,0.00219017661050218
CYP26A1,0.16477177307082305
CYP26B1,1.193944845256411
CYP27A1,13.554626324687353
CYP27B1,0.3195121903654714
CYP2A13,0.005966728666533739
CYP2A6,0.15582501461549988
CYP2A7,0.004268278621198022
CYP2B6,0.02889595120271605
CYP2C18,0.006531383768370486
CYP2C19,0.1750227487879086
CYP2C8,0.8597044389769548
CYP2C9,0.13627582512980346
CYP2D6,1.9129508958587875
CYP2E1,1.3212707241503712
CYP2F1,0.004979816622425619
CYP2J2,0.08943492029966688
CYP2S1,7.574204165283614
CYP2U1,7.764888502524656
CYP39A1,0.28038715044174745
CYP3A4,0.04641930715828533
CYP3A43,1.2489318499587934
CYP3A5,0.311408747147999
CYP3A7,0.019443213936744818
CYP46A1,0.061395588572793064
CYP4A11,0.002245897140554964
CYP4B1,0.15069061576298054
CYP4F11,0.1499967693464627
CYP4F12,0.7720935784510327
CYP4F2,1.3721447209835187
CYP4F22,0.10383445964911926
CYP4F3,1.9503438766606027
CYP4F8,0.3354345050980549
CYP4V2,20.95105940293968
CYP4X1,0.10525817699057251
CYP4Z1,0.08130083947706235
CYP51A1,8.789878221890897
CYP7A1,0.1562615198207403
CYP7B1,0.9023336161559996
CYP8B1,0.0535984364853272
CYTB,10.283962318241796
DAD1,655.7630941297327
DAGLA,1.8055785980346521
DAGLB,17.66810269464766
DAO,1.8577966562707513
DAPK1,15.739768195856058
DAPK2,5.422052155800401
DAPK3,3.333316157933656
DARS,4086.8097303309764
DARS2,6.987642404276725
DBH,0.866783983388345
DBI,62.96881441326188
DBT,2.6444415614398964
DCK,30.451635682267785
DCLK1,22.17356476529704
DCLK2,2.325377888465339
DCT,0.11564894918618862
DCTD,16.634332452040788
DCTPP1,34.49775516885776
DCXR,71.20950682617445
DDAH1,10.666794307138971
DDAH2,82.21989726229687
DDC,0.04606696471620017
DDO,1.142919610121647
DDOST,1015.3549449942627
DDR1,6.831915088831063
DDR2,1.2579542292259966
DECR1,42.158654631188156
DECR2,10.681256677828122
DEGS1,9.949746938121164
DEGS2,1.230898170742289
DERA,38.12996671159127
DGAT1,89.7289368981452
DGAT2,14.712890172348086
DGKA,142.09922814163622
DGKB,0.0018612250383627975
DGKD,52.05887338834649
DGKE,10.488613047536816
DGKG,0.8314893409110331
DGKH,2.2818978762817497
DGKI,0.011426213929980429
DGKQ,29.011203971701114
DGKZ,49.84488613535014
DGUOK,29.029820926829593
DHCR24,12.665091766527322
DHCR7,9.417910402014355
DHDH,1.6225252890668833
DHFR,246.13725381777422
DHODH,4.545789071695196
DHRS2,13.535464922164536
DHRS3,22.209387669631006
DHRS4,171.19929270500802
DHRS9,2.2294956202488985
DIO1,0.017501466106739225
DIO2,0.0208953233004939
DIO3,0.9381316836807896
DLAT,349.41724545846796
DLD,725.5863972416277
DLST,422.2400934066206
DMGDH,0.020629106667367458
DMPK,47.06285616507289
DNAJC6,0.6546033974421961
DNMT1,17.24417164475354
DNMT3A,12.517407788071797
DNMT3B,0.5883519455156841
DNMT3L,0.045926160321780894
DOLPP1,12.102898843360627
DOT1L,23.945648124064324
DPAGT1,39.10126390584725
DPEP1,2.038541746403496
DPEP2,25.13706932710526
DPEP3,2.2329824191125485
DPH5,50.436761415566956
DPM1,1409.1326223180195
DPM2,38.2944260127879
DPM3,24.149990480443485
DPYD,16.599678595003525
DPYS,0.0444523310736763
DPYSL2,1873.90782206508
DPYSL3,51.08350267971601
DSTYK,7.109758534858261
DTYMK,19.235982555723012
DUOX1,0.38370866134092513
DUOX2,0.029566713153394375
DUPD1,0.11783200419515537
DUSP1,858.4042591223356
DUSP10,5.434285577697257
DUSP11,13.987011220796461
DUSP12,9.652890104072014
DUSP13,0.009605273709329586
DUSP14,0.28772981239371315
DUSP15,0.7066522042890921
DUSP16,7.530983721699577
DUSP18,1.2202302865994439
DUSP19,1.159677193340032
DUSP2,131.73235721457402
DUSP21,0.08186674790155296
DUSP22,43.48455119287142
DUSP23,47.17025213424968
DUSP27,0.004606373016609786
DUSP28,6.286394861723304
DUSP3,250.13099598367205
DUSP4,0.3164938257034836
DUSP5,18.85968910196913
DUSP6,52.86148507593204
DUSP7,24.79562601462922
DUSP8,3.385260154400494
DUSP9,0.1601213597712146
DUT,375.32446703714226
DYRK1A,27.159354507239936
DYRK1B,11.905937878498124
DYRK2,11.207220680001086
DYRK3,0.24215558070015192
DYRK4,8.377060147887244
DZIP3,6.34167422563522
EARS2,0.7829413907992059
EBP,394.35436465948993
ECH1,384.4674250086108
ECHDC2,23.122003700957496
ECHS1,106.89358210379882
ECI1,20.568888255191162
ECI2,52.83713178434784
EGFR,0.7929590765426456
EHHADH,1.5300373789859565
EHMT1,0.9684561558111453
EHMT2,2.644794114923185
EIF2AK1,50.20666996934255
EIF2AK2,46.65468930222839
EIF2AK3,6.736065977663168
EIF2AK4,0.26935758017535094
EIF4EBP3,69.41687433519242
ELOVL1,11.397269005855037
ELOVL2,0.005039370389139203
ELOVL3,0.1462339087041783
ELOVL4,0.14326162861049546
ELOVL5,3.193510006027932
ELOVL6,1.3723128500821538
ELOVL7,0.5461649108012635
ELP3,2.3947049024489315
ENGASE,142.6791837389278
ENO1,873.5478050268999
ENO2,48.85837336183149
ENO3,63.19511016213051
ENOPH1,228.0719159856315
ENPP1,0.3002045482261586
ENPP2,12.61195540676191
ENPP3,0.34624716561645824
ENPP6,0.7146334956490159
ENPP7,0.013501050225518075
ENTPD1,22.240749009304032
ENTPD2,0.019397851309029584
ENTPD3,0.41222469936429335
ENTPD4,70.36340592816215
ENTPD5,3.84682069984251
ENTPD6,24.22131747508868
ENTPD8,0.21480298919960544
EP300,3.5266665365455094
EPHA1,3.554096188786677
EPHA10,0.029566713153394375
EPHA2,1.0510828893616189
EPHA3,0.1312704833624161
EPHA4,2.1551098520430765
EPHA5,0.012755888151500921
EPHA6,0.002897952991992163
EPHA7,3.7900945743838297
EPHA8,1.2390669730288342
EPHB1,1.0153031804904067
EPHB2,0.023943460216042923
EPHB3,0.3759994269622834
EPHB4,4.32357949078286
EPHB6,10.939068551224889
EPHX1,118.41242498186682
EPHX2,7.2125197080915475
EPM2A,4.247182085850352
EPRS,37.398893758057135
EPX,0.5325882907794666
ERBB2,0.058943379836824364
ERBB3,0.08852552430639367
ERBB4,0.0268859934599889
ERN1,18.373325819150875
ERN2,0.01334519593966252
ESD,540.1946094702301
ETFA,1722.889298044384
ETFB,462.1342908230081
ETFDH,16.985680126937464
ETNK1,20.682377171895766
ETNK2,1.9428550944302734
ETNPPL,0.4847552576912487
EXT1,4.213619416954469
EXT2,18.961295346542496
EXTL1,0.7049439850484026
EXTL2,8.95202264930141
EXTL3,6.797110419998307
EYA1,0.038337488927924095
EYA2,0.07221986392318196
EYA3,2.067039614430104
EYA4,0.12067816137872789
EZH1,87.9010405896019
EZH2,0.09020780096843486
F13A1,6.449124525963896
F13B,0.952082265681838
F2,37.171748814504454
FAAH,7.272583258741177
FAAH2,0.6591013525712748
FABP1,0.12021940818481962
FABP12,0.07361943011456162
FABP2,2.0423800119197857
FABP3,7.973852048944474
FABP4,7.19537482940935
FABP5,831.2963978708669
FABP6,0.3155547115992982
FABP7,0.008011291579381274
FABP9,1.0553661478381027
FADS1,3.91139143930528
FADS2,2.5238958016383055
FADS3,1.7484031197591101
FADS6,2.150951903924243
FAH,4.204261471642103
FAM20B,13.929222089192876
FANCL,14.247581447658924
FAR1,40.58655799510708
FAR2,6.360119591739013
FARS2,1.8715113890207085
FARSA,1162.1824851065735
FARSB,1.8464735989877838
FAS,13.487582320867787
FASN,16.559966738530935
FASTK,94.29357635989687
FAXDC2,8.026244982799431
FBP1,10.681256677828122
FBP2,1.4721666119210948
FDFT1,51.28265871884467
FDPS,32.05107598706042
FDXR,42.55450609285594
FECH,10.059720301389165
FER,2.0694687711127524
FES,213.93060999991198
FGA,0.03166363993205422
FGFR1,4.8534899184615865
FGFR2,0.12360466938169055
FGFR3,2.4737061897631394
FGFR4,15.268825446139815
FGGY,0.5778909998655155
FGR,222.3708293477027
FH,593.1099240735292
FHIT,2.408525636104663
FHL2,1.3832710023821033
FIG4,17.35735514334404
FITM1,11.802995821127409
FITM2,3.67176141264207
FKBP10,9.059444713087805
FKBP11,32.721301538281075
FKBP14,2.0201949644957224
FKBP1A,756.0183863044625
FKBP1B,1.9667006108496563
FKBP2,591.2118310788411
FKBP3,802.6293214581665
FKBP4,369.0431404921545
FKBP5,27.471933742650158
FKBP6,0.04490994959297115
FKBP7,3.292991602492424
FKBP8,36.01293543707035
FKBP9,30.71186327637783
FKBP9P1,0.3354345050980549
FLAD1,10.520698155428072
FLT1,9.652073072820345
FLT3,3.3560135621507983
FLT4,55.761181383679606
FLVCR1,3.8253393128665696
FMO1,0.009988628347665174
FMO2,0.36796251477452663
FMO3,0.06362487550455147
FMO4,2.392984590444976
FMO5,2.1585758884926256
FMO6P,0.003777874954066514
FN3K,3.3965207245761615
FN3KRP,27.777866167554787
FNTA,47.11366827434107
FNTB,7.375752640534181
FOLR1,0.006716551040733199
FOLR2,9.38197558370539
FOLR3,6.964627437832173
FOSL1,0.8414632045061563
FPGS,2.193472890991053
FPGT,4.930362459266039
FRK,0.14150060732862058
FRMPD2,0.014371669987526408
FTCD,0.22207430184152016
FTMT,0.3764543508002139
FUCA1,66.36275023689012
FUCA2,26.608042745194904
FUK,11.457900049699807
FUT1,11.616233559835743
FUT10,1.191446742322396
FUT11,12.640344094160081
FUT2,0.5767917748750289
FUT3,0.007188464448314299
FUT4,2.7135791553645285
FUT5,0.011763123283858784
FUT6,0.06355034114837749
FUT7,8.633035490887186
FUT8,0.6882167288617533
FUT9,0.00048623239005505836
FYN,207.45987570553396
G0S2,27.39778748738576
G6PC,0.0029608060167951346
G6PC2,0.006806960105210783
G6PC3,42.4427282920515
G6PD,635.0734795463803
GAA,84.1463904431646
GAD1,0.014721671126539061
GAD2,0.03730519390911924
GAK,6.970690545327135
GAL3ST1,0.10889373237153671
GAL3ST2,0.04801564304876634
GAL3ST3,0.004531370607801547
GAL3ST4,3.8161394967960973
GALC,11.793645267704363
GALE,16.838300344896577
GALK1,301.59595631590145
GALK2,17.608570087194018
GALM,9.923508416500896
GALNS,12.112292105901245
GALNT1,18.54532333195258
GALNT10,0.6905018010161951
GALNT11,10.60779585189571
GALNT12,1.891931281669029
GALNT13,0.024900942891164683
GALNT14,1.0555074052251687
GALNT15,16.322048576013426
GALNT2,9.471857918348435
GALNT3,7.825735131627184
GALNT4,5.013879848514138
GALNT5,0.006111979333967467
GALNT6,7.09265697409251
GALNT7,0.5097293298581164
GALNT8,0.09006850647744621
GALNT9,0.24687993287109478
GALNTL5,0.43999999999999995
GALT,61.84036901050103
GAMT,9.886118913083797
GANC,7.041395891401277
GAPDH,1050.0850143954842
GAPDHS,0.021929047814525524
GARS,208.0359387391051
GART,112.9499217210956
GATM,11.943410324683784
GBA,12.595490692915629
GBA2,85.11213561145537
GBA3,5.886138594574486
GBE1,8.948545902055685
GBGT1,8.845894554423863
GC,0.024408922337436148
GCAT,39.535845748864546
GCDH,17.17736857896134
GCH1,22.136241545586003
GCK,0.22374758627442495
GCLC,19.15588974007587
GCLM,33.37763900130115
GCNT1,6.1010853397036895
GCNT2,1.6251629107866956
GCNT2P,0.3354345050980549
GCNT3,0.045363704127551766
GCNT4,0.6065988398881995
GCNT7,0.15099435074109643
GCSH,0.9585251696354535
GDA,0.015598863752073686
GDE1,7.2878741214492715
GDPD2,42.55683544924907
GFPT1,112.53073286124547
GFPT2,0.8291455991384084
GGCT,23.88211118256494
GGH,1.7887963563749394
GGPS1,517.7260326186052
GGT1,3.859873292708836
GGT2,1.2557625587889092
GGT3P,0.0041067119117892265
GGT5,19.49118758194131
GGT6,0.01616219996962195
GGT7,24.79562601462922
GGTLC1,0.5642767148917974
GGTLC2,1.7831684152107201
GIF,0.3354345050980549
GK,14.374372036700114
GK2,0.9456388863331135
GK3P,0.054975686233118305
GLA,18.707460431785808
GLB1,27.473729380049875
GLB1L,4.39289588835789
GLCE,0.1632955423766686
GLDC,0.1492601764169664
GLIPR1,28.573546827049885
GLO1,1284.581074226785
GLRX,157.7322084352201
GLRX2,8.18373827472452
GLS,253.68846524542485
GLS2,1.566000352722646
GLT6D1,0.06930364432416915
GLT8D1,1.6269378992795174
GLT8D2,0.20267372929074395
GLTP,25.775539823782
GLUD1,1054.7907606783328
GLUD2,0.0683133313388962
GLUL,21.64117563952468
GLYAT,26.66571856032572
GLYCTK,5.611801728822388
GM2A,35.13131598562541
GMDS,50.10362658896582
GMPPA,28.192493411841042
GMPPB,62.72211870418675
GMPR,11.728227984424569
GMPR2,93.752225811163
GMPS,91.81496867110482
GNE,6.583589757739793
GNMT,9.796673638855967
GNPAT,37.42180939018101
GNPDA1,28.825056560268045
GNPDA2,4.654310135090691
GNPNAT1,17.077956989172545
GNPTAB,14.93677759580918
GNS,30.41309230730673
GOT1,2162.936112392779
GOT2,1602.8364669246102
GPAA1,74.36574742035316
GPAM,0.15235204002431052
GPAT2,0.7220587818249117
GPAT3,0.6582069289240687
GPAT4,1.352005973421296
GPCPD1,53.8983191470277
GPD1,0.3398284668630206
GPD2,99.0047303538516
GPHN,5.851202724652099
GPI,1695.2361958837853
GPIHBP1,29.076953382835878
GPLD1,0.4688134882775572
GPT,0.6383440633047179
GPT2,4.551322987753249
GPX1,178.5048466832547
GPX2,0.20647368367863653
GPX3,526.5215776556723
GPX4,129.52946532979527
GPX5,0.793289329058847
GPX6,2.01032323162201
GPX7,5.839017016544991
GPX8,0.9465196434390925
GRHL1,0.579540527884946
GRHPR,31.139085079446534
GRK1,0.11699235770509935
GRK2,4.014622265826703
GRK3,1.2623639556998993
GRK7,0.029762218723129792
GSR,385.4683132297459
GSS,293.80332013268855
GSTA1,0.061395588572793064
GSTA2,5.619549002346362
GSTA3,3.8201241689736465
GSTA4,14.761510648563222
GSTA5,0.58469847618054
GSTK1,179.40800602691223
GSTM1,0.05208343654310564
GSTM2,16.738801740804416
GSTM3,66.2009531623227
GSTM4,5.597038776393516
GSTM5,7.105432627320115
GSTO1,1413.2493944100295
GSTO2,0.09444549993471424
GSTP1,4945.870877840613
GSTT1,27.05109743445026
GSTT2,2.9389386646792017
GSTZ1,5.921157217880954
GTF2F1,11.424114845287445
GTF3C4,0.7982548376801084
GUCA1A,0.0803580412103317
GUCY1A1,2.9663227089166733
GUCY1A2,0.43146667040490155
GUCY1B1,1.0453859436592674
GUCY1B2,0.5223105917832501
GUCY2C,0.05388787159160101
GUCY2D,0.005537161922987887
GUCY2F,0.025201413983418457
GUK1,135.40699756998364
GUSB,13.528377731118582
GYG1,59.6068037846026
GYG2,0.08659360575509233
GYS1,50.63426656285949
GYS2,0.1309741513021303
H6PD,27.988209535377802
HAAO,2.7150228538376564
HACD1,0.6699772991826155
HACD2,3.095013644366691
HACD3,4.330319334841662
HACD4,0.5979568033382378
HACE1,3.569998300284658
HACL1,20.198242382356725
HADH,838.3626775167212
HADHA,956.2421076545088
HADHB,87.95431572751367
HAGH,38.9877636328806
HAGHL,19.64451688501684
HAL,8.801473733365759
HAO1,0.19763453007540133
HAO2,2.123937704953015
HARS,157.12691236245132
HARS2,67.94502945740787
HAS1,0.05472152074262404
HAS2,0.011716073742393713
HAS3,0.6675495882424214
HAT1,58.49489133208125
HCCS,15.29818534334857
HCK,242.12404595456508
HCST,107.2934759555676
HDAC3,2.174033279415542
HDC,0.008013879150211976
HDLBP,55.45721541782043
HECTD1,6.360437183352888
HECTD2,2.0708452056828555
HECTD3,4.209204886644303
HECW1,0.002614937508834941
HECW2,7.669441961921541
HELZ2,10.178034082062409
HEPH,2.144025135880654
HERC1,1.0151879397708332
HERC2,0.25496211381854283
HERC3,21.054560951155853
HERC4,17.143661529298445
HEXA,54.41194102280513
HEXB,2.662644221791981
HEXDC,0.3354345050980549
HGD,0.2591898009684203
HIBADH,19.49118758194131
HIBCH,7.704125730933018
HIF1AN,8.429909025965635
HIGD2A,18.73854508438038
HIPK1,25.951265656780198
HIPK2,7.436052589691642
HIPK3,29.658873163453055
HIRIP3,0.29316349458685603
HK1,264.56231099813635
HK2,42.597331931093066
HK3,194.7723387756372
HKDC1,0.16006813907138215
HLCS,2.1218859889103614
HLTF,0.0854796644368065
HMBS,68.15171810133353
HMGCL,122.74893794869368
HMGCLL1,2.9108746089659068
HMGCR,20.568888255191162
HMGCS1,28.628189816852064
HMGCS2,0.00860762764448244
HMOX1,1749.1122038361518
HMOX2,135.1106012989434
HNMT,8.624186235232605
HPD,0.529880216913657
HPGD,15.99590703541897
HPGDS,0.05050457899108758
HPRT1,394.85088340381793
HS2ST1,8.146692215847063
HS3ST1,2.4936043107174872
HS3ST2,0.03215872795179227
HS3ST3A1,1.907522565889623
HS3ST3B1,5.829105194517189
HS3ST4,2.9587151335855797
HS3ST5,0.17535341548517636
HS3ST6,0.12540846956332583
HS6ST1,29.164660004511806
HS6ST2,0.014285037792188008
HS6ST3,0.0326273576634013
HSD11B1,3.1347785460137234
HSD11B1L,1.8002052789183964
HSD11B2,3.196336812638316
HSD17B1,1.159677193340032
HSD17B10,60.72801674778304
HSD17B11,166.4631284912934
HSD17B12,195.04564935902766
HSD17B14,15.494171087146494
HSD17B2,0.015004403238713281
HSD17B3,0.5822915789028434
HSD17B4,80.81452507313888
HSD17B6,59.59436657584514
HSD17B7,5.4227139923131125
HSD17B7P2,10.278335395051847
HSD17B8,2.15562145945971
HSD3B1,0.8561440324619417
HSD3B2,0.07658736860932715
HSD3B7,19.001964737635202
HSPG2,0.11651820997501762
HTATIP2,96.16959875420294
HUNK,0.0048184664787856695
HUWE1,5.523897234185888
HYAL3,1.380639204078108
HYALP1,0.3354345050980549
HYI,12.0465662497101
HYKK,0.28513704014600494
IARS,990.9002332974817
IARS2,41.63266801734994
ICK,3.6041162482406666
ICMT,12.64980948703357
IDH1,67.23832718065621
IDH2,33.32658021644554
IDH3A,425.5064615367802
IDH3B,382.5837186476282
IDH3G,128.58504812342034
IDI1,116.8702849705693
IDI2,0.3072724813755329
IDO1,1.9728405789555075
IDO2,0.11855381763203822
IDS,39.55206697659419
IDUA,30.950596609357568
IGF1R,6.1894446330834905
IKBKB,104.1566194053707
IKBKE,20.126310569614336
IL4I1,0.740393622038908
ILK,38.250221857329194
ILKAP,33.94177003101622
IMPA1,324.6542393089415
IMPA2,26.37825885314484
IMPDH1,70.32311818355932
IMPDH2,171.13656409347442
INMT,7.041395891401277
INPP1,792.0081718190113
INPP4A,10.939068551224889
INPP4B,1.7166173633611015
INPP5A,14.538091057261953
INPP5B,10.269209941905528
INPP5D,220.17711266290308
INPP5E,51.9811719227099
INPP5F,0.42855765964270165
INPP5J,0.2020340016893811
INPPL1,19.222913040676534
INSL3,6.186106263504632
INSR,137.0425088488708
INSRR,0.003823255874956569
IP6K1,22.98522574401191
IP6K2,44.21508497078172
IP6K3,4.044193033536453
IPMK,5.29511394843879
IRAK1,130.01813896065488
IRAK2,7.582853476624749
IRAK3,51.53712765963656
IRAK4,37.9955009418729
IREB2,13.650504825941788
ISYNA1,132.30628321920423
ITK,28.322426386901807
ITPA,518.4369774116707
ITPK1,27.919272525779807
ITPKA,0.22477123602061197
ITPKB,39.19366208017826
ITPKC,19.001964737635202
IVD,560.2973641561266
JAK1,161.89623706217253
JAK2,18.707460431785808
JAK3,166.5051105198201
JMJD7-PLA2G4B,0.19276672646590834
KALRN,7.332734301509473
KANSL3,44.793951764954684
KARS,504.6654516199929
KAT2A,262.64987583169466
KAT2B,27.843114926600702
KAT5,31.238954579135033
KAT6A,19.001964737635202
KAT6B,5.836538783023642
KAT7,21.77115089974325
KAT8,71.37637265345714
KCNJ11,1.7854432247226029
KCNJ8,4.863087336506458
KDR,3.7793793372818882
KDSR,7.817037637989955
KHK,2.887775611860589
KIT,0.8946098935790561
KL,1.2127098841492476
KMO,4.513399986362644
KMT2A,12.915344791123704
KMT2B,0.3354345050980549
KMT2C,10.745607993851959
KMT2D,24.6358583793039
KMT2E,31.383309819210773
KMT5A,0.08744585611927874
KMT5B,0.052531638327043204
KMT5C,0.3350355754164824
KPNA6,57.41918335783796
KYAT1,0.41426786262502635
KYAT3,10.315561941178165
KYNU,5.221312600705825
L1CAM,0.23909341432975062
L2HGDH,0.8732825260133402
LALBA,0.008933631508551284
LAP3,1040.8236081384478
LARS,644.2709885987974
LARS2,5.818370736042771
LATS1,0.8204001309083042
LATS2,5.395155741827532
LBR,150.3964407119937
LCAT,24.689094043236686
LCK,96.67194839779245
LCLAT1,1.3003158573469082
LCT,0.0064690343283523195
LDHA,2913.1022368085705
LDHAL6A,0.08185557456598619
LDHAL6B,0.014597915349823137
LDHB,301.07023134683374
LDHC,13.74100658898184
LDHD,0.3290950882998946
LDLR,1.5904892809516868
LGALS13,0.16621830202908744
LGMN,89.84924902343192
LGSN,0.04783337042554605
LHPP,75.38809799317373
LIAS,1.1177800651003422
LIMK1,33.59621779163755
LIMK2,63.6350175884607
LIPA,158.34384719831755
LIPC,0.3130363668474537
LIPE,10.892951426328823
LIPF,0.10505457995956805
LIPG,0.017658433255974892
LIPT1,10.856082461242162
LIPT2,2.4936043107174872
LMTK2,6.330779128971604
LMTK3,0.7026674931217561
LOC102724197,0.3354345050980549
LOC286297,0.3354345050980549
LOC344967,0.3354345050980549
LOX,1.2189763178281914
LOXL2,1.8993851710540794
LPCAT1,20.847050456050884
LPCAT2,11.25356899351325
LPCAT3,16.520271646828757
LPCAT4,3.4580581144237166
LPIN1,24.03041024498289
LPIN2,22.617690696739043
LPIN3,4.632094042857418
LPL,0.5352987919240164
LPO,0.006141596863889861
LRAT,0.020997516630348476
LRP1,3.5117350294226646
LRP2,0.1334706329777467
LRRK1,0.8097814940222599
LRRK2,9.570902241674647
LRSAM1,19.69567360799424
LRTOMT,1.890576583954572
LSS,82.24724685245891
LTA4H,866.2549425999961
LTC4S,1.1193264282750504
LTK,6.146070606325186
LYN,199.68596237340432
LYPLA1,170.33676231334715
LYPLA2,161.30512334225713
LYZL1,1.4145390562382973
MACROD1,2.6569776683420323
MACROD2,0.326806562270472
MAGEA2B,0.1626710879648594
MAK,0.8110213060341278
MAN1A1,2.610025625701267
MAN1A2,3.042828878110547
MAN1B1,2.119717509476159
MAN1C1,6.095258181860669
MAN2A1,4.160347456189307
MAN2A2,73.53893920331993
MAN2B1,140.07267129063175
MAN2C1,118.41242498186682
MANBA,58.22907811700067
MANSC1,13.66969479348859
MAOA,82.48126372005564
MAOB,0.3480562238247838
MAP2K1,388.79985387633195
MAP2K2,327.27533693779753
MAP2K3,25.377817983773184
MAP2K4,31.70362138154527
MAP2K5,5.834886730289009
MAP2K6,4.738205601857514
MAP2K7,4.846294885972803
MAP3K1,43.672870657167685
MAP3K10,14.044842433223446
MAP3K11,96.10343580653685
MAP3K12,15.798812466731173
MAP3K13,2.084618402883042
MAP3K14,26.942916608581797
MAP3K15,3.2715274095371227
MAP3K2,14.69344989702958
MAP3K20,0.20179825659102824
MAP3K21,0.03839897316107535
MAP3K3,59.78097266960294
MAP3K4,16.510350496453135
MAP3K5,19.297275135719588
MAP3K6,30.828741043403426
MAP3K7,1.193068457064312
MAP3K8,23.132530997664556
MAP3K9,1.7006491468709761
MAP4K1,104.95303467085832
MAP4K2,70.38901914840065
MAP4K3,7.341334422614749
MAP4K5,31.105822483353418
MAPK1,397.97872210513634
MAPK10,0.5336978800444588
MAPK11,13.153245737551485
MAPK12,3.469497286111771
MAPK13,19.317670878571814
MAPK14,115.7673737845078
MAPK15,0.4735861473720239
MAPK3,113.85209991678835
MAPK4,0.032754609172727114
MAPK6,9.006134170114176
MAPK7,25.372287001035424
MAPK8,9.166877496837316
MAPK9,6.476740374776823
MAPKAPK2,4.251361842070283
MAPKAPK3,22.450023347180345
MAPKAPK5,28.376984558871346
MARCH1,19.327870172607216
MARCH10,0.03650450261420412
MARCH11,0.007982758707868126
MARCH2,41.95981193271441
MARCH3,1.063458644613757
MARCH4,0.004531370607801547
MARCH5,10.266344547570197
MARCH6,45.81310799170069
MARCH7,59.35814653164479
MARCH8,17.25732181081726
MARCH9,28.639120620507224
MARK1,0.8591149389812531
MARK2,39.96338963127995
MARK3,45.22008374014835
MARK4,11.17942787792731
MARS,226.0587260293687
MARS2,10.837656240246506
MAST1,0.0499682994949559
MAST2,5.695587374770595
MAST3,38.087433931010864
MAST4,4.077514792245416
MASTL,0.11250580835094107
MAT1A,0.3354345050980549
MAT2A,333.6347230660684
MAT2B,348.1801136201609
MATK,7.634785795123794
MBOAT1,13.038957851637972
MBOAT2,3.2171508487970866
MCAT,10.023478206097982
MCCC1,12.725577490347547
MCCC2,27.693846319186704
MCEE,7.9651257740011445
MDH1,2337.9178893392777
MDH1B,0.09616636076710805
MDH2,4122.369480507412
MDM2,0.029160918708843183
MDP1,107.31758030069017
ME1,447.1364258431727
ME2,90.34918136070341
ME3,10.819235535032588
MECR,4.124867525568746
MED1,0.5323647505153722
MELK,0.0230657542291578
MERTK,43.55515419434654
MET,1.5246883631257906
METTL1,16.826649272943573
METTL3,95.60309343090954
MGAM,17.808757458903482
MGAT1,110.52976209427024
MGAT2,1.4249471424445466
MGAT3,1.366553655526956
MGAT4A,6.789474564470571
MGAT4B,38.21390561702661
MGAT4C,0.3354345050980549
MGAT4D,0.02696149145334556
MGAT5,23.68110742072196
MGAT5B,0.20299372657065926
MGLL,41.30597621390114
MGMT,6.1132139177720735
MGRN1,50.38773441440545
MGST1,4.1661502894608144
MGST2,62.578652082420206
MGST3,13.56420881561719
MIA3,14.712890172348086
MIB1,6.319049639942014
MIB2,39.44795477435714
MID1,0.2581400934484147
MIF,11.663861151651547
MINK1,0.6747960435925922
MINPP1,7.306944599851487
MIOX,0.15351513989342042
MIP,0.024853558207502995
MKNK1,78.18456276504389
MKNK2,225.9830698914362
MKRN1,54.80384633482939
MKRN2,22.188484441244572
MKRN3,0.02943650238628118
MLKL,121.09326213121788
MLYCD,17.35735514334404
MMAA,1.0738722303112935
MOCS1,3.9352687891751446
MOCS2,11.681540645425983
MOGAT1,0.025585034136600075
MOGAT2,0.027014146234931913
MOGAT3,0.0044402564109937365
MOGS,227.64118607731646
MOK,1.4689178831556853
MOS,0.09191795284698573
MOXD1,0.38355523001076103
MPC1,42.59200066247481
MPC2,14.780966744074046
MPI,13.296351799382045
MPO,1.9299318983355878
MPST,1266.3090225354645
MRPL58,13.330417578133794
MSMO1,23.269462551301068
MSRA,8.166253596317054
MST1R,0.542901040649193
MT1A,0.7335085748722339
MT2A,55.896424526469424
MT3,0.3354345050980549
MT4,0.3354345050980549
MTAP,460.2387211903571
MTFMT,8.757092361040106
MTHFD1,161.07029198789635
MTHFD1L,7.851837824071521
MTHFD2,13.480070444189014
MTHFD2L,3.0159777288267327
MTHFD2P1,1.5620699826615299
MTHFR,14.1799449468577
MTHFS,16.4310191219406
MTMR1,5.9121190378578055
MTMR14,41.36428077458
MTMR2,0.6397774737135202
MTMR3,0.9630965600250712
MTMR6,6.385176204676207
MTMR7,0.49489987689232684
MTMR8,0.7547736676657217
MTPAP,7.049934855259091
MTR,0.8562542904073446
MTRR,16.868170156868146
MTTP,0.02525841674529076
MUL1,21.147789034224594
MUSK,0.02328751946053523
MUT,0.3354345050980549
MVD,107.48920018404229
MVK,10.387951912620471
MYBBP1A,151.65103680563107
MYCBP2,0.38300822298797393
MYLIP,51.8403555899439
MYLK,0.6300889324980848
MYLK2,0.6344302307271462
MYLK3,0.025217245808519893
MYLK4,0.3819193022530582
MYO3A,0.018569542212317804
MYO3B,0.46034988807020016
MYO5B,1.3524936303859372
NAA10,71.78741191250354
NAAA,25.425799294188586
NADK,132.87735905284512
NADSYN1,45.908117915922595
NAGA,18.19151941569818
NAGK,35.55102766868585
NAGLU,46.110128970427134
NAGPA,21.55261181750143
NAGS,0.8709184307227068
NAMPT,1046.6091294051103
NANP,2.1668983742334333
NANS,321.51683467792253
NAPRT,25.164291606310147
NAPSA,1.1101509994132592
NARS,3078.8182702575805
NARS2,8.562286274041226
NAT1,9.33798681109429
NAT2,1.6880251733602727
NCOA1,19.3890858329418
NCOA2,0.5402264819134777
NCOA3,9.747361067074788
NCOA6,10.19625779105107
NCOR1,0.12249241340294385
NCOR2,1.5401694785990667
ND1,0.7496282848946749
ND2,6.647572110665278
ND3,3.518721426725826
ND4,15.91921099634504
ND4L,0.3354345050980549
ND5,3.9860139175064595
ND6,2.1511623729121254
NDST1,54.106110345854944
NDST2,57.400239440187654
NDST3,0.9064973779178138
NDST4,0.032423326128649205
NDUFA1,264.75081073377294
NDUFA10,58.2763366232807
NDUFA11,75.36894839586145
NDUFA12,9.469077945137206
NDUFA13,476.1831070521718
NDUFA2,11.125352617588824
NDUFA3,6.643968156231212
NDUFA4,16.32592894236293
NDUFA5,12.800487692055263
NDUFA6,25.792765210231202
NDUFA7,2.98697632406757
NDUFA8,50.24460226664965
NDUFA9,27.413705122639602
NDUFAB1,88.22565972010543
NDUFB1,49.387289939011495
NDUFB10,132.0102941009829
NDUFB2,26.67279942758494
NDUFB3,86.7648645801052
NDUFB4,84.21247538947803
NDUFB5,92.51410952182918
NDUFB6,17.43451297702301
NDUFB7,128.5393564979696
NDUFB8,54.554416700717695
NDUFB9,10.373900515499354
NDUFC1,28.967385602346372
NDUFC2,20.429943829850608
NDUFS1,27.167221413608686
NDUFS2,39.14589197745064
NDUFS3,171.93935969140153
NDUFS4,38.82430024387822
NDUFS5,301.8833061153566
NDUFS6,10.757217916931618
NDUFS7,16.53865603045494
NDUFS8,47.730883070523866
NDUFV1,70.9076114605607
NDUFV2,78.98897022756351
NDUFV3,8.970481631020528
NEDD4,1.9720441772765176
NEDD4L,0.8461531120987491
NEK1,2.8353168139452145
NEK11,0.4842223579242072
NEK2,0.17376045953604807
NEK3,6.178596092088758
NEK4,7.19537482940935
NEK5,0.009320174582002308
NEK6,0.6745228246959664
NEK7,33.56357791421708
NEK8,11.849768146816285
NEK9,4.020727094671419
NEU1,42.67407270975355
NEU2,0.07868648115252536
NEU3,2.286099292163324
NEU4,0.07535685595490886
NEURL1,0.14715923590013888
NEURL1B,0.2727108250534088
NGLY1,40.142945815055015
NHLRC1,0.7243461998631991
NIT2,503.53870371510607
NKTR,172.93536142237343
NLK,14.849098580248823
NLN,25.829566350776293
NME1,2639.1527195219833
NME2,281.45765578880633
NME3,141.08530887822886
NME4,53.11349025073105
NME6,0.5904640353062631
NME7,0.6902977455776004
NMNAT1,2.824409276375266
NMNAT2,0.06106240935554193
NMNAT3,2.4595104718011904
NMRK1,12.687683527767769
NMT1,89.70879631091587
NMT2,2.666784421739952
NNMT,36.701159432146945
NNT,10.975986927376296
NOL9,17.537671011039716
NOS1,0.004507976953696562
NOS2,0.014528922519182464
NOS2P1,0.3354345050980549
NOS2P2,0.3354345050980549
NOS3,155.39419397403026
NOX1,0.1013208845551404
NOX3,0.09198887034239282
NOX4,0.08919752883743383
NOX5,6.293090847795122
NPAS2,6.223681187011939
NPC1,16.292351523989833
NPC1L1,0.01946136421054384
NPR1,2.5677556545888325
NPR2,7.032858750845777
NQO1,208.93144005413748
NQO2,193.9151658646655
NR1D1,16.699031411715143
NRF1,2.6234539397013914
NSD1,10.911394158332715
NSD2,0.8117852405670956
NSD3,0.8238692165195934
NSDHL,525.0684100055478
NSF,81.48442700345068
NT5C,280.3653436691448
NT5C1A,0.058725969276404735
NT5C1B,0.1385883953679349
NT5C1B-RDH14,0.037698419756150243
NT5C2,78.93030847319591
NT5C3A,27.94103856588475
NT5DC3,2.0749660998660393
NT5E,19.34827160427564
NT5M,2.8353168139452145
NTAN1,3.256920338086854
NTRK1,0.05541188002544493
NTRK2,0.6664220630340361
NTRK3,0.7790408350929691
NUAK2,21.47985190211302
NUDT10,3.302885013082879
NUDT11,0.3362272844986212
NUDT12,3.6200574771754503
NUDT2,13.631319608378712
NUDT3,19.524955271784574
NUDT4,7.19537482940935
NUDT5,176.6013741051975
NUDT9,14.183631526376706
OARD1,11.681540645425983
OAT,200.73551971340183
OBSL1,0.8832871812854884
OCRL,10.516095707597113
ODC1,5.712585675910143
OGA,13.207835039605774
OGDH,448.75354251201446
OGT,399.3620545544822
OLAH,6.042857977276507
OPLAH,17.18735915562538
OTC,2.3305572451444374
OTUD5,95.80587949050665
OXCT1,100.10285956883186
OXCT2,0.05965919256378098
OXSM,11.003690072564888
OXSR1,23.058857654691653
P4HA1,25.179807460179113
P4HA2,7.9401387070758895
P4HA3,0.036369358820909525
P4HB,459.232210504612
PADI1,0.054467562992464226
PADI2,35.17664785718609
PADI3,1.4480638550391858
PADI4,15.33734731275403
PADI6,0.3354345050980549
PAFAH1B2,578.4648943919038
PAFAH1B3,204.00574838679324
PAFAH2,8.588805212087156
PAH,0.00848985129208852
PAICS,185.16537982311564
PAK1,38.770444238121904
PAK2,255.93860405484946
PAK3,0.27052323034704867
PAK4,0.2304897907659149
PAK5,0.1843105272396382
PAK6,0.4847552576912487
PAM,0.3252541327249841
PAN2,82.06283822201524
PANK1,0.8238764473259719
PANK2,10.856082461242162
PANK3,14.94652531602161
PANK4,18.75817917279524
PAOX,6.877885846166925
PAPOLA,9.706016346996499
PAPOLB,0.001685626918642528
PAPOLG,6.672581463601723
PAPSS1,49.30433557734729
PAPSS2,8.659592840538867
PARP1,111.62801425905805
PARP10,9.279477542290122
PARP11,3.84682069984251
PARP12,7.536168372338611
PARP14,90.46462035086549
PARP15,219.3945723881904
PARP16,8.757092361040106
PARP2,16.55310585750857
PARP3,31.09821690686948
PARP4,7.568220601530706
PARP6,71.10685437107719
PARP8,41.107849176124304
PARP9,33.427649453914064
PARS2,1.844619093010503
PASK,9.688187683669373
PBK,0.22019529703478138
PC,13.828681086956175
PCBD1,19.35847374126108
PCBD2,4.304414380269494
PCCA,9.841938774934066
PCCB,2.0058831069357734
PCK1,0.06906887729866382
PCK2,21.739907276033996
PCMT1,478.9189054090392
PCYOX1,30.67080145030847
PCYT1A,27.481605060645865
PCYT1B,0.029729618710291502
PCYT2,9.923508416500896
PDE10A,0.7066522042890921
PDE11A,0.05476386587670186
PDE1A,0.6361070684114055
PDE1B,14.276585854866166
PDE1C,0.0849829084655232
PDE2A,252.99179536333443
PDE3A,0.4482314050449969
PDE3B,2.337324996542859
PDE4A,6.160244664705772
PDE4B,18.151161300794428
PDE4C,1.766016967294973
PDE4D,0.8385275421645345
PDE5A,0.8034418839026914
PDE6A,0.015172178694088425
PDE6B,4.344228554805657
PDE6C,0.21152878412451148
PDE6H,0.1765223812476735
PDE7A,38.55920282973239
PDE7B,0.21079216094943445
PDE8A,25.04095532508915
PDE8B,0.6720630404568712
PDE9A,29.02216038620743
PDF,0.6777123690007105
PDGFRA,35.26734246427609
PDGFRB,37.101215907371476
PDHA1,229.8272726183056
PDHA2,8.963593332760542
PDHB,73.92630283198648
PDHX,11.119168642969136
PDIA2,0.20459504413442886
PDIA3,2096.0333337054944
PDIA4,852.3181953000278
PDIA5,25.020031206578917
PDIA6,302.359419815705
PDK1,0.5076882036490699
PDK2,12.972371202682208
PDK3,7.789962454803191
PDK4,134.45457619275666
PDP1,6.443240132507878
PDP2,1.1559495768147576
PDPK1,1.8039976496413583
PDPR,8.166253596317054
PDXK,11.07762515108871
PDXP,6.726107024619203
PDZD4,9.525859602970824
PEAK1,53.275792897750634
PECR,68.66823001180931
PEMT,7.203946370477742
PEPD,45.550366255461505
PEX11A,1.796848387759202
PFAS,180.60410908431524
PFKFB1,0.2302289383714264
PFKFB2,27.843114926600702
PFKFB3,68.1286502221614
PFKFB4,8.739350886706378
PFKL,167.25060249940026
PFKM,20.393713138378015
PFKP,238.83193304978255
PGAM1,40.1893543937289
PGAM2,92.14558842160893
PGAM5,49.943134450862836
PGAP1,0.6478666659992313
PGD,4815.66026706386
PGGHG,0.02991860446325157
PGK1,138.33972029827262
PGK2,23.296392096478
PGLS,1679.7521412003516
PGLYRP1,19.613834105273792
PGLYRP2,0.020162400063480534
PGLYRP3,0.01572942767765221
PGLYRP4,0.010002079946638702
PGM1,155.45602729407216
PGM2,187.38037683374822
PGM2L1,0.9166233852856696
PGM3,55.97572739761437
PGP,83.63066414942989
PGS1,52.37479549206949
PHEX,0.13017041689970213
PHGDH,22.684521360926244
PHKA1,0.40709751902176916
PHKA2,19.39929175600043
PHKB,22.167584680440964
PHKG1,1.3639953838917183
PHKG2,18.504827949935642
PHLPP1,1.4282029818828483
PHLPP2,2.622183311805459
PHOSPHO1,6.242901602982934
PHPT1,63.04417160400178
PHYH,10.397095854365007
PHYKPL,44.78212491984348
PI4K2A,1.7329173825280388
PI4KA,4.523798102227064
PI4KB,2.1267528030702314
PIGA,4.953626100415857
PIGB,7.8692481164202785
PIGC,9.355040363627621
PIGF,2.83677171143454
PIGG,16.87812883209932
PIGH,23.195712489238957
PIGK,5.209974771350141
PIGL,8.491639864849688
PIGM,4.766466913800619
PIGN,4.252650209580876
PIGO,19.368676825249317
PIGP,1.2120835538334525
PIGQ,20.75465457500041
PIGS,22.809448203148424
PIGT,9.361202589866616
PIGU,1.2493878413298265
PIGV,7.3585399875627
PIGW,6.767423924320181
PIGX,0.9280257758484612
PIGY,0.3354345050980549
PIGZ,1.7513048483406666
PIK3C2A,1.7411863622883186
PIK3C2B,24.73169713695466
PIK3C2G,0.08873409730034958
PIK3C3,0.10802476590928646
PIK3CA,10.8284451977871
PIK3CB,0.46575008664817724
PIK3CD,117.85123501494465
PIK3CG,5.353634992282377
PIK3R1,2.7649853036459375
PIK3R2,10.718020523487343
PIK3R3,12.131082479684244
PIK3R4,40.11335298592386
PIK3R5,43.36692438548826
PIKFYVE,22.512872850077592
PIM1,76.18002979039146
PIM2,90.04983228592589
PIM3,130.01813896065488
PIN1,513.5297525751861
PIN4,6.177761727795541
PINK1,30.68483922500764
PIP4K2A,96.88867978737748
PIP4K2B,13.827201995504371
PIP4K2C,21.29295440257392
PIP5K1A,0.8838830962535738
PIP5K1B,0.06721113966271716
PIP5K1C,29.12080087838436
PIP5KL1,0.2668464546692042
PIPOX,0.5358411827240922
PISD,4.774885705463546
PJA1,13.458867116912703
PJA2,48.54630439210767
PKLR,0.008461105079093144
PKM,355.81916533413863
PKMYT1,0.5592546469120367
PKN1,189.88045146043376
PKN2,7.380605580701534
PKN3,19.297275135719588
PLA2G10,0.006794940363182381
PLA2G12A,0.7015995339365572
PLA2G12B,0.010088245526459384
PLA2G15,14.035200980314746
PLA2G16,13.468437653878542
PLA2G1B,1.8270999975364586
PLA2G2A,0.9124514541625929
PLA2G2C,0.006362040814168441
PLA2G2D,0.4487571085831413
PLA2G2E,0.10480083352838437
PLA2G2F,0.018623563309182994
PLA2G3,0.019881840717782588
PLA2G4A,15.400292664323075
PLA2G4B,64.02525453661188
PLA2G4C,7.3671454287163165
PLA2G4D,0.027693545090981313
PLA2G4E,0.010943256426217926
PLA2G4F,0.021966128222198497
PLA2G5,0.0898308193679261
PLA2G6,18.12090308045638
PLA2G7,15.190581012793393
PLB1,5.3365546584808605
PLCB1,0.4858213667324741
PLCB2,161.00683985110393
PLCB3,2.927948960458563
PLCB4,0.47464789264052587
PLCD1,12.545758912911666
PLCD3,1.4787792083565086
PLCD4,1.1392015497722716
PLCE1,3.3215752089865838
PLCG1,7.168447932820295
PLCG2,71.00422800853927
PLCH1,0.034152408972576515
PLCH2,8.792594298875331
PLCL1,0.4482314050449969
PLCL2,18.585834293115806
PLCXD2,0.16428711824766745
PLCZ1,0.07175189323406331
PLD1,7.4532970066471735
PLD2,21.77115089974325
PLD3,35.14253130136334
PLD4,15.425526118034767
PLD6,2.5556086541254044
PLG,0.002026554250369475
PLIN1,0.7807793592684603
PLIN2,22.691114148878803
PLIN3,34.012656122521044
PLIN4,9.534865136097169
PLK1,0.8930576289853239
PLK2,259.5845994315153
PLK3,22.125795570054798
PLK4,0.4055526657092094
PLOD1,9.700192022015676
PLOD2,3.9817009611616108
PLOD3,27.39183452530412
PLPBP,1.3790311261442316
PLPP1,5.389883230682263
PLPP2,2.123055391477898
PLPP3,4.2032094621878
PLPP4,0.019762828557283812
PLPP5,0.0656688155578048
PLPP6,0.050042688733332445
PLPP7,1.1305815492037874
PLPPR2,0.3307009692228308
PLPPR3,0.9307949846236876
PLPPR4,0.11900942508124815
PLPPR5,0.012456429933028047
PLTP,31.87276316024284
PLXNB3,0.2410712606346937
PMM1,6.0253227174895505
PMM2,37.26203032087507
PMPCA,47.35007541133322
PMVK,422.39739144317286
PNCK,0.0205374475479864
PNKP,66.4313420552996
PNLIP,2.88266802984894
PNLIPRP1,0.07925249667559799
PNLIPRP2,0.28727419903993245
PNLIPRP3,0.018139233522564087
PNMT,3.1592282605380526
PNP,1741.3867091030686
PNPLA2,175.94068222796787
PNPLA3,0.03714763614057126
PNPLA4,3.356762915979808
PNPLA6,2.162962391471345
PNPLA7,9.51685556898445
PNPLA8,10.88373212156062
PNPO,8.324269924069068
PNPT1,6.461991083831754
POLA1,3.0467877255925453
POLA2,4.9206025492051575
POLB,11.311238857796718
POLD1,2.4588864760689018
POLD2,5.1465732721567665
POLD3,0.7237642339381217
POLD4,96.26580769846939
POLE,0.33128292611198096
POLE2,0.6199304626163413
POLE3,57.636622754594434
POLE4,11.029941359844205
POLG,57.029797941431745
POLG2,17.899281900471912
POLH,6.772511412087018
POLI,9.914439271644987
POLK,5.687363439443743
POLL,12.867856624614092
POLM,57.00511687230313
POLN,0.4767726379125289
POLQ,0.15351513989342042
POLR1A,1.00411737562885
POLR1B,0.9208943944066378
POLR1C,21.185708257251083
POLR1D,32.240724971984676
POLR1E,15.483431389513552
POLR2A,6.653490549192113
POLR2B,25.910365943825198
POLR2C,90.31658162977072
POLR2D,21.793370954038988
POLR2E,127.42751440503308
POLR2F,3.9699748818126115
POLR2G,26.594304596037002
POLR2H,272.6084254782737
POLR2I,19.6337233051619
POLR2J,20.062729167438746
POLR2K,35.13131598562541
POLR2L,131.30343218986056
POLR3A,0.3047285188979494
POLR3B,1.1471690938809471
POLR3C,0.9229253582644038
POLR3D,8.227640985524106
POLR3E,24.40186243719904
POLR3F,8.801473733365759
POLR3G,0.7556057852853811
POLR3GL,82.83979648901683
POLR3K,19.757092575581943
POLRMT,11.495561316480423
POMGNT1,21.844083392565317
POMT1,18.231893305353022
POMT2,11.068378500211878
PON3,0.4709336188969182
POR,295.9321286034862
PPA1,677.2436921864411
PPA2,114.04380759318758
PPARA,3.538962961000262
PPAT,8.116455868592091
PPCDC,6.207811331770226
PPCS,108.32862314180248
PPEF1,0.03779154620124868
PPEF2,0.11486268389501464
PPIA,343.92892956810493
PPIAL4A,0.03633558667425325
PPIAL4C,0.3354345050980549
PPIAL4E,0.01566581181516704
PPIAL4G,0.45191360507155387
PPIB,2191.273449786238
PPIC,8.79089979083392
PPID,706.8671268495885
PPIE,9.595604365025807
PPIF,296.15808284435917
PPIG,14.94029671481748
PPIH,804.1028240157273
PPIL1,75.32588290433388
PPIL2,1.9461275972028906
PPIL3,66.50515183391865
PPIL4,6.431230229175475
PPIL6,0.07574101384680428
PPIP5K1,5.414714434596462
PPIP5K2,5.202688460108208
PPM1A,2.239123910582228
PPM1B,22.439551439706804
PPM1D,7.118312033837557
PPM1E,0.011732675670380702
PPM1F,59.49876890216367
PPM1G,26.62124743589636
PPM1K,19.900534224671254
PPM1M,67.59420881429838
PPOX,15.936733501641838
PPP1CA,349.38025158975177
PPP1CB,231.41603472376087
PPP1CC,63.01905077681131
PPP1R1A,0.095565439314251
PPP1R1B,0.08963283133812816
PPP1R2,113.47387588898142
PPP1R3A,0.06646892507772041
PPP1R3B,11.485813422286974
PPP1R3C,2.284698668977624
PPP2CA,125.16478280233765
PPP2CB,39.30921376141213
PPP2R1A,320.92622975744763
PPP2R1B,15.16285446325569
PPP2R2A,122.31660056353736
PPP2R2B,0.989258896815426
PPP2R2C,0.08671167028468993
PPP2R3A,0.4842223579242072
PPP2R3B,13.525886011665216
PPP3CA,420.9534402853621
PPP3CB,23.892698607800522
PPP3CC,21.802402422069544
PPP3R1,272.7478719996395
PPP3R2,0.01429076788875844
PPP4C,99.7660220074449
PPP5C,56.06918298180995
PPP6C,221.26304036290665
PPT1,14.130950868411444
PPT2,25.779476815361445
PPWD1,57.19290168462926
PRAG1,0.3354345050980549
PRDX1,12647.556188229166
PRDX2,4071.4294696961083
PRDX3,67.41622663973368
PRDX6,954.8209948645084
PREP,81.57456441802384
PRKAA1,43.11104052730676
PRKAA2,0.9094735579182278
PRKAB2,13.871475151420201
PRKACA,996.5430439318893
PRKACB,75.37933306163073
PRKACG,5.25292276820224
PRKAG2,15.946593074376635
PRKAR1A,21.26845157555643
PRKAR1B,20.47611561616223
PRKAR2A,24.760554116347365
PRKAR2B,190.88944473762442
PRKCA,3.1421840164276276
PRKCB,57.832953823769174
PRKCD,12.299463974754515
PRKCE,2.860067915519687
PRKCG,0.009934853875839214
PRKCH,29.34021258852956
PRKCI,3.0093377364708305
PRKCQ,8.306686258611274
PRKCSH,342.600332247385
PRKCZ,5.152542780774452
PRKD1,0.2873261671369495
PRKD2,93.36400732132331
PRKD3,28.137067143007926
PRKDC,1.9592751316921053
PRKG1,0.4071542707989549
PRKG2,0.04309143355040417
PRKN,0.21524163632635238
PRKX,23.322166389740946
PRKY,0.007061733600100679
PRODH,0.1592354333085503
PRODH2,0.047452249121563574
PRPF19,570.8198804559643
PRPF4,181.48572243508863
PRPF4B,82.63811349656044
PRPS1,1035.0652217719912
PRPS1L1,1.6993128857058533
PRPS2,12.744531930308037
PRRT2,1.6946678536290163
PSAP,82.02449628069215
PSAT1,168.1804574517692
PSKH1,9.679156804484474
PSKH2,0.11813839957802594
PSPH,421.18498330603256
PSPHP1,0.3354345050980549
PTDSS1,40.235772412439175
PTDSS2,14.035200980314746
PTEN,17.402102469618818
PTGDS,119.81744775639518
PTGES,2.554526529711106
PTGES2,115.10418874900577
PTGES3,3861.409398589174
PTGIS,3.7349409105645313
PTGR1,26.661400629713942
PTGS1,13.132359369626448
PTGS2,0.4975756427487709
PTK2,1.489262877530835
PTK2B,151.4277747496723
PTK6,0.36486787305733487
PTK7,0.5065876987795425
PTP4A2,3.3285267716666502
PTP4A3,102.4849033756045
PTPDC1,2.3605471392738138
PTPMT1,14.028164170807981
PTPN1,78.80521830140896
PTPN11,13.132030393387017
PTPN12,13.24673339374146
PTPN13,2.4722859708067504
PTPN14,1.8871905876904802
PTPN18,227.556796310693
PTPN2,18.747609951134297
PTPN21,1.7099607463140245
PTPN22,17.107463214802085
PTPN23,30.41947202137695
PTPN3,0.24830036296917693
PTPN4,4.042644357397714
PTPN5,0.16204337828829696
PTPN6,507.5981616035995
PTPN7,34.76903251916544
PTPN9,0.6459446207778359
PTPRA,0.5139587756456719
PTPRB,35.76689554670935
PTPRC,258.13484380460415
PTPRD,0.18099314249996967
PTPRE,25.425799294188586
PTPRF,1.6205475681591355
PTPRG,3.788563499188431
PTPRH,46.56224647331904
PTPRJ,14.654582936569994
PTPRK,4.705955168935673
PTPRM,13.105604441511431
PTPRN,0.028495523952407422
PTPRN2,20.672055455371684
PTPRO,1.6833799999582495
PTPRQ,0.3354345050980549
PTPRR,0.181575783020347
PTPRS,5.663525874536583
PTPRT,0.019821958331529808
PTPRU,1.0341527308022707
PTPRZ1,0.06254563866386668
PTRH1,0.12663799524099892
PTRH2,414.6941829255015
PTS,9.60696326033349
PUS1,16.15093835605697
PXDN,0.8276561170134592
PXDNL,0.11552473926359973
PXYLP1,0.3900283303635837
PYCR1,2.731635093056123
PYCR2,549.8026968006366
PYCR3,18.52640291410028
PYGB,337.8531770576036
PYGL,87.48835123307323
PYGM,4.841497844980399
PYURF,1.641004450398313
QARS,480.0532685373577
QDPR,336.16538109923624
QPCT,8.39466993526125
QPRT,23.702251611305112
QTRT1,62.868362862251736
QTRT2,3.0803803903498332
RAD1,1.382826815914266
RAD18,4.77842607941863
RAD9A,40.82842660330449
RAF1,0.7722397442826066
RAG1,1.278155819509765
RALBP1,24.44437788141417
RARS,365.4876549052394
RARS2,17.960027485427105
RBBP6,0.6692336398153422
RBKS,0.5066921677923472
RBP1,209.95392802368488
RBP2,0.1787553002494803
RBP4,0.16746395011864137
RCHY1,14.412076801265842
RCL1,8.361918130038333
RDH10,3.033635751295087
RDH11,335.91920957836544
RDH12,0.02723867124492035
RDH13,5.978996872710174
RDH14,25.67906736253587
RDH16,2.2294956202488985
RDH5,9.643048133890852
RDH8,0.3354345050980549
REG3A,0.4783672923805743
RENBP,122.9187021768408
RET,0.006548860455761333
REV3L,3.90292499007268
RFC5,32.90186776811345
RFK,12.424352684535782
RFWD3,12.027799012741704
RGL1,77.45458161375579
RHAG,0.012333072287474937
RHBG,0.2553286830253062
RHCG,0.5614415597460466
RING1,62.1659949053813
RIOK1,1.648724344956405
RIOK2,0.2660618584977673
RIOK3,33.77618833631179
RIPK1,14.764568247784679
RIPK2,4.044090991734012
RIPK3,50.575656578178155
RIPK4,0.03772473940805982
RIPOR1,1.8350848174091228
RNF103,11.5137387471021
RNF115,10.114296384485634
RNF123,19.777573044782653
RNF125,5.040432042671327
RNF126,61.7777832018682
RNF128,0.0643337173567962
RNF13,45.7656160349859
RNF130,13.363227751740494
RNF133,0.017325907814088944
RNF138,22.115350463009495
RNF139,16.134128477001536
RNF14,16.223095484089278
RNF144A,32.83324258924519
RNF144B,16.87812883209932
RNF146,65.91939187264488
RNF149,121.64832110946442
RNF152,0.4661656982832931
RNF167,174.13639505805511
RNF180,1.2952447974986965
RNF182,0.21281448596195046
RNF185,26.575674805293104
RNF187,90.62527352308044
RNF19A,56.228629217628324
RNF19B,23.15358812226283
RNF2,8.972354564318529
RNF20,2.797560753230116
RNF216,41.842923063783466
RNF217,1.2832150507567794
RNF25,32.55351639147421
RNF31,61.727722593095955
RNF40,2.6174345479529864
RNF41,19.900534224671254
RNF5,52.083163130736125
RNF8,3.88138862892079
RNGTT,8.35974624470851
RNMT,69.89748813025918
ROCK1,10.635285547287058
ROCK2,14.648227143995786
ROR1,0.4325111571898686
ROR2,0.019620526093588463
RORA,3.9769225321537096
ROS1,0.16602267687961664
RPAP2,1.9177029112654456
RPE,72.57319882815948
RPE65,0.011728131313476612
RPIA,75.90663214157499
RPL14,1511.7460562079677
RPN1,563.1293456512053
RPN2,444.9576809084657
RPP14,35.20372632436394
RPS6KA1,105.87569301203419
RPS6KA2,13.545304846126127
RPS6KA3,4.525662017839064
RPS6KA4,2.1556078350610246
RPS6KA5,3.977694625338892
RPS6KA6,0.16803868360332863
RPS6KB1,2.92973453177501
RPS6KB2,58.31579371892318
RPS6KC1,0.39087843933721983
RPUSD4,2.3217188425821247
RRM1,15.138018697822913
RRM2,1.6058333875850843
RRM2B,13.439729638797077
RTCA,23.258924304400836
RWDD2A,2.743925156423543
RXRA,18.76832582192749
RYK,31.77253928586672
SACM1L,38.01848052044784
SAE1,251.36097988106803
SAP130,1.0079920500375497
SARDH,0.3015593538118138
SARS,232.8491756167569
SARS2,21.438294278452563
SAT1,1298.9171944143202
SAT2,226.14035592758904
SBK1,1.297779891201975
SC5D,7.00811136726018
SCARB1,6.491183378277583
SCARF2,4.51418947840701
SCD,15.54323603505214
SCD5,1.1658945773930136
SCLY,5.382937894257497
SCP2,89.14371984935866
SDC1,1.5212222608436339
SDHA,267.1101991761191
SDHB,182.9748910160766
SDHC,18.65084962548367
SDHD,3.559285785801706
SDR16C5,0.0064067905442673455
SDR42E1,0.8715093487179494
SDR42E2,0.040186045416391813
SDR9C7,0.03153184551893247
SDS,0.11938610135031114
SDSL,1.3505783412020662
SEC11A,243.75848623341093
SEC11C,4.530560011117618
SELENOI,0.1784505883933933
SEPHS1,563.2281200646421
SEPHS2,49.905151424866496
SERPINA1,165.61129563206995
SERPINA3,7.332734301509473
SETD1A,0.5974503073648042
SETD1B,21.91705879593932
SETD2,0.0838198182443516
SETD5,41.99488978631641
SETD7,2.7767670357969725
SETDB1,0.6173876477066329
SETDB2,11.19795506236213
SETMAR,4.823120157776278
SFXN3,1747.4281308261209
SGK1,11.924671509277207
SGK2,0.9417249131986215
SGK3,5.698877534729756
SGMS1,4.757700215649388
SGMS2,0.626057771882702
SGPL1,54.432014019908394
SGPP1,22.98522574401191
SGPP2,1.4282029818828483
SGSH,72.91990467041843
SH3RF1,2.513530435060498
SH3RF2,0.03626805896620255
SH3RF3,2.4517089680335893
SHMT1,265.0419556880132
SHMT2,709.1649670391613
SHPK,8.854783441164363
SHPRH,1.1392015497722716
SI,0.013993341938080883
SIAE,6.225352113062973
SIAH1,4.857488436842922
SIAH2,34.38483355968927
SIK2,4.996995874184209
SIK3,5.11611607220609
SIN3A,6.464374658725229
SIN3B,0.46405887019698144
SIRT1,14.596316529707488
SIRT2,55.51543276521924
SIRT3,10.241842153273552
SIRT5,11.21648764695664
SIRT6,25.01960546962259
SIRT7,55.5031503550129
SLC10A1,0.06098841292807825
SLC10A2,0.0023268130783915
SLC10A6,0.05025418976544567
SLC11A1,293.6423148007774
SLC11A2,13.334559394300962
SLC12A1,0.003265286915848973
SLC12A2,1.3342803203119677
SLC12A3,0.18126201252814772
SLC12A4,0.46943511959313905
SLC12A5,0.09129831302580496
SLC12A6,0.22806708114725227
SLC12A7,6.258007078644651
SLC13A1,1.3898493503991496
SLC13A2,0.01987660323538213
SLC13A3,0.1462339087041783
SLC13A4,0.1158974395125948
SLC13A5,7.704125730933018
SLC14A1,2.433994542589475
SLC14A2,0.025540596183393112
SLC15A1,0.09490302837853704
SLC15A2,9.148992432332536
SLC15A3,92.2479868808729
SLC15A4,23.41708615802682
SLC16A1,6.4285230926149195
SLC16A10,0.5516123295081812
SLC16A2,1.5091815490996296
SLC16A3,28.628189816852064
SLC16A7,1.275627524965264
SLC16A8,0.5293388941193891
SLC17A1,0.004903770581189135
SLC17A2,0.014797084619435076
SLC17A3,0.014710151205219086
SLC17A4,0.004212760795020958
SLC17A5,9.086443231830238
SLC17A6,0.03561924497624714
SLC17A7,0.030907150474701692
SLC17A8,0.00494176783956429
SLC18A1,0.3553594345251832
SLC18A2,3.0778599354704124
SLC18A3,0.06214561646399096
SLC19A1,8.01750863259662
SLC19A2,2.6150103101596724
SLC19A3,0.006656397007517397
SLC1A1,0.053453821998485807
SLC1A2,0.07367067045352006
SLC1A3,16.57982057279751
SLC1A4,2.4864751430844843
SLC1A5,41.854609365827244
SLC1A6,0.07694788869193199
SLC1A7,0.06243417947984749
SLC20A1,63.446344298803055
SLC20A2,6.447443174162108
SLC22A1,0.7668903459017452
SLC22A10,0.003052251875693058
SLC22A11,0.12272542162363177
SLC22A12,1.368484858340572
SLC22A13,0.020119789087096576
SLC22A16,0.05701641496738398
SLC22A18,8.253974615258125
SLC22A2,0.6215418871526734
SLC22A3,0.7715151356770072
SLC22A4,6.6328519215263375
SLC22A5,5.852237389552258
SLC22A6,0.3332262579895881
SLC22A7,0.13897322177128874
SLC22A8,0.6796964855365107
SLC22A9,0.11807453767167743
SLC23A1,1.4320718864511732
SLC23A2,30.441583796979337
SLC24A1,2.738140386866375
SLC24A2,0.004611067852748678
SLC24A3,1.3992452298739047
SLC24A4,1.9054876429325016
SLC25A1,610.1088929292874
SLC25A10,4.103119890492283
SLC25A11,1278.8959963745265
SLC25A12,385.82490396274346
SLC25A13,243.59225225652384
SLC25A14,6.427272979153598
SLC25A15,1.1565706994234688
SLC25A16,4.036450697885268
SLC25A17,5.74630228735939
SLC25A18,3.802347095271432
SLC25A19,6.812386663084165
SLC25A2,0.2902417135696578
SLC25A20,12.281589622905438
SLC25A21,0.030808716235168294
SLC25A22,14.5866094387738
SLC25A26,5.529872244025467
SLC25A27,8.113700419091892
SLC25A28,85.98694000064934
SLC25A29,6.885456309318524
SLC25A3,1750.8742503008377
SLC25A37,139.0613213733155
SLC25A4,144.35949175140317
SLC25A5,4064.705278560916
SLC25A6,652.1568956270702
SLC26A1,1.461794437186497
SLC26A11,30.751240714183712
SLC26A2,3.700710852410157
SLC26A3,0.028398489949454247
SLC26A4,0.031894512643223745
SLC26A6,29.164660004511806
SLC26A7,0.15573773939103197
SLC26A8,2.5863530006457074
SLC26A9,0.004111312806384468
SLC27A1,2.79607999878076
SLC27A2,0.07382368179130636
SLC27A3,15.907161230125821
SLC27A4,2.659720690858683
SLC27A5,1.4101725404779004
SLC27A6,0.03255576815833239
SLC28A1,0.009065684152847196
SLC28A2,0.0028806561754088533
SLC28A3,0.18130683103190276
SLC29A1,21.739907276033996
SLC29A2,10.433685778457555
SLC29A3,4.765669823808744
SLC29A4,0.9399279960372671
SLC2A1,15.283419671427868
SLC2A10,0.8314893409110331
SLC2A11,6.741149307058895
SLC2A12,0.043021845559645264
SLC2A13,1.0512303289709355
SLC2A14,0.01791749855908516
SLC2A2,0.7271472329221568
SLC2A3,112.37668763004629
SLC2A4,0.18377484508871206
SLC2A5,2.6422860902183407
SLC2A6,32.062226351969024
SLC2A7,0.02769435809366143
SLC2A8,9.751445306918253
SLC2A9,0.5839433096272766
SLC30A1,18.413770416112108
SLC30A6,10.62615268464338
SLC30A7,34.51681776782399
SLC31A1,6.527392428773314
SLC32A1,0.0037054650673307367
SLC33A1,726.8397987478833
SLC34A1,0.040323581841264805
SLC34A2,0.025699365559289335
SLC34A3,0.06106240935554193
SLC35A1,32.62061221874909
SLC35A2,7.669441961921541
SLC35A3,5.7713454797876205
SLC35B2,0.9509525296647546
SLC35B4,6.377735325496408
SLC35C1,9.489852471057674
SLC35D1,5.1865030924291435
SLC35D2,13.688889506698608
SLC36A1,7.2125197080915475
SLC36A2,0.012363788414133096
SLC36A4,5.484901784968564
SLC37A1,8.606492521636008
SLC37A4,13.861854771942753
SLC38A1,50.85903792241953
SLC38A2,120.52105091550582
SLC38A3,0.007440551752646923
SLC38A4,0.02207124922104291
SLC38A5,9.51685556898445
SLC39A7,22.49171143942139
SLC3A1,0.07344125837510801
SLC3A2,56.25849376049847
SLC40A1,355.308128966648
SLC41A1,15.54323603505214
SLC41A2,0.9669448429799992
SLC43A1,8.350657689205422
SLC43A2,8.686164542007711
SLC46A1,3.49061331800116
SLC47A1,4.025615821152561
SLC47A2,0.019062750174841672
SLC4A1,0.11197411910930001
SLC4A10,1.059787536002397
SLC4A2,24.603926700190037
SLC4A3,1.5385244210609705
SLC4A4,0.22305011562935737
SLC4A5,0.7501667567569017
SLC4A7,1.124751449899631
SLC4A8,0.5844940695512556
SLC4A9,0.02379948145444862
SLC51A,3.7564361350826267
SLC51B,0.6422621266645948
SLC52A1,0.14111455611724835
SLC52A2,44.66388673775516
SLC52A3,0.08686913370367494
SLC5A1,3.6375311134925563
SLC5A10,6.036209691145077
SLC5A11,0.8215365035363166
SLC5A12,0.03738507708811286
SLC5A2,0.16081383895185222
SLC5A3,0.1255683507315296
SLC5A5,0.23219371338391356
SLC5A6,24.923570845536382
SLC5A7,0.07302190367296232
SLC5A8,0.002059098851518425
SLC5A9,1.3998875981300052
SLC6A1,0.44298035440281985
SLC6A10P,0.007221479307100667
SLC6A11,0.07305918534912988
SLC6A12,0.5658198854269505
SLC6A13,0.08915797440138472
SLC6A14,0.0043401776569097494
SLC6A18,0.020564936803086797
SLC6A19,0.04833004842770192
SLC6A2,0.05126577654728052
SLC6A20,0.028398489949454247
SLC6A3,0.06925799207069143
SLC6A4,0.1191363085971126
SLC6A5,0.10319845039380167
SLC6A6,4.914747983627213
SLC6A7,0.011788045297207669
SLC6A8,9.715289214570015
SLC6A9,1.0879895349909519
SLC7A1,7.695452205387303
SLC7A10,0.05723583771803935
SLC7A11,0.12486264953910378
SLC7A2,3.539719352178298
SLC7A3,0.010039761368901723
SLC7A5,3.5396271276954585
SLC7A6,17.237327374150752
SLC7A7,67.37809835896086
SLC7A8,22.021383625366305
SLC7A9,0.15334105674799606
SLC8A1,1.1553285129785864
SLC8A2,0.010580759957269039
SLC8A3,0.01609488244724742
SLC8B1,33.472586405588544
SLC9A1,22.313955751403274
SLC9A2,0.00544516514169207
SLC9A3,0.40958462768405607
SLC9A4,0.0183297838671916
SLC9A5,52.22894346295494
SLC9A7,2.223918739530524
SLC9A8,30.928434756602126
SLCO1A2,0.008497694146776324
SLCO1B1,0.5745214485775751
SLCO1B3,0.0062355514273981505
SLCO1C1,0.0019738654682939652
SLCO2A1,60.81537607627279
SLCO2B1,97.87859878255142
SLCO3A1,5.560980440450781
SLCO4A1,7.93023751995433
SLK,22.708407264541552
SMARCD3,11.65354399942024
SMG1,1.7117660058065172
SMPD1,29.02216038620743
SMPD2,16.099358476853304
SMPD3,3.0042158146138602
SMPD4,11.258329193370557
SMS,169.46708154373658
SMURF1,15.729931271461393
SMURF2,9.399939968623142
SMYD3,2.775969719547328
SNRK,35.32404746651285
SOAT1,8.675491774921406
SOAT2,2.95138779240167
SOD1,1225.4777560754872
SOD2,19.470759679311296
SOD3,7.660775329355973
SORD,1.006204439405416
SPCS1,121.93042701792201
SPCS2,268.93752415211605
SPCS3,577.3413704833677
SPEG,0.7553498805128931
SPHK1,2.6107081712722717
SPHK2,1.909438742948734
SPR,189.90531462222
SPRYD3,51.464399617299016
SPTLC1,20.533771175006198
SPTLC2,6.508878404663806
SPTLC3,0.29805070319984406
SQLE,0.37741496271524416
SRC,11.301848175686217
SRD5A1,2.5313451637077087
SRD5A2,0.015922425273717407
SRD5A3,3.623854832841842
SREBF1,30.62952397316554
SRM,525.8066927736206
SRMS,1.0555074052251687
SRPK1,10.073219971413728
SRPK2,15.425526118034767
SRPK3,0.6338714581403151
SSH1,19.685440389199712
SSH2,51.96173438273741
SSH3,19.7161428546739
SSR4,299.2175695021241
SSU72,210.8193061142284
ST3GAL1,21.854505825178325
ST3GAL2,8.89035469577928
ST3GAL3,4.410187847545544
ST3GAL4,17.507595591797838
ST3GAL5,31.250054665297753
ST3GAL6,1.656211244459622
ST6GAL1,78.0671630878644
ST6GALNAC1,9.724326019673569
ST6GALNAC2,3.8429831847070908
ST6GALNAC3,2.7997130005416606
ST6GALNAC4,37.80027343483556
ST6GALNAC5,0.021318823992576112
ST6GALNAC6,70.2865761205484
ST8SIA1,0.5201513735639308
ST8SIA4,10.525259407569877
ST8SIA5,0.032986859274301505
STAMBP,12.025234017882179
STAMBPL1,5.5708104602511055
STARD3,100.72247918496275
STK10,3.6588010729898626
STK11,47.80356681876162
STK16,1.980819493259027
STK17A,62.517005166706596
STK17B,75.86846391368012
STK19,14.126224437206202
STK24,46.383686246115445
STK25,5.00730975365961
STK26,0.629690691282171
STK3,6.412817782386284
STK31,0.24631216313158472
STK32A,0.16799446102704152
STK32B,0.016761424960817336
STK32C,6.345027226650225
STK33,0.7536214743966833
STK35,11.402109236690631
STK36,19.921040792148908
STK38,27.23826704973523
STK38L,8.456355385747715
STK39,17.93241149941234
STK4,5.0047145183897745
STRA6,0.008870367829676795
STS,2.6545045163286933
STT3A,7.280497607391662
STT3B,61.17752856436326
STUB1,69.33147323897256
STYK1,0.5352987919240164
STYXL1,16.064991575522626
SUCLA2,120.66091399756705
SUCLG1,246.88909731082913
SUCLG2,850.142278902468
SULT1A1,35.869228978871774
SULT1A2,0.9729668170481485
SULT1A3,0.5745944317943232
SULT1B1,12.735054089271566
SULT1C2,0.44507946657415975
SULT1C4,0.31382605309575246
SULT1E1,0.03765676368617892
SULT2A1,0.011768660706165284
SULT2B1,0.029403965520789003
SULT4A1,2.5399040923973226
SUOX,11.086873161486482
SUV39H1,7.169670999349106
SUV39H2,1.5883051973237718
SYK,123.05999891119136
SYNJ1,0.11771787028308996
SYNJ2,0.032013098390174966
SYVN1,2.779493084549826
TAF1,16.947868515490622
TALDO1,303.38777470342814
TAOK1,3.281705152044535
TAOK2,53.12950157707607
TAOK3,11.597586247388968
TARS,154.2036734136308
TARS2,2.259441734199736
TARSL2,12.425396657019542
TAT,0.009487853647284251
TBCB,107.53872240033351
TBK1,1.7771424332408385
TBL1X,7.91875045985835
TBL1XR1,13.495542576877993
TBXAS1,63.05673267875183
TCIRG1,371.3712012332159
TDO2,0.3420325072102416
TECR,92.00627080781834
TECRL,0.007496777849326176
TENT2,0.15316461371698084
TENT4A,0.45357387630786017
TESK1,34.95009158012738
TESK2,9.462862898537644
TFRC,56.292792222373336
TGDS,14.771238132156062
TGFBR1,16.4310191219406
TGFBR2,182.43270174569
TGM1,0.9249772781562172
TGM2,119.25508848053522
TGM3,0.35621741745691926
TGM4,0.03738507708811286
TGM5,0.04236175101148979
TGM6,0.018105422639918517
TGM7,0.00978723868703151
TGS1,13.105604441511431
TH,0.18954115500495392
THNSL1,2.174532268525054
THTPA,7.298919681743331
TIAM2,0.2999596556382864
TICRR,0.10574709277056096
TIPARP,9.850996208976591
TK1,2.0818624776105654
TK2,13.382346010815537
TKFC,17.655218887752373
TKT,253.63367791713722
TKTL1,0.21998581596412906
TKTL2,0.04191114718409705
TLK1,19.378880855917206
TLK2,0.40156224887611663
TM7SF2,6.6590518228658135
TMEM91,19.317670878571814
TMLHE,4.607519528020078
TMX3,28.028132577155368
TNFRSF21,6.822574178677378
TNIK,3.085241569112772
TNK1,3.3163400823663505
TNK2,84.05388687326409
TNKS,7.049934855259091
TNKS2,48.22260631370887
TNNI3K,0.11817962498685243
TNS2,1.434061794943761
TOPORS,11.718887893559925
TP53RK,9.077513806746607
TPH1,0.7100708243014057
TPH2,0.012201982622027565
TPI1,6169.665536225091
TPI1P2,0.14524195519721014
TPK1,6.122737647064577
TPMT,9.932579021303996
TPO,29.471998594802233
TPP1,256.84737462321726
TPSAB1,0.5883519455156841
TPSB2,0.3556622104188723
TPSD1,0.18023172621480923
TPST1,11.99965782602182
TPST2,34.57683905878143
TPTE,0.3354345050980549
TPTE2,0.05334540632352439
TRAF7,56.45029132966215
TRDMT1,1.1342474592822684
TREH,0.010714060851498461
TREX1,10.469496430831082
TREX2,2.9191856054169962
TRHDE,0.6383440633047179
TRIB3,22.974710286862404
TRIM11,9.95979958676446
TRIM32,1.6479219547295934
TRIM33,7.466031241203007
TRIM63,0.07570258258323004
TRIO,2.0451346419528367
TRIP12,18.01009770275925
TRIT1,17.62795174569584
TRMT1,26.065675198999063
TRMT11,14.85883620148679
TRMT1L,9.399939968623142
TRMU,13.602550697726684
TRPM6,0.2607179852513453
TRPM7,15.122175298222004
TSSK1B,0.20447763106973466
TSSK2,0.0231714118888251
TSSK3,13.30590188768122
TSSK4,2.438243940601037
TSSK6,1.8770390214577966
TST,10.223604111428958
TSTA3,168.38625295060075
TTC3,27.452027919282674
TTK,0.01881365924001956
TTL,1.0534364739448319
TTLL10,0.07248673538846877
TTN,0.34318561650179474
TUSC3,0.30845180462950506
TUT1,0.6370465445677422
TUT4,0.6950417161591614
TUT7,0.1907089895411479
TXN,958.3869345713705
TXN2,43.95728804794668
TXNRD1,167.50874713890076
TXNRD2,11.448598251478074
TXNRD3,0.7740199649768056
TYMP,85.2180885282439
TYMS,15.789312144841503
TYR,0.1046323172264974
TYRO3,6.08693537245993
TYRP1,0.009493185398119733
UAP1,18.2975850244921
UAP1L1,75.67384955068512
UBA1,642.2492000900108
UBA2,133.32875066195072
UBA3,116.4653201292962
UBA6,101.72583884529548
UBA7,227.87177216311855
UBE2A,55.828813076277136
UBE2B,63.13210837983633
UBE2C,1.8451686326791907
UBE2D1,23.839769749587603
UBE2D2,48.21182521001143
UBE2D3,1527.1369739204472
UBE2D4,7.4532970066471735
UBE2E1,58.39013945821085
UBE2E2,4.137073482566729
UBE2E3,7.544908113956548
UBE2F,1.510790487372509
UBE2G1,18.599612808277215
UBE2G2,21.904527337678303
UBE2H,256.9102457765511
UBE2I,583.9583049149111
UBE2J1,24.54117914668092
UBE2J2,25.72583405945317
UBE2K,549.6970985223245
UBE2L3,1618.7393356974471
UBE2L6,92.50686229793777
UBE2M,144.73756953529045
UBE2N,27.821362344840043
UBE2NL,0.009522519450509102
UBE2O,22.502395784457093
UBE2Q1,9.763840923513218
UBE2Q2,2.7057097127332153
UBE2QL1,0.07964007285120363
UBE2R2,20.743743292121774
UBE2S,16.987742480209334
UBE2T,1.3885177498685823
UBE2U,0.023784263818109993
UBE2W,8.104947371158861
UBE2Z,111.32311943025017
UBE3A,20.21500427393175
UBE3B,12.507959924426803
UBE3C,5.64128008003042
UBE4A,1.5636909771777254
UBE4B,3.338144779337163
UBLCP1,127.53806510898217
UBR1,1.0289298704851233
UBR2,6.554903437494481
UBR3,0.03481952887814378
UBR4,10.645214033818764
UBR5,0.9043070217406841
UBR7,16.341851899719174
UCK1,18.411167049465607
UCK2,2.9690357863369843
UCKL1,73.2937945208892
UCP1,0.027946438308506596
UCP2,243.87634862803586
UCP3,2.9469929245179203
UEVLD,5.970627244321107
UGCG,41.44593147841805
UGDH,39.27339754680354
UGGT2,3.5087307021199736
UGP2,1572.9067679436384
UGT1A1,0.5818457107151666
UGT1A10,0.11308674387240514
UGT1A3,1.0114790584917612
UGT1A4,0.0951329295757727
UGT1A5,0.4044927492424471
UGT1A6,0.17846484523713252
UGT1A7,0.817507176308654
UGT1A8,0.1293154038699776
UGT1A9,0.11549856641655931
UGT2A1,0.010447754180615752
UGT2A3,0.006963160495860385
UGT2B10,1.2536713325042186
UGT2B11,0.23720441855058141
UGT2B15,0.6704297803167216
UGT2B17,0.02587103070641178
UGT2B28,0.6936387983112186
UGT2B4,0.7544150219594951
UGT2B7,0.0043425004956121616
UGT3A1,0.12021469926971337
UGT3A2,0.10926257792160442
UGT8,2.845503854777976
UHMK1,28.94548079337009
UHRF1,0.21137333503736072
UHRF2,24.79562601462922
ULK1,54.30180701124233
ULK3,167.25060249940026
ULK4,0.8133559533554205
UMPS,196.64105440548812
UPB1,0.340429319828473
UPP1,10.6174236270116
UPP2,0.3354345050980549
UPRT,4.0219655661864655
UQCR10,40.39568284176295
UQCR11,52.86148507593204
UQCRB,111.72239706820802
UQCRC1,989.4428925153369
UQCRC2,2127.241975523645
UQCRFS1,300.83620190269215
UQCRH,50.874815487079495
UQCRQ,58.79658482721358
UROC1,0.014592163749612126
UROD,56.424466557186534
UROS,11.457900049699807
USP1,20.362827308028116
USP10,9.263655978105392
USP11,62.85580840474599
USP12,30.77338015930835
USP13,2.2378655486812957
USP14,78.73174491904405
USP15,19.923271182651543
USP16,45.07796082255381
USP17L2,0.7544524097088302
USP17L22,0.04998256910149056
USP17L30,0.050968258904732194
USP17L5,0.050968258904732194
USP17L9P,0.3354345050980549
USP18,2.9140682758078063
USP19,2.5081640263423677
USP2,0.4445545247290957
USP20,35.653252184221884
USP21,39.12435984820994
USP22,40.619080346141935
USP24,4.804465586678886
USP25,0.21427040189810492
USP26,0.08118014005684498
USP28,14.460520953273358
USP29,0.08228852752006045
USP3,2.1339122839350524
USP30,0.23452197208840145
USP31,1.5830520045352954
USP32,0.7249119105827467
USP33,37.719937171338664
USP34,20.5070316211617
USP35,5.142847059368525
USP36,17.14740298998417
USP37,0.9393291580142435
USP38,6.402075906149463
USP4,5.407685046436917
USP40,0.6640549740477615
USP41,0.01834435481333142
USP42,4.531564450979208
USP43,0.22994849654950564
USP44,1.0396365831719356
USP45,4.388967567224857
USP46,1.9109149537788879
USP47,6.091069121104467
USP48,1.0004917169908631
USP49,1.166516637592451
USP51,0.5734963146171066
USP6,0.24031745707804048
USP7,59.13625996108783
USP8,1.2929104640659683
USP9X,7.625915207680761
USP9Y,0.010136770756677028
UST,8.39466993526125
UXS1,11.774948077928514
VARS,215.9780705890892
VARS2,119.72405281722014
VKORC1,34.24941380184564
VNN1,27.5605654016779
VNN2,153.04154192295275
VNN3,8.686164542007711
VRK1,49.93988165797719
VRK2,2.9675810191358334
VRK3,21.19961372732843
WARS,843.0365522011859
WARS2,5.186162175821775
WDYHV1,3.9576287906433447
WEE1,9.796673638855967
WEE2,0.03970532159304026
WNK1,4.187908978196345
WNK2,2.6854541279165614
WNK3,0.2023538209666271
WNK4,0.0643710630859043
WWOX,1.9694290694154017
WWP1,24.3699844119061
WWP2,0.3218428687183216
XDH,0.019917328126329164
XPO6,1.9895743924512046
XPO7,29.49397303535749
XYLB,0.2836330055067917
XYLT1,3.229799532402344
XYLT2,17.077519154556164
YARS,1311.3931758336323
YARS2,27.5733071029686
YES1,22.23029436348589
ZADH2,10.47945497678662
ZAP70,92.89310815055816
ZC3HAV1,4.384111327313073
ZNRD1,13.164503009982456
ZNRF1,1.2214844823624418
ZNRF2,4.567816950721343
ZSWIM2,0.015679988656711358
