A4GALT,78.21395626943098
A4GNT,0.02248185731933706
AACS,20.896909450006202
AADAC,0.003878111364079528
AADAT,5.316644022898398
AAK1,5.34485985860145
AANAT,0.00462741529756109
AARS,644.401168052024
AARS2,9.699214772253205
AASDH,4.588512122423672
AASDHPPT,5.629179106746778
AASS,5.539410212776914
AATK,7.730207709621245
ABAT,1.2436135917987634
ABCA1,6.524961637095294
ABCA3,18.834659762395454
ABCA4,0.047618172783624756
ABCA8,45.17146799821206
ABCB1,1.5262096145526398
ABCB11,0.0009264273114080441
ABCB4,0.1782439811481685
ABCB6,74.1690611821053
ABCC1,2.3319173506229895
ABCC11,0.44775315457859033
ABCC2,0.39742029119229755
ABCC3,3.11848809166027
ABCC4,1.0112468210658963
ABCC5,21.173160300587686
ABCC8,0.03620267915081385
ABCC9,12.981744757431056
ABCD1,13.180405643202354
ABCD2,0.1465791249663995
ABCD3,44.75311709358942
ABCG2,0.1483906659885245
ABCG5,0.030200791037762516
ABCG8,0.005221965885112613
ABHD12,17.48690375458719
ABHD5,20.168230759081098
ABHD6,7.692269985850058
ABL1,195.8377705964409
ABL2,2.606354067260484
ABO,0.6829998746087532
ACAA1,26.719328299081617
ACAA2,97.64817715526256
ACACA,31.55175577514686
ACACB,34.52306775062852
ACAD10,9.180961817750985
ACAD11,2.0225554864751234
ACAD8,34.9715414082536
ACAD9,319.9260072380213
ACADL,0.2558844122632335
ACADM,24.087170318499194
ACADS,42.2802331501419
ACADSB,65.08102745606514
ACADVL,1052.1433765085133
ACAT1,25.572895292019577
ACAT2,2.3990916396419766
ACE,0.9490262266384262
ACE2,0.38064172821341447
ACER1,0.05038326139284907
ACER2,0.5622988683238264
ACER3,1.8284255897703106
ACHE,0.7757496966835494
ACLY,38.22986825706055
ACMSD,0.10436447862188088
ACO1,46.865195651608744
ACO2,105.54381210292341
ACOT1,6.213650309236594
ACOT11,1.3060750290916803
ACOT12,0.0027322513596058275
ACOT13,6.0201012301010515
ACOT2,26.97690260604742
ACOT4,0.36260784753820535
ACOT6,0.0048277783397970035
ACOT7,20.399071682163893
ACOT8,25.19688901968323
ACOX1,4.373363824940339
ACOX2,16.904852817253616
ACOX3,13.789537322029608
ACP1,3923.9472374858715
ACP2,5.506598019717677
ACP4,0.0036202735317779565
ACP5,0.5372854537643381
ACP6,9.118745410639503
ACP7,0.44999467512671487
ACPP,0.04908373464626909
ACSBG1,0.11548463003476611
ACSBG2,0.0954450171241455
ACSF2,3.975200675339289
ACSF3,6.898963206169156
ACSL1,18.39202584087058
ACSL3,4.275690957263033
ACSL4,2.180376194644797
ACSL5,3.497003590210365
ACSL6,0.0843685598578085
ACSM1,0.040794028185220974
ACSM2A,0.028056632493166693
ACSM2B,0.0063149607092303555
ACSM3,0.189748886534059
ACSM4,0.011938877173245491
ACSM5,0.6767257924440734
ACSS1,16.71196468782848
ACSS2,27.85715955229891
ACSS3,0.7813710289247122
ACVR1,14.476136925586152
ACVR1B,6.127443130100845
ACVR1C,0.017245585214992722
ACVR2A,7.639234189847368
ACVR2B,1.070679026903418
ACVRL1,34.86318234584035
ACY1,128.3436415134947
ACY3,0.22634551657536645
ACYP1,7.0470141549501095
ACYP2,2.453598291771727
ADA,11.889887873791405
ADCY1,0.3813675281160773
ADCY10,0.03773872989467452
ADCY2,6.854698677855062
ADCY3,35.976934346186525
ADCY4,31.403035541007416
ADCY5,152.99539382448103
ADCY6,29.22721497685128
ADCY7,1.946624024925132
ADCY8,0.10844658669179806
ADCY9,17.218294045036078
ADH1A,0.5231184397354119
ADH1B,303.0793485152548
ADH1C,5.3860172853265444
ADH4,0.1009883705044534
ADH5,1446.1663630972455
ADH6,0.14308665565962006
ADH7,0.16827144636427901
ADHFE1,5.012685134460179
ADI1,29.37916952282627
ADK,6.788433180006102
ADO,15.13959092153487
ADPGK,49.20393635636814
ADPRH,27.833395633730778
ADSL,516.6782812167805
ADSS,132.16503852631845
ADSSL1,2.5327567693361375
AFMID,7.151106519599825
AGA,21.908369490153664
AGK,7.382919847035134
AGL,1.3848464282141992
AGMAT,0.04681352747870518
AGPAT1,17.255940060531035
AGPAT2,56.53961846247364
AGPAT3,15.40414164366043
AGPAT4,0.5894375365441
AGPAT5,2.0053062189685393
AGPS,24.236236281439293
AGT,22.268622053791173
AGXT,0.01126223776280119
AGXT2,0.07273189725255508
AHCY,7998.4397335912945
AHCYL1,36.70354006374589
AHCYL2,3.7409890140101885
AICDA,0.00483897044143378
AK1,470.1094488187809
AK2,540.6133434918103
AK3,39.18782152991494
AK4,617.0713480843467
AK5,1.1091854010325946
AK7,0.3373745364511781
AKR1A1,153.10748914044427
AKR1B1,92.18576599184887
AKR1B10,0.14400071310493742
AKR1B15,0.006537658738528128
AKR1C1,26.853191314156458
AKR1C2,2.8670461917462746
AKR1C3,13.702106480626743
AKR1C4,0.0048277783397970035
AKR1C8P,0.3354345050980549
AKR1D1,0.0008073288253583495
AKR7A2,359.1154836281631
AKR7A3,0.06897069727989966
AKT1,6.859551096934006
AKT2,2.0589848709294394
AKT3,13.894634014623687
ALAD,413.8785299095544
ALAS1,36.965426110932775
ALAS2,0.2940658110923979
ALB,0.6451572640752712
ALDH18A1,147.74973427958489
ALDH1A1,41.20107795015823
ALDH1A2,3.8883656393583035
ALDH1A3,5.476530942589363
ALDH1B1,195.67006622871688
ALDH1L1,3.4333696802116114
ALDH1L2,2.143870262269463
ALDH2,1812.7004202504236
ALDH3A1,0.1371520935504483
ALDH3A2,190.38483325193263
ALDH3B1,3.5476920702970376
ALDH3B2,0.010855492592054485
ALDH4A1,14.697920576523009
ALDH5A1,2.1872150445306855
ALDH6A1,4.858980022215621
ALDH7A1,24.74489202388479
ALDH9A1,605.8105105220815
ALDOA,7243.049339541327
ALDOB,0.09174137434104335
ALDOC,9.299937717868394
ALG1,5.20610767424117
ALG10,0.4831058556592299
ALG11,0.4117832661261592
ALG12,11.070142333261863
ALG13,7.739310514786218
ALG14,0.4677800173522253
ALG1L,0.7913407774250456
ALG1L2,0.004152589589711761
ALG2,58.128597555379436
ALG3,4.045021067093026
ALG5,22.99248657557828
ALG6,1.9612544550828923
ALG8,8.04301113222059
ALG9,3.403536144340051
ALK,0.17773208896921228
ALLC,0.03178951617422279
ALOX12,0.4503064583379129
ALOX12B,0.001284495463969081
ALOX15,0.15211694783352664
ALOX15B,0.012610895323936808
ALOX5,2.4659889191516227
ALPG,2.1334538652401167
ALPI,0.09522613776587274
ALPL,1.4372235579001216
ALPP,0.12394730653401177
AMACR,163.00289222225646
AMD1,39.0296416263648
AMDHD1,0.47657757675060475
AMDHD2,13.284347741040945
AMFR,0.33441423508455126
AMHR2,0.050847806702004616
AMN,0.00813606791260342
AMPD1,0.014974084605952256
AMPD2,9.882852276537017
AMPD3,5.0660558197188434
AMT,19.07115069309178
AMY1A,0.0009231114021842228
AMY1B,0.000991663372392546
AMY1C,2.6438139326066277
AMY2A,0.0889939016823485
AMY2B,4.376624859262433
ANAPC11,73.1792978866303
ANGPTL4,29.13257484339349
ANKRD1,0.2200049235766906
ANPEP,2.106808864292148
ANXA3,563.6504863437722
AOAH,0.20787753883615973
AOC1,0.008107820694323488
AOC2,0.97818578378778
AOC3,304.94756546715547
AOX1,19.536761228425288
APOA1,0.2947471381361997
APOA2,0.085347834671911
APOA5,0.0031796548346728773
APOB,0.17045479375168307
APOC1,0.5487648864028688
APOC2,27.211319250515267
APOC3,0.23503466639094295
APOE,4.663483835085108
APRT,978.594075518486
AQP1,2265.2454376311316
AQP10,0.0043562728874461795
AQP2,0.0005709011567554772
AQP3,6.278498945162672
AQP4,0.007786119467108
AQP5,0.09217673393182706
AQP7,1.026952142483705
AQP8,0.0797973813681842
AQP9,0.08655688757824036
ARAF,2.052113308902142
ARCN1,213.96521890564966
ARG1,0.0411090465896007
ARG2,1.080508588629861
ARSA,32.77116988779226
ARSB,8.138917806841661
ART1,12.508037072622695
ART3,0.545195939548678
ART4,0.071969539510899
ART5,0.08047942238951886
AS3MT,8.451822349532758
ASAH1,67.64605586606311
ASAH2,0.006943765291755151
ASH1L,0.026098890666816338
ASL,195.8403088343709
ASMT,0.03244245600448136
ASNS,477.02055179291375
ASPA,2.499318167890111
ASPG,0.024868423717330074
ASPH,103.63185646328289
ASRGL1,1.8899847234777303
ASS1,275.6234112726072
ATE1,7.16644423583139
ATIC,713.4695487748648
ATM,1.104727303083366
ATP10A,5.7361525726920695
ATP11A,3.3261456714867172
ATP11C,4.578493932914717
ATP1A1,57.658465540463176
ATP1A2,36.37598204567836
ATP1A3,1.3159020627833622
ATP1A4,0.026403588208724536
ATP1B1,26.246980974078504
ATP1B2,13.877104316126808
ATP1B3,61.96185729072379
ATP1B4,0.020317090524169256
ATP2B1,6.5562348423459005
ATP2B2,0.057778537893013085
ATP2B3,0.019016742344370747
ATP2B4,176.95027502603136
ATP4A,0.03224425190884993
ATP4B,0.03309863452838105
ATP5F1A,124.53265572432873
ATP5F1B,167.30632217246165
ATP5F1C,21.50971022167614
ATP5F1D,155.46511749348954
ATP5F1E,125.55773209538297
ATP5MC1,4.311892001287344
ATP5MC2,2.868050998110428
ATP5MC3,5.997867959791037
ATP5ME,117.38991896387836
ATP5MF,1.481717785000078
ATP5MG,179.57272888452187
ATP5MGL,23.718922705117464
ATP5PB,5.524565248774745
ATP5PD,6.7181129554220975
ATP5PF,4.959033242795014
ATP5PO,42.13932100131758
ATP5S,0.3354345050980549
ATP6V0A1,1.8153124460344805
ATP6V0A2,0.5717256813264294
ATP6V0A4,0.005844039834129228
ATP6V0B,56.070136115784074
ATP6V0C,298.79316515551534
ATP6V0D1,546.0835929269833
ATP6V0D2,0.1314675993445951
ATP6V0E1,416.64489972433273
ATP6V1A,70.44410218445657
ATP6V1B1,1.226182437644322
ATP6V1B2,577.1268829824008
ATP6V1C1,15.620659940375448
ATP6V1C2,0.5972935507827798
ATP6V1D,32.26855631518571
ATP6V1E1,281.30553350479204
ATP6V1E2,0.6513585315413699
ATP6V1F,43.89750650665638
ATP6V1G1,39.12792569362669
ATP6V1G2,1.4694749979714683
ATP6V1G3,0.2330917175245828
ATP6V1H,24.79855291224684
ATP7A,1.530925722680773
ATP7B,1.5539358360701765
ATP8A1,1.5529113789089737
ATP8B1,3.7288130501341965
ATP8B2,39.45935153701932
ATR,0.041788627417571694
AUH,2.9149204279342613
AURKA,0.015486269678211997
AURKB,0.0631151121703097
AURKC,0.2334242325351918
AWAT1,0.0633604788899994
AWAT2,0.6905945531355334
AXL,0.20165692111740882
AZIN2,0.7963414524148358
B3GALNT1,1.481108092438512
B3GALNT2,1.2165246016175773
B3GALT1,0.013820269113664106
B3GALT2,0.06773245879479992
B3GALT4,9.355588093893322
B3GALT5,0.2558844122632335
B3GALT6,12.981744757431056
B3GAT1,0.09079557795648462
B3GAT2,0.17406914190078082
B3GAT3,39.96970612416837
B3GLCT,0.7866139610071975
B3GNT2,5.344366856754696
B3GNT3,0.12525029456750683
B3GNT4,0.02646017801146697
B3GNT5,0.34869202329606025
B3GNT6,0.3354345050980549
B3GNT7,0.6704659425570266
B3GNT8,4.671534161780226
B3GNT9,19.660751382213093
B3GNTL1,1.4649290482146093
B4GALNT1,3.4832336725226116
B4GALNT2,0.08753139082536945
B4GALNT3,0.38318350980928334
B4GALNT4,9.827847654108671
B4GALT1,18.787448542883407
B4GALT2,84.74689243777962
B4GALT3,18.76857219407944
B4GALT4,3.516991254148154
B4GALT5,63.65642131189079
B4GALT6,1.4917492222070337
B4GALT7,21.44575267533922
B4GAT1,2.277812689362301
BAAT,0.006173275521829579
BARD1,0.9417702808040265
BBOX1,0.012974016021613813
BCAP31,2193.196525608361
BCAT1,0.97818578378778
BCAT2,40.698302475828
BCHE,26.165044941110718
BCKDHA,5.5220989819451125
BCKDHB,3.939766685927214
BCKDK,69.57833356919322
BCO1,0.06461878427195712
BCR,0.7862152092024142
BDH1,0.7302896834975341
BDH2,29.511586144323154
BHMT,0.7503633689005611
BHMT2,103.47335659463602
BIRC6,3.944265079561579
BLK,0.005324869803402467
BLVRA,1263.922680092321
BLVRB,1386.345530434694
BMP1,84.39197038732026
BMP2K,0.214383549117701
BMPR1A,8.289246578197798
BMPR1B,4.267343585138901
BMPR2,13.527655027436372
BMX,0.9272994933637931
BPGM,10.037633053141452
BPNT1,7.390427802984719
BRAF,5.233688323498773
BRAP,0.3009613429977477
BRPF1,10.55904779979142
BRSK1,7.722616504125907
BRSK2,0.7870022959735216
BSCL2,47.0537259261619
BSG,109.10884611661122
BTD,5.092716826083876
BUB1,0.06737629937892177
BUB1B,0.010355851022684277
C1GALT1,1.4086481688197803
CA1,0.01989158957237577
CA12,9.038688468368832
CA13,5.294025889099023
CA14,0.4758109779389995
CA2,0.5771183035846266
CA3,0.384274113372114
CA4,0.6282817506575107
CA5A,0.08417582761312976
CA5B,0.37435103856875834
CA6,10.425839500790367
CA7,0.011644839022190446
CA8,0.24605702146214078
CA9,0.7426598118812486
CAD,67.71456438955153
CALM1,448.6244822850595
CAMK1,27.584444577014867
CAMK1D,4.292957132264764
CAMK1G,0.04379974437766218
CAMK2A,3.0216312065271973
CAMK2B,0.046141964307168076
CAMK2D,214.19725920129292
CAMK2G,27.332001854614994
CAMK4,0.04551588969277415
CAMKK1,6.3869455179208146
CAMKK2,23.297824296649438
CANT1,23.876715657161792
CARM1,20.15370610460319
CARNS1,0.6443315286801905
CARS,19.98593974094046
CARS2,22.057880124835226
CASK,8.008686287348478
CAT,149.40234922625893
CBLC,0.0519195983521084
CBLL1,8.482876758561865
CBLL2,0.027434690025870352
CBR1,76.27807963300512
CBR3,228.53429687849302
CBR4,36.87268492618713
CBS,3.3199733336981514
CBSL,0.3354345050980549
CBX1,133.33243381239438
CCNB1IP1,14.052645012062973
CD36,10.411782231709752
CD38,0.3129417287816713
CDA,74.5886334476274
CDC14A,0.751220521773164
CDC14B,5.539410212776914
CDC25A,0.13760422847889003
CDC25B,167.52432176265515
CDC25C,0.0063734517444626266
CDC34,11.580770053035925
CDC42BPA,2.4528674386474516
CDC42BPB,6.007696470268931
CDC42BPG,0.04024940813562404
CDC7,3.4053988685565417
CDIPT,287.77397431348976
CDK1,0.07069421066380958
CDK10,45.089551068320894
CDK11A,28.964511808931455
CDK11B,33.99805745624956
CDK12,6.343512253679778
CDK13,10.756187465737296
CDK14,3.1276067238762626
CDK15,0.034965008701682954
CDK16,56.87378039618192
CDK17,11.38629617539787
CDK18,4.2332507686580065
CDK19,2.559354306562241
CDK2,20.5147332704689
CDK20,14.405341175332222
CDK3,10.062048602756354
CDK4,12.696953920413298
CDK5,34.61009086912139
CDK6,15.523934194861154
CDK7,99.76470949942254
CDK8,18.976467501767274
CDK9,73.8413126617334
CDKL1,0.3813675281160773
CDKL2,0.6926476236753284
CDKL3,0.673802753944046
CDKL4,0.0124926335095224
CDKL5,0.1553704440282162
CDKN3,1.0748889985111916
CDO1,10.338340108308545
CDS1,0.6625573362750536
CDS2,15.242517144249002
CDY1,0.256335927830294
CDY1B,0.256335927830294
CDY2A,0.04923577690024244
CDY2B,0.04923577690024244
CEL,0.41363368237512216
CEPT1,1.4514883824748361
CERCAM,15.737676692707556
CERK,24.650586572200595
CERS1,2.1416531987950975
CERS2,78.8574101508825
CERS3,0.042057651157690105
CERS4,25.50165429701071
CERS5,15.800974516942759
CERS6,1.9287789505001551
CES1,44.63382548483794
CES2,19.27036072815781
CES3,0.11488923223811011
CES5A,0.03703753789261324
CFTR,0.0040713139559019965
CH25H,9.45915428947772
CHAT,0.0007133234786971168
CHD9,2.5166003902829983
CHDH,1.9590852895737287
CHEK1,0.3555800352589974
CHEK2,2.205617069435206
CHFR,10.52627831378266
CHI3L1,22.505116100579126
CHIA,0.34819723870797287
CHIT1,0.02427550808880258
CHKA,4.112520154618691
CHKB,45.03106130786543
CHMP4A,154.41783118124926
CHPF,34.87416738600971
CHPF2,23.596815890023027
CHPT1,17.923990565425136
CHST1,1.61208509181404
CHST10,6.817865022161586
CHST11,1.1461203762579342
CHST12,19.251366488418096
CHST13,0.10573196555614715
CHST14,1.3565767858033577
CHST2,3.1934528825547996
CHST3,23.407345955825498
CHST4,0.0206693540070757
CHST5,0.1599887131817359
CHST6,0.3081097009760635
CHST7,2.192787421981845
CHST8,0.07724869061511423
CHST9,0.15505015759440294
CHSY1,5.316644022898398
CHSY3,0.22241869591606936
CHUK,0.8260049035608019
CHURC1-FNTB,3.2507362769424972
CIDEA,0.00845835064241829
CINP,0.6835845657589132
CIT,2.122277928250287
CKB,1995.1744064079714
CKM,3.0687553168236326
CKMT1A,0.003924127681183078
CKMT1B,0.021328996563846157
CKMT2,5.117404367993471
CLC,0.01394913648654191
CLCF1,8.158207243453717
CLK1,4.658388115165714
CLK2,41.91209354909048
CLK3,1.0303123492872133
CLK4,0.7701367448459447
CLOCK,4.039177236424634
CLPS,0.017894069335292976
CLTRN,0.5786685643266595
CLYBL,1.1766459775556435
CMA1,5.877706392848139
CMAHP,3.7167543572193082
CMAS,47.43242777946594
CMPK1,815.3681718271138
CMPK2,1.044110390306749
CMTR1,40.151552392454875
CNDP1,0.0057452302445556115
CNDP2,32.42418255221907
CNOT4,4.122263906484987
CNP,57.89159242931668
COASY,708.5401768022995
COL4A3BP,2.618561111887297
COLGALT1,144.21798657272484
COLGALT2,0.4476617994174102
COMT,69.24744985824374
COMTD1,413.2336673459303
COP1,0.4785008438550989
COPA,211.0586219099868
COPB1,132.35033977392155
COPB2,70.13844543684355
COPE,482.64152043772225
COPG1,142.17247279824176
COPG2,58.41805562278283
COQ2,3.2990084407907494
COQ3,8.69322128724314
COQ5,2.159790945950388
COQ6,10.256887562815882
COQ7,0.2151174799612158
COX1,7.766401376158287
COX17,42.38391449737356
COX2,5.3369352212394165
COX3,0.33446363282071023
COX4I1,652.7410093913085
COX4I2,9.236437151966856
COX5A,292.2027587050075
COX5B,705.8910343462446
COX6A1,23.669400227059114
COX6A2,0.5436115758866868
COX6B1,110.45977590465185
COX6B2,0.04054244205347733
COX6C,115.8930398612745
COX7A1,350.9957400987499
COX7A2,77.09086389248861
COX7A2L,17.18134540056112
COX7B,83.62876589294066
COX7B2,0.3354345050980549
COX7C,279.31299055978883
COX8A,1075.9894065113065
COX8C,0.14830427851471295
CP,0.11089477882557432
CPA1,2.3131739981911728
CPA2,0.004577038178531594
CPA5,0.3354345050980549
CPA6,0.13686969464347734
CPOX,64.46621511830448
CPS1,0.2572018318142471
CPT1A,1.4747183854178867
CPT1B,13.232351664160163
CPT1C,3.1245664544143277
CPT2,68.99132603477828
CRAT,26.283443719560722
CREBBP,0.2648697513171905
CRLS1,11.028706160263035
CROT,12.057923831544121
CS,4651.385676773077
CSAD,21.19260279942572
CSF1R,11.553565537754483
CSGALNACT1,3.9810063643361127
CSGALNACT2,16.01846738913316
CSK,24.751531883502526
CSNK1A1,41.08486236019263
CSNK1A1L,0.004084434744709353
CSNK1D,131.14323476825857
CSNK1E,3.18274850895388
CSNK1G1,2.358716970321484
CSNK1G2,47.89497483271612
CSNK1G3,5.525421837036808
CSNK2A1,292.0600877105038
CSNK2A2,320.13339708757707
CSNK2B,485.6141816678351
CTBP1,57.76387450931763
CTDP1,2.861126399681685
CTDSP1,182.86385291909153
CTDSP2,355.4536682123123
CTDSPL,21.76811608882639
CTDSPL2,1.2454654662686335
CTGF,0.3354345050980549
CTH,0.25918106643549055
CTPS1,18.872449647250797
CTPS2,5.323571415903849
CTSA,338.90849778127074
CTSB,367.9304441996762
CTSC,5.877706392848139
CTSD,583.1397855923526
CTSE,0.0020627586128041395
CTSF,121.50397784080558
CTSG,16.000315161561986
CTSH,11.169744333134785
CTSK,28.72333974100794
CTSL,7.869144586354053
CTSO,8.281524224619545
CTSS,1.6958291732509525
CTSV,0.00932176370328633
CTSW,0.7477933511108639
CTSZ,21.819554198745532
CUBN,0.22025870049580426
CWC27,16.64778946804213
CYB5D1,23.457170136407065
CYB5R1,30.645130621350678
CYB5R2,1.224732568898605
CYB5R3,4669.412202399954
CYBB,5.630545436920607
CYBRD1,70.94798364361263
CYC1,784.6223436781273
CYLD,3.614592822493558
CYP11A1,1.9569167128853007
CYP11B1,0.18444505207968623
CYP11B2,0.02646017801146697
CYP17A1,0.15391590446336056
CYP19A1,0.020120621230327804
CYP1A1,0.005013883046387002
CYP1A2,0.002021482927840993
CYP1B1,10.846841114799288
CYP21A2,2.037543656087856
CYP24A1,0.04255372230264104
CYP26A1,0.0009131812060791324
CYP26B1,0.34762712774009813
CYP27A1,43.50530305704878
CYP27B1,0.059844051714091843
CYP2A13,0.0036697958106645338
CYP2A6,0.026215170412252693
CYP2A7,0.05996477628878289
CYP2B6,0.0006632082540001518
CYP2C18,0.2259625918283721
CYP2C19,0.004863864507940103
CYP2C8,0.05022864560262479
CYP2C9,0.012863233689552693
CYP2D6,0.33702234491539884
CYP2E1,0.9763569858826964
CYP2F1,0.013929970839435852
CYP2J2,0.10427687757746741
CYP2S1,0.5599046508955468
CYP2U1,6.0415323591024235
CYP39A1,2.695113113702288
CYP3A4,0.044956370414089335
CYP3A43,0.0030091059149200657
CYP3A5,0.4438903548325714
CYP3A7,0.48195222493793755
CYP46A1,0.23403587749578708
CYP4A11,0.00926483145050322
CYP4B1,4.314001412150666
CYP4F11,0.49971511125970486
CYP4F12,1.2830528644768135
CYP4F2,0.002239139356872761
CYP4F22,0.0303958457084572
CYP4F3,0.012784246338637615
CYP4F8,0.3354345050980549
CYP4V2,11.361257449057884
CYP4X1,0.32161593802834426
CYP4Z1,0.013100908987875295
CYP51A1,13.34652064990244
CYP7A1,0.004564771618420174
CYP7B1,0.5239030557126562
CYP8B1,0.09653198119205691
CYTB,10.283962318241796
DAD1,796.0978615533987
DAGLA,1.9944069523523345
DAGLB,10.273165427223192
DAO,1.8577966562707513
DAPK1,22.495249960105554
DAPK2,0.9956010886321971
DAPK3,9.40999637415998
DARS,3794.219606001174
DARS2,5.295875126263567
DBH,0.12638418049023106
DBI,86.11537096642232
DBT,3.6736755929221565
DCK,3.1974396799452465
DCLK1,32.38056990371238
DCLK2,9.75544051327111
DCT,0.37448615854304895
DCTD,12.140357829326708
DCTPP1,37.92679810444634
DCXR,58.04091116004126
DDAH1,17.49036006917539
DDAH2,109.21939793388547
DDC,1.3078191747169696
DDO,1.2030351746929953
DDOST,630.9337846578172
DDR1,19.260863034109317
DDR2,59.55178818081647
DECR1,23.287874031098298
DECR2,9.835900990941598
DEGS1,16.103461099229445
DEGS2,0.043885166378971184
DERA,38.44786990871574
DGAT1,60.21656369286103
DGAT2,0.7264610623464263
DGKA,10.143120111362638
DGKB,0.9553863619349471
DGKD,11.38629617539787
DGKE,1.642133784054008
DGKG,12.886995234643642
DGKH,1.6033035700211726
DGKI,0.029656282144370515
DGKQ,15.656385440034091
DGKZ,26.863495260845546
DGUOK,24.34940702310617
DHCR24,0.8135023356020211
DHCR7,5.764395555412826
DHDH,0.02319160784110202
DHFR,238.67392464685707
DHODH,3.449556130053953
DHRS2,0.024905597171755577
DHRS3,187.82798183235073
DHRS4,360.60842873490213
DHRS9,0.014240155862124734
DIO1,0.008128721731134742
DIO2,1.8332251890015832
DIO3,1.3168857589199192
DLAT,369.1609688531755
DLD,1522.7243136923398
DLST,545.2746297444274
DMGDH,1.4427542679607919
DMPK,96.68776488989666
DNAJC6,0.3039826917427574
DNMT1,11.09122417733202
DNMT3A,6.737002714574486
DNMT3B,0.4007237072967382
DNMT3L,0.03798289307998578
DOLPP1,5.462581710787757
DOT1L,6.343512253679778
DPAGT1,42.487658078931986
DPEP1,0.3191303602896498
DPEP2,0.22774521997241212
DPEP3,0.010145558793882525
DPH5,55.1331334855794
DPM1,1010.0535117007483
DPM2,46.52243923620386
DPM3,39.36952370130154
DPYD,7.300456089204589
DPYS,0.010993708552983298
DPYSL2,4986.981518369255
DPYSL3,794.8691090223737
DSTYK,6.641744242618713
DTYMK,19.04156753170085
DUOX1,0.37304137313765834
DUOX2,0.024090943894280976
DUPD1,0.013164468859269274
DUSP1,2445.1758195487805
DUSP10,2.176637116486747
DUSP11,6.444969351773697
DUSP12,8.363042571563431
DUSP13,0.004216208800418571
DUSP14,0.8074871409583679
DUSP15,1.2776792296420219
DUSP16,4.145706579733711
DUSP18,1.54369872794796
DUSP19,1.566242226894352
DUSP2,0.3081097009760635
DUSP21,0.08186674790155296
DUSP22,48.465770336890806
DUSP23,80.63354453422484
DUSP27,0.00931738126400618
DUSP28,1.3390664404768908
DUSP3,610.9970200539734
DUSP4,0.14092150769996656
DUSP5,3.4364810087571867
DUSP6,21.465256240202667
DUSP7,8.250652473338617
DUSP8,2.7928725892215494
DUSP9,0.07292843180621476
DUT,307.2892334184814
DYRK1A,15.837172656184409
DYRK1B,13.3363937739167
DYRK2,3.1891748958121786
DYRK3,0.8922589617291881
DYRK4,8.646368999283132
DZIP3,5.700896751390488
EARS2,1.1017448216551695
EBP,189.77258475141804
ECH1,389.8169377270816
ECHDC2,46.817415882223244
ECHS1,216.04191423292917
ECI1,42.972615398906946
ECI2,50.04395333551091
EGFR,2.219071302793346
EHHADH,1.4306939875821962
EHMT1,0.740826039577502
EHMT2,2.094165212047301
EIF2AK1,27.825973963940193
EIF2AK2,35.360699355312704
EIF2AK3,3.122742640843759
EIF2AK4,0.24936716175352405
EIF4EBP3,60.22912400495785
ELOVL1,14.787677006857889
ELOVL2,0.14052354922740284
ELOVL3,0.02156196382203144
ELOVL4,1.2894106456452232
ELOVL5,1.5669048173798503
ELOVL6,1.1542095280975537
ELOVL7,0.6225445974929888
ELP3,2.7306459202567943
ENGASE,46.32211660221569
ENO1,5124.825740891722
ENO2,81.4711257058599
ENO3,41.1528867702055
ENOPH1,125.92426056431627
ENPP1,0.8837738257836282
ENPP2,7.180915808737861
ENPP3,0.10216925392342448
ENPP6,0.099419115196243
ENPP7,0.002441059271071944
ENTPD1,11.178054366453054
ENTPD2,0.81049926542394
ENTPD3,0.27581775214363363
ENTPD4,14.237543204549437
ENTPD5,1.719420629230999
ENTPD6,45.14805944068589
ENTPD8,0.004658199284332613
EP300,2.809832734163413
EPHA1,0.4673984281871988
EPHA10,0.04081501091380595
EPHA2,0.9947473427135205
EPHA3,1.80606835206649
EPHA4,1.3871848229888033
EPHA5,0.001340498919556785
EPHA6,0.09874098084912374
EPHA7,20.75620870029614
EPHA8,0.007907961326675322
EPHB1,0.07778898317725805
EPHB2,0.026167891193779182
EPHB3,3.9803611851841803
EPHB4,2.2924433015422996
EPHB6,2.338309697543413
EPHX1,320.5614430732867
EPHX2,10.583641295321733
EPM2A,17.144416231200104
EPRS,41.68240788949545
EPX,0.057961416932182076
ERBB2,0.5570977835093686
ERBB3,5.448641208699387
ERBB4,0.004195776810741878
ERN1,1.7042080863789342
ERN2,0.0010477004225516982
ESD,1013.7505660713509
ETFA,2787.5335167154662
ETFB,896.9274435821116
ETFDH,33.078589209602484
ETNK1,6.192070841812649
ETNK2,1.5976276835386332
ETNPPL,1.3663166774328985
EXT1,4.912575248025318
EXT2,32.176223362538636
EXTL1,0.23117419696770425
EXTL2,12.980373721403119
EXTL3,22.75211375478008
EYA1,0.032680693399030444
EYA2,5.778529792700318
EYA3,1.1276303385136295
EYA4,0.21513375586172187
EZH1,53.23702873980044
EZH2,0.02526696166234655
F13A1,46.251465139859754
F13B,0.952082265681838
F2,0.0929205706512876
FAAH,8.724490603518603
FAAH2,0.5152881831956126
FABP1,0.09736216538128216
FABP12,0.07361943011456162
FABP2,2.0423800119197857
FABP3,11.336232247570882
FABP4,93.68057580553076
FABP5,2169.5412399654338
FABP6,0.019348046631031242
FABP7,2.482310752887457
FABP9,1.0553661478381027
FADS1,8.142824571551952
FADS2,3.2333482578695047
FADS3,2.0491403643195767
FADS6,0.0023156552224341434
FAH,6.5176796209638495
FAM20B,34.260315984955675
FANCL,5.842238687317503
FAR1,31.445412644000253
FAR2,2.056178258139118
FARS2,2.5570967071693116
FARSA,1119.1259449447186
FARSB,2.3772384035808143
FAS,11.428057400029463
FASN,46.09847775748546
FASTK,79.43493329307027
FAXDC2,21.0080759943791
FBP1,1.0692766038669994
FBP2,0.013451417999949504
FDFT1,46.758383988643025
FDPS,20.225880562616137
FDXR,10.783435310169072
FECH,10.731496160020386
FER,1.7404576936938663
FES,21.221774750328823
FGA,0.31467191153730595
FGFR1,85.44414481230444
FGFR2,15.35022037389748
FGFR3,1.0697440281253763
FGFR4,2.552409252349424
FGGY,1.3568761596355856
FGR,3.8345733170013716
FH,1093.1436746093095
FHIT,1.439736871229589
FHL2,10.48619765846391
FIG4,10.797370539062475
FITM1,0.28829019834448477
FITM2,8.646368999283132
FKBP10,39.10073260618179
FKBP11,7.039593328892284
FKBP14,2.7554997086099515
FKBP1A,621.4728767228801
FKBP1B,4.7313467806822835
FKBP2,1091.700572903215
FKBP3,648.8695548392831
FKBP4,835.8504435757372
FKBP5,14.492333926103553
FKBP6,0.0345624960497994
FKBP7,12.247894097977067
FKBP8,70.33156958356903
FKBP9,87.88757971984154
FKBP9P1,0.3354345050980549
FLAD1,9.252552814993658
FLT1,7.608968471565435
FLT3,0.012375446959464482
FLT4,11.486586026661783
FLVCR1,1.0357544262925698
FMO1,0.10975207534206802
FMO2,9.900385852258717
FMO3,0.5892030640205456
FMO4,1.3707679438167835
FMO5,0.23368171941292498
FMO6P,0.002228847906980653
FN3K,12.458474390405396
FN3KRP,30.156529156563867
FNTA,45.034966524817015
FNTB,14.37881472811757
FOLR1,0.017911213715253064
FOLR2,8.802784129051522
FOLR3,0.023209877508875397
FOSL1,2.350775642236926
FPGS,1.9248176398794323
FPGT,3.5847449700495564
FRK,0.03444070368664006
FRMPD2,0.000700904633195863
FTCD,1.0348270030458389
FTMT,0.3764543508002139
FUCA1,11.940539692822986
FUCA2,11.637423990589626
FUK,9.562999306422455
FUT1,1.4775652047435004
FUT10,1.2377965054750741
FUT11,7.01734236191651
FUT2,0.42738961970203065
FUT3,0.007696785821132643
FUT4,1.2141130717955237
FUT5,0.0012273071416276048
FUT6,0.0022980215576150227
FUT7,0.05530103994770222
FUT8,0.2728240301376503
FUT9,0.07917572773881386
FYN,49.15295984916909
G0S2,17.30149959072549
G6PC,0.005751718161918214
G6PC2,0.018216384410824384
G6PC3,59.4323611075812
G6PD,337.12059580992286
GAA,43.31983791981316
GAD1,0.010938978456026423
GAD2,0.03730519390911924
GAK,3.584538021414847
GAL3ST1,0.8048271154715394
GAL3ST2,0.005725777273736491
GAL3ST3,0.3136335211382169
GAL3ST4,13.405866021951805
GALC,4.421585569568428
GALE,4.27456411233767
GALK1,290.18111843444416
GALK2,16.369766435317064
GALM,12.518252937342831
GALNS,8.05834738220107
GALNT1,11.444772381746615
GALNT10,0.6958279789433129
GALNT11,10.045853464348436
GALNT12,15.341238005336018
GALNT13,0.022427485880055543
GALNT14,0.34054831277735303
GALNT15,23.138745271392164
GALNT2,48.883018252616914
GALNT3,0.3515356433196954
GALNT4,0.8135575412054917
GALNT5,0.003768920445455809
GALNT6,0.3679954379099053
GALNT7,0.2532869888360049
GALNT8,0.24899531607522357
GALNT9,0.06109184418863531
GALNTL5,0.43999999999999995
GALT,31.403035541007416
GAMT,15.884808108460795
GANC,5.302795876606977
GAPDH,5638.832478280902
GAPDHS,8.042317062334442
GARS,272.04479545508525
GART,94.1413572419343
GATM,5.679768873337677
GBA,12.012633414649697
GBA2,78.70983782477803
GBA3,0.3354345050980549
GBE1,10.115687125368284
GBGT1,8.50618588003241
GC,0.022954423789511055
GCAT,191.82139309433643
GCDH,11.453132118629014
GCH1,1.1276158031149004
GCK,0.826257542240863
GCLC,10.48743999737185
GCLM,17.535847450313693
GCNT1,0.4165985734557469
GCNT2,1.1589743613195442
GCNT2P,0.3354345050980549
GCNT3,0.004365973724645919
GCNT4,0.6913873413019085
GCNT7,0.023264707670283075
GCSH,5.399918362422379
GDA,0.0004958795247615221
GDE1,27.011280254466545
GDPD2,0.005293056829591033
GFPT1,122.90372367379494
GFPT2,23.33763577900227
GGCT,54.79016869721015
GGH,2.551252193382666
GGPS1,512.9168692796592
GGT1,0.7943811906412976
GGT2,0.0009656060408736333
GGT3P,0.3354345050980549
GGT5,22.920448985178403
GGT6,0.005844039834129228
GGT7,19.660751382213093
GGTLC1,0.5642767148917974
GGTLC2,1.7831684152107201
GIF,0.3354345050980549
GK,1.3973982122690873
GK2,0.9456388863331135
GK3P,0.011303572800015205
GLA,9.109757031353617
GLB1,15.982167982689772
GLB1L,1.5826876886579604
GLCE,0.18608401588513893
GLDC,0.022445606105654766
GLIPR1,5.124267210944775
GLO1,880.5542741627055
GLRX,72.17508302088014
GLRX2,13.277021150650231
GLS,83.48312696761887
GLS2,0.9540225990842764
GLT6D1,0.06930364432416915
GLT8D1,1.5800336870481462
GLT8D2,5.420786439193949
GLTP,30.84755715282373
GLUD1,1003.4513737011141
GLUD2,0.23021153456948862
GLUL,28.274391587449564
GLYAT,26.66571856032572
GLYCTK,0.7354021760494277
GM2A,16.96926929188138
GMDS,62.76535658864556
GMPPA,33.60438225066148
GMPPB,53.3152684237403
GMPR,9.379463155973289
GMPR2,51.555404330486496
GMPS,71.20521701540486
GNE,6.934503546809775
GNMT,0.13941640817126402
GNPAT,57.966240004173216
GNPDA1,24.812147591984036
GNPDA2,4.56247600739531
GNPNAT1,20.60072691924064
GNPTAB,10.03775829481524
GNS,30.814351753776354
GOT1,2341.6075883177787
GOT2,2559.785130838907
GPAA1,126.60237649764343
GPAM,0.16782443259788604
GPAT2,12.06739975460192
GPAT3,0.6582069289240687
GPAT4,1.352005973421296
GPCPD1,13.614812233906958
GPD1,0.10272148276378777
GPD2,49.740894717667025
GPHN,7.128995754109713
GPI,4506.839300909562
GPIHBP1,5.835151467919711
GPLD1,0.5239030557126562
GPT,0.5871846774176196
GPT2,3.616219462004572
GPX1,153.40545756846024
GPX2,0.035653555955571355
GPX3,4366.404186369059
GPX4,126.8240687313917
GPX5,0.793289329058847
GPX6,2.01032323162201
GPX7,6.876822208212323
GPX8,5.219893531761145
GRHL1,0.6196808682803577
GRHPR,39.742683331554645
GRK1,0.0036697958106645338
GRK2,4.014622265826703
GRK3,1.2623639556998993
GRK7,0.0006426573361824762
GSR,183.2156743377039
GSS,244.9757472580448
GSTA1,0.018669523903120475
GSTA2,5.619549002346362
GSTA3,3.8201241689736465
GSTA4,17.246018296116784
GSTA5,0.58469847618054
GSTK1,76.38457592642587
GSTM1,0.0479453358248171
GSTM2,18.157638388928248
GSTM3,206.25172099958974
GSTM4,11.839288914940353
GSTM5,50.8561276811978
GSTO1,1339.759877845233
GSTO2,0.13944476955974655
GSTP1,9406.842406396981
GSTT1,44.77392778387244
GSTT2,0.46968910778598266
GSTZ1,3.3099650566665955
GTF2F1,13.86257043268158
GTF3C4,0.8459939563805411
GUCA1A,0.003599060828607098
GUCY1A1,2.9663227089166733
GUCY1A2,0.3715979586362317
GUCY1B1,1.0453859436592674
GUCY1B2,0.19873158107899452
GUCY2C,0.01143701550348768
GUCY2D,0.0005391585005852451
GUCY2F,0.001343223570516396
GUK1,148.2061938962462
GUSB,3.5554293272428126
GYG1,173.8485503912916
GYG2,3.042754518761925
GYS1,65.81404919714207
GYS2,0.09112761083833534
H6PD,30.22516938600914
HAAO,7.54097853135657
HACD1,0.6699772991826155
HACD2,3.095013644366691
HACD3,4.330319334841662
HACD4,0.5979568033382378
HACE1,4.248977581133982
HACL1,10.780892678774439
HADH,1363.42736331404
HADHA,2046.7118850351935
HADHB,275.3995724460705
HAGH,52.46948371404809
HAGHL,1.03529068920251
HAL,0.0069900126692557015
HAO1,0.19763453007540133
HAO2,0.005675275406106035
HARS,188.26842875119024
HARS2,43.36715360495113
HAS1,0.008829775236815713
HAS2,0.23226640386094682
HAS3,0.39888764819546835
HAT1,49.72743131780307
HCCS,18.570652000420257
HCK,3.6800029759708353
HCST,6.869445755833778
HDAC3,1.2974511031743252
HDC,1.1304578483025878
HDLBP,109.20755970988384
HECTD1,6.661696660098821
HECTD2,3.5489465536330553
HECTD3,4.646517371618578
HECW1,0.010940497831667288
HECW2,0.22391464909966588
HELZ2,4.500536913954774
HEPH,12.861184024316163
HERC1,0.8110421463233053
HERC2,0.35124043372411695
HERC3,9.276112504546763
HERC4,9.039856164605542
HEXA,22.67300259640396
HEXB,2.0876631494573337
HEXDC,0.3354345050980549
HGD,0.014941274241627094
HIBADH,49.79205078825086
HIBCH,11.219627250490937
HIF1AN,12.04200145453437
HIGD2A,28.376660352575403
HIPK1,13.284347741040945
HIPK2,2.8652604532089105
HIPK3,48.037518164832726
HIRIP3,0.7104684341237674
HK1,529.0384961700007
HK2,1.417061170064368
HK3,6.437709339223163
HKDC1,0.012391109615896923
HLCS,2.631389510852667
HLTF,0.0805734127521514
HMBS,111.16334842377789
HMGCL,161.59534821799164
HMGCLL1,0.13952986221239652
HMGCR,4.76233415701037
HMGCS1,7.412962892374212
HMGCS2,0.21126245520754755
HMOX1,47.20062426576386
HMOX2,117.95868476498288
HNMT,3.49010373825092
HPD,0.9704191956035587
HPGD,4.479272641346851
HPGDS,0.6692156863837938
HPRT1,266.20265198971606
HS2ST1,4.499904626597819
HS3ST1,0.3282470076127351
HS3ST2,0.18183729827042047
HS3ST3A1,0.22704175690510645
HS3ST3B1,0.17278257506576108
HS3ST4,0.012466929075615836
HS3ST5,0.005044020374571343
HS3ST6,0.3354345050980549
HS6ST1,12.06739975460192
HS6ST2,0.10411844027402031
HS6ST3,0.08254304171790244
HSD11B1,2.1178553646901594
HSD11B1L,6.803145198032516
HSD11B2,0.061045517230588035
HSD17B1,1.6733611600646907
HSD17B10,150.31740849611376
HSD17B11,125.3035822320817
HSD17B12,133.78412278742246
HSD17B14,2.3111678290658
HSD17B2,0.00234268812621748
HSD17B3,0.8495917809845738
HSD17B4,80.30989029847025
HSD17B6,0.8275740844495612
HSD17B7,1.812423929628381
HSD17B7P2,1.6817127638561902
HSD17B8,1.2212683523099919
HSD3B1,0.8561440324619417
HSD3B2,0.06678372562010437
HSD3B7,50.34424318259759
HSPG2,0.8530114216852168
HTATIP2,94.46211067869686
HUNK,0.2054412433385295
HUWE1,6.026008953620363
HYAL3,4.810259650893231
HYALP1,0.3354345050980549
HYI,18.29818241478893
HYKK,0.5989148897746958
IARS,932.9114801782627
IARS2,50.64497291332446
ICK,7.737800743654122
ICMT,49.15768652024284
IDH1,15.864334584134488
IDH2,263.97085301736536
IDH3A,548.9397020038139
IDH3B,353.5904640504507
IDH3G,117.12833383775396
IDI1,11.00386275998616
IDI2,2.1272734354694633
IDO1,0.05970579872755906
IDO2,0.019452959871462124
IDS,34.75337864702491
IDUA,6.199261951840844
IGF1R,10.256887562815882
IKBKB,32.78076338360466
IKBKE,2.0402814281436403
IL4I1,0.13998390455396312
ILK,82.80640135471604
ILKAP,36.47692095332236
IMPA1,165.249093332116
IMPA2,122.4033929392587
IMPDH1,101.51297153474115
IMPDH2,442.6739355001568
INMT,34.260315984955675
INPP1,574.157539522502
INPP4A,7.427995626920323
INPP4B,0.4326232078140208
INPP5A,41.84315535760568
INPP5B,10.062048602756354
INPP5D,4.758963562032033
INPP5E,33.51612014511175
INPP5F,0.4836832901283187
INPP5J,4.258158154924045
INPPL1,17.653805015218506
INSL3,0.021275323143387943
INSR,17.588846962136298
INSRR,0.05741320555891633
IP6K1,46.42814335565224
IP6K2,18.40141665480805
IP6K3,0.15598234963725735
IPMK,0.4931322158929314
IRAK1,96.0393968699242
IRAK2,1.1072993218142138
IRAK3,1.7647276116657478
IRAK4,7.9893907494842455
IREB2,4.381247961090419
ISYNA1,73.78413464911739
ITK,0.12991227779169628
ITPA,347.7655706794983
ITPK1,59.20131803071442
ITPKA,0.5495587605914489
ITPKB,77.46489786238548
ITPKC,34.46828721918244
IVD,509.5982433550203
JAK1,56.92332691016977
JAK2,3.9191864075782794
JAK3,4.453390246155458
JMJD7-PLA2G4B,0.19276672646590834
KALRN,1.1732976731390177
KANSL3,32.122381017358364
KARS,636.2002604600135
KAT2A,218.278262458238
KAT2B,18.082790381002095
KAT5,39.17651776388706
KAT6A,8.119763921267287
KAT6B,4.971082839009621
KAT7,18.232562134200347
KAT8,43.818715374953165
KCNJ11,0.2718018653578117
KCNJ8,52.94475657389665
KDR,13.102580686438845
KDSR,19.489123976743972
KHK,3.5382869137231356
KIT,23.317727954249513
KL,0.8245029526075943
KMO,0.010732827013493165
KMT2A,7.345408164781823
KMT2B,0.3354345050980549
KMT2C,5.581427302325963
KMT2D,12.092811170292565
KMT2E,19.118535588200494
KMT5A,0.08744585611927874
KMT5B,0.052531638327043204
KMT5C,0.3350355754164824
KPNA6,68.59016666000173
KYAT1,0.41426786262502635
KYAT3,10.315561941178165
KYNU,0.3164044303439103
L1CAM,53.93275226808347
L2HGDH,0.4689252428174802
LALBA,0.09996023381633702
LAP3,789.3483263713093
LARS,554.4125541022386
LARS2,8.142824571551952
LATS1,0.5549174684749326
LATS2,12.458474390405396
LBR,128.32782551369405
LCAT,24.721237669365365
LCK,0.5176342178664707
LCLAT1,1.290878919669016
LCT,0.0006388690828631451
LDHA,9190.127922860263
LDHAL6A,0.022772382288325538
LDHAL6B,0.00974628988339613
LDHB,876.3925480408835
LDHC,0.048842373828163206
LDHD,1.2781675132962662
LDLR,4.489818004295008
LGALS13,0.16621830202908744
LGMN,38.679945494371786
LGSN,0.059118472577440906
LHPP,75.00215301994704
LIAS,0.8719041554282754
LIMK1,10.240616030968358
LIMK2,16.693622733083004
LIPA,10.879852279865638
LIPC,0.019278181847543412
LIPE,2.034806785838992
LIPF,0.7826696716287669
LIPG,0.0879980332171323
LIPT1,2.5073795705359885
LIPT2,0.6708828217506675
LMTK2,3.2541059279608597
LMTK3,0.19478142605582396
LOC102724197,0.3354345050980549
LOC286297,0.3354345050980549
LOC344967,0.3354345050980549
LOX,0.8913648538355943
LOXL2,22.732329631074858
LPCAT1,5.320741807431562
LPCAT2,3.3942262741122073
LPCAT3,32.7915837786079
LPCAT4,2.8532927010521085
LPIN1,28.943520705655224
LPIN2,5.546407651772003
LPIN3,13.597369815071303
LPL,3.8800286277182523
LPO,0.0015119404255699018
LRAT,0.1414051137100445
LRP1,12.012632642953651
LRP2,0.00032939114080671834
LRRK1,0.19939976439839918
LRRK2,3.095416821915346
LRSAM1,21.20232568962956
LRTOMT,3.6382916812814963
LSS,126.65797764735781
LTA4H,663.411747746875
LTC4S,1.1193264282750504
LTK,0.2558844122632335
LYN,7.315432594407015
LYPLA1,77.3344686299931
LYPLA2,81.62387248812011
LYZL1,1.4145390562382973
MACROD1,4.132425254723184
MACROD2,0.05853382561473892
MAGEA2B,0.1626710879648594
MAK,0.10067403769275174
MAN1A1,2.040152024068503
MAN1A2,3.161061157782844
MAN1B1,1.6446912976262469
MAN1C1,12.723738986965476
MAN2A1,1.7922579509841758
MAN2A2,33.88892910211195
MAN2B1,40.74394672974217
MAN2C1,77.6653651120509
MANBA,9.1018537873568
MANSC1,22.248941900294025
MAOA,1351.8783361287935
MAOB,62.75400823426568
MAP2K1,237.8967045578195
MAP2K2,356.35456230790174
MAP2K3,12.205183955150993
MAP2K4,22.855115703123733
MAP2K5,9.078154153400252
MAP2K6,0.9088368030639314
MAP2K7,4.988867109844154
MAP3K1,2.2914259936743804
MAP3K10,20.765882115468575
MAP3K11,53.688386567910285
MAP3K12,32.31631685718931
MAP3K13,1.530925722680773
MAP3K14,35.13806261688879
MAP3K15,0.0047632376123549315
MAP3K2,3.9797160316764826
MAP3K20,0.20179825659102824
MAP3K21,0.03839897316107535
MAP3K3,36.58702490648484
MAP3K4,12.801007265448652
MAP3K5,10.062048602756354
MAP3K6,107.92850771022329
MAP3K7,0.4507486287433677
MAP3K8,19.080625364953516
MAP3K9,0.34266820473794607
MAP4K1,0.4270163904128338
MAP4K2,15.170818451461459
MAP4K3,9.595007473599777
MAP4K5,25.45011688162053
MAPK1,253.83943345594028
MAPK10,0.7651920410222819
MAPK11,33.627372642749926
MAPK12,9.819795935262583
MAPK13,4.982668372872343
MAPK14,118.82039871605045
MAPK15,0.18508320992983784
MAPK3,168.65833525717449
MAPK4,0.811809609163907
MAPK6,4.016530648025208
MAPK7,25.471137367918573
MAPK8,3.5677768429512344
MAPK9,6.475297342591187
MAPKAPK2,3.5399945347772714
MAPKAPK3,25.684943798221976
MAPKAPK5,23.746661543977865
MARCH1,0.9758999175686655
MARCH10,0.01899934421035176
MARCH11,0.007982758707868126
MARCH2,118.52910995778818
MARCH3,1.4543352846117998
MARCH4,0.0004331575968641201
MARCH5,6.532802530401259
MARCH6,14.591361229051014
MARCH7,26.60618787517342
MARCH8,9.323777908564976
MARCH9,8.912682407484354
MARK1,5.186134074858827
MARK2,28.419617104856325
MARK3,39.572624594122054
MARK4,16.75784117233142
MARS,202.29352194389537
MARS2,2.1079128766213064
MAST1,0.21627007264957876
MAST2,82.21591357681942
MAST3,8.77927806628713
MAST4,4.783244897380189
MASTL,0.04247454566442445
MAT1A,0.019558012049550513
MAT2A,307.8620119836575
MAT2B,118.4363945721492
MATK,0.1568867154336922
MBOAT1,6.532245646712549
MBOAT2,6.641744242618713
MCAT,22.460607629504857
MCCC1,8.196695040973038
MCCC2,12.97765486161003
MCEE,5.658660250779539
MDH1,3799.9985300271273
MDH1B,0.8619833257952556
MDH2,6370.3208973041465
MDM2,0.014612809290367516
MDP1,106.0281629047915
ME1,560.566355187087
ME2,49.4228393910362
ME3,5.1792509947797765
MECR,6.950693303923023
MED1,0.4375756979413322
MELK,0.011554635734759223
MERTK,6.6490599950005445
MET,0.9568688553825365
METTL1,28.840068085754794
METTL3,30.794216816109515
MGAM,0.01146620918520806
MGAT1,83.11184722991777
MGAT2,0.7847622793370633
MGAT3,2.5102601849758743
MGAT4A,2.4167725773812894
MGAT4B,37.89316018762545
MGAT4C,0.05770999480874327
MGAT4D,0.02696149145334556
MGAT5,9.62704184680256
MGAT5B,0.1106623166049723
MGLL,24.590067981271947
MGMT,8.93085801678048
MGRN1,31.670980555091067
MGST1,116.00092991555087
MGST2,43.86849046512396
MGST3,29.5959737710521
MIA3,9.956894744403895
MIB1,4.854915395897443
MIB2,41.774245007385055
MID1,3.8262647608060503
MIF,57.544463753499045
MINK1,0.5937745288614757
MINPP1,3.357049459228628
MIOX,0.0035160072112313807
MIP,0.0016223166852403486
MKNK1,21.20232568962956
MKNK2,306.444163333477
MKRN1,46.781994554282875
MKRN2,23.507020282692856
MKRN3,0.001332333116713078
MLKL,16.79794127891081
MLYCD,51.59815512165041
MMAA,0.7593754196880288
MOCS1,19.355891603137934
MOCS2,23.84668771255679
MOGAT1,0.05476426140032141
MOGAT2,0.06171353466959499
MOGAT3,0.06832763191888709
MOGS,101.02051411087673
MOK,3.4196880511239565
MOS,0.0028912188195973033
MOXD1,8.2198090232999
MPC1,24.660676549685856
MPC2,29.89179489847162
MPI,18.232562134200347
MPO,0.03549124886427659
MPST,2950.4737093859785
MRPL58,13.330417578133794
MSMO1,8.583996029646038
MSRA,7.443035825765437
MST1R,2.936901925817848
MT1A,31.59589969575015
MT2A,1039.9713014438507
MT3,1.658249917486912
MT4,0.3354345050980549
MTAP,266.8373853667646
MTFMT,7.920579760784735
MTHFD1,168.4956903857382
MTHFD1L,6.862071245360325
MTHFD2,10.444513764225453
MTHFD2L,1.449297270322098
MTHFD2P1,0.0034907248648315585
MTHFR,12.407291547634465
MTHFS,14.84029481318404
MTMR1,1.8924457503963565
MTMR14,10.830344761863683
MTMR2,1.1232813413886535
MTMR3,0.4936024715015959
MTMR6,3.8504249548744878
MTMR7,0.32196411305363176
MTMR8,0.21242517881579218
MTPAP,2.6442210006247744
MTR,0.754158120074813
MTRR,8.50618588003241
MTTP,0.061300422081785974
MUL1,55.441554123254754
MUSK,0.034581671519657346
MUT,0.3354345050980549
MVD,101.2728491023988
MVK,10.912888025465953
MYBBP1A,119.02521626491342
MYCBP2,0.15321269278189903
MYLIP,8.420795896475227
MYLK,11.412689829033525
MYLK2,0.19632213981070368
MYLK3,0.009858695481107273
MYLK4,0.16591137944100642
MYO3A,0.00047113196058843634
MYO3B,0.0016921373149270593
MYO5B,0.2260194915475083
NAA10,138.6433020325658
NAAA,3.2338571688403386
NADK,44.02796298226819
NADSYN1,23.916767325646312
NAGA,19.07115069309178
NAGK,32.391813589700305
NAGLU,8.999264995628367
NAGPA,10.013482392789141
NAGS,0.5416327127716462
NAMPT,581.902815697919
NANP,1.9477068387251322
NANS,188.85662895444793
NAPRT,25.164291606310147
NAPSA,0.6930678428439055
NARS,2577.2859474414668
NARS2,5.212999485471957
NAT1,2.477264239843945
NAT2,0.31312138463180905
NCOA1,15.287370887355072
NCOA2,0.3117853581322087
NCOA3,2.2650363317998092
NCOA6,9.997306470171715
NCOR1,0.11193691121095492
NCOR2,2.1825615717389635
ND1,0.7496282848946749
ND2,6.647572110665278
ND3,3.518721426725826
ND4,15.91921099634504
ND4L,0.3354345050980549
ND5,3.9860139175064595
ND6,2.1511623729121254
NDST1,25.481308681948335
NDST2,22.121125020678647
NDST3,0.004502338052917142
NDST4,0.024005586560330774
NDUFA1,717.2303706485866
NDUFA10,58.07042805614223
NDUFA11,118.8664203935866
NDUFA12,14.248685959199399
NDUFA13,832.6677254846318
NDUFA2,11.42058802097308
NDUFA3,8.334853761780963
NDUFA4,28.09933417507371
NDUFA5,21.110964179842313
NDUFA6,68.71061247795896
NDUFA7,4.028185198282103
NDUFA8,131.45414934373133
NDUFA9,33.93046546110571
NDUFAB1,146.74709606548848
NDUFB1,111.46412880720722
NDUFB10,224.7587393437151
NDUFB2,79.3274089100624
NDUFB3,130.92080754289185
NDUFB4,116.45751688054945
NDUFB5,74.99731356583717
NDUFB6,27.00095320748258
NDUFB7,275.48203839006493
NDUFB8,98.8820743169561
NDUFB9,21.43748936480395
NDUFC1,46.29856317648543
NDUFC2,35.480877240539364
NDUFS1,30.094036417665517
NDUFS2,50.7966952666612
NDUFS3,180.70472093630997
NDUFS4,76.42452142826367
NDUFS5,1311.9800152378139
NDUFS6,21.84207978170723
NDUFS7,20.41996585906508
NDUFS8,106.21961474044716
NDUFV1,75.49519499047675
NDUFV2,124.97080727362915
NDUFV3,15.900568233811466
NEDD4,2.5436071053797966
NEDD4L,1.6052807577947223
NEK1,3.037923152680638
NEK11,2.122830907734458
NEK2,0.0017607299532810573
NEK3,7.210755474217388
NEK4,5.927449448660668
NEK5,0.05038326139284907
NEK6,0.7328546169418908
NEK7,37.04769730385619
NEK8,1.5380753995930367
NEK9,3.3182239027450833
NEU1,42.119074937936325
NEU2,0.07868648115252536
NEU3,1.0566751241297654
NEU4,0.0016175609574237003
NEURL1,0.14715923590013888
NEURL1B,48.63256423359142
NGLY1,11.797163578146
NHLRC1,0.505152345276333
NIT2,549.1687490080022
NKTR,37.90437201328221
NLK,4.813639116869865
NLN,35.73537867463646
NME1,3402.8011632092134
NME2,281.45765578880633
NME3,137.1043925329888
NME4,202.93074562941658
NME6,0.560836518184348
NME7,1.8162850116995395
NMNAT1,4.627299563108739
NMNAT2,0.27816700518317633
NMNAT3,3.8915733503816012
NMRK1,7.173460636159366
NMT1,112.37513694436461
NMT2,3.170161044201586
NNMT,94.78799143049446
NNT,13.518946861265192
NOL9,8.258367760023567
NOS1,0.2778310986108565
NOS2,0.02756004583081447
NOS2P1,0.3354345050980549
NOS2P2,0.3354345050980549
NOS3,23.307775604442078
NOX1,0.03806843630191525
NOX3,0.09198887034239282
NOX4,0.24114651525169076
NOX5,0.0050817542064807274
NPAS2,12.34764361365246
NPC1,9.940741300325055
NPC1L1,0.3416078555034275
NPR1,38.33102294521603
NPR2,29.29035019034681
NQO1,482.0470946301403
NQO2,178.83573401560616
NR1D1,111.1720781696484
NRF1,1.4719211404699262
NSD1,9.827847654108671
NSD2,0.8117852405670956
NSD3,0.8238692165195934
NSDHL,704.3154268179792
NSF,63.831387207346886
NT5C,152.50692194928703
NT5C1A,0.058725969276404735
NT5C1B,0.3046695781385793
NT5C1B-RDH14,0.037698419756150243
NT5C2,56.66774061977078
NT5C3A,8.68540826208904
NT5DC3,19.98949517397326
NT5E,11.847718399030533
NT5M,5.743210128568766
NTAN1,4.444331310820238
NTRK1,1.7467810262603276
NTRK2,0.37882871327303774
NTRK3,0.21069737226532118
NUAK2,0.2865968497251574
NUDT10,2.1994788612070515
NUDT11,2.0682580716041308
NUDT12,5.337432834296031
NUDT2,26.062713326862994
NUDT3,22.82182134284173
NUDT4,11.344572477700725
NUDT5,125.59981539731392
NUDT9,18.68564414856812
OARD1,6.832592643801171
OAT,341.9388442460287
OBSL1,2.9137834083587526
OCRL,28.639569858304885
ODC1,20.522553496007966
OGA,13.207835039605774
OGDH,843.4137773826369
OGT,94.53184721719835
OLAH,0.2019863979997449
OPLAH,9.236437151966856
OTC,0.09949743465634267
OTUD5,62.90630669607573
OXCT1,173.24625080945845
OXCT2,0.03693802989252762
OXSM,5.729097145571537
OXSR1,17.070616403333773
P4HA1,22.081833109859488
P4HA2,32.502857649712375
P4HA3,0.931363845159378
P4HB,420.88867445508686
PADI1,0.010642184545687813
PADI2,0.07602419869297031
PADI3,1.4480638550391858
PADI4,0.028382495480546034
PADI6,0.3354345050980549
PAFAH1B2,421.4488271445241
PAFAH1B3,264.2252116783035
PAFAH2,4.0858624517833935
PAH,0.003684914017639747
PAICS,148.72712786806753
PAK1,42.18169302632734
PAK2,99.81283867978084
PAK3,0.13140661935090794
PAK4,0.32900433621121167
PAK5,0.1843105272396382
PAK6,0.09866280787237242
PAM,0.621047831008925
PAN2,61.147757426331395
PANK1,1.1342499687809304
PANK2,6.192070841812649
PANK3,5.899012256277629
PANK4,18.702541642579295
PAOX,4.436111834912312
PAPOLA,7.327543730271395
PAPOLB,0.004093640041752011
PAPOLG,2.1366668637495714
PAPSS1,34.71451916779547
PAPSS2,4.489237194065308
PARP1,73.62590293144834
PARP10,4.752299392666258
PARP11,0.9845931770736157
PARP12,2.1915805011123237
PARP14,9.284052576959963
PARP15,0.44050275835924796
PARP16,10.102564414336113
PARP2,13.2833137001841
PARP3,50.438914985189335
PARP4,3.881350115780907
PARP6,72.99490378771432
PARP8,2.1394366980063655
PARP9,19.431996946844503
PARS2,3.866570424329542
PASK,1.6400570973727824
PBK,0.04149600960700447
PC,12.383227899963593
PCBD1,208.51493049810264
PCBD2,3.089343997884542
PCCA,11.671008967878345
PCCB,1.6593224596829845
PCK1,2.247579911937117
PCK2,4.606558383646825
PCMT1,624.6426290982839
PCYOX1,71.95031239488844
PCYT1A,15.816413964643337
PCYT1B,1.5950493678689974
PCYT2,7.225686678035492
PDE10A,0.3734024410723578
PDE11A,0.0026568233832279047
PDE1A,2.3128619172042475
PDE1B,3.5138622002481577
PDE1C,2.2346907017755733
PDE2A,18.655411927942307
PDE3A,14.211092918235321
PDE3B,2.0985332959786147
PDE4A,9.803697354235103
PDE4B,2.3094740453881606
PDE4C,0.11635200814202426
PDE4D,2.2987538263667515
PDE5A,53.00561406122333
PDE6A,0.006509550988414757
PDE6B,0.8017769320977894
PDE6C,0.09965411893345322
PDE6H,0.011242348960297632
PDE7A,1.9498729092115497
PDE7B,2.304958778254958
PDE8A,16.519620974879103
PDE8B,0.32789717787932576
PDE9A,30.900815477473287
PDF,1.642133784054008
PDGFRA,12.947270695406866
PDGFRB,114.10100439039302
PDHA1,332.1328249061471
PDHA2,8.963593332760542
PDHB,154.57607884975832
PDHX,17.5717380077764
PDIA2,1.0618046372058316
PDIA3,2262.4433430576655
PDIA4,1129.3379738573985
PDIA5,33.51495556101501
PDIA6,395.0385329055354
PDK1,0.12189935853313161
PDK2,60.266808795197036
PDK3,7.101002279421003
PDK4,390.41274637012856
PDP1,3.4283929924995937
PDP2,0.5710990351900248
PDPK1,1.233869439254003
PDPR,3.829459836301865
PDXK,12.467009885423378
PDXP,6.448278216253247
PDZD4,34.38068276716325
PEAK1,7.684687936799967
PECR,60.980554207958605
PEMT,12.715160708653663
PEPD,57.69254893868207
PEX11A,8.865542207777892
PFAS,109.59642893283352
PFKFB1,0.007354404903829748
PFKFB2,1.6188083006386682
PFKFB3,30.815529320368586
PFKFB4,0.5694965142902044
PFKL,125.39813858365163
PFKM,56.2429915876728
PFKP,799.7307895536851
PGAM1,71.56317978961376
PGAM2,92.14558842160893
PGAM5,48.65860205143033
PGAP1,0.8815442039194981
PGD,1573.2271477932068
PGGHG,0.02991860446325157
PGK1,213.46855067588308
PGK2,23.296392096478
PGLS,1209.0613495767527
PGLYRP1,0.050604343043067955
PGLYRP2,13.13342928945454
PGLYRP3,0.01572942767765221
PGLYRP4,0.2601296063498426
PGM1,544.8459417892279
PGM2,180.77849269759403
PGM2L1,1.0800400150928953
PGM3,33.333363439078326
PGP,96.3780114795985
PGS1,28.221622897321186
PHEX,0.8775343684842863
PHGDH,191.89128476079787
PHKA1,0.4635269201859865
PHKA2,5.20610767424117
PHKB,10.208091985462998
PHKG1,11.780323759123908
PHKG2,9.180961817750985
PHLPP1,2.875383243811373
PHLPP2,3.259633691667628
PHOSPHO1,0.365478804409953
PHPT1,112.78067674086857
PHYH,39.76537133524685
PHYKPL,17.30149959072549
PI4K2A,1.6442888400976734
PI4KA,4.182107621596058
PI4KB,2.0321974084093988
PIGA,1.0357544262925698
PIGB,2.1101213266845553
PIGC,7.836676168436717
PIGF,1.796507367547035
PIGG,9.723301758800664
PIGH,12.058932196593007
PIGK,6.854698677855062
PIGL,1.3252544458761788
PIGM,2.845635358585709
PIGN,1.5304153442080557
PIGO,9.523026017725208
PIGP,2.8248570745393837
PIGQ,29.34298837612871
PIGS,21.94614043714291
PIGT,16.29670776700116
PIGU,1.316140003169524
PIGV,8.849842441390056
PIGW,1.943376469800158
PIGX,1.3805933065684992
PIGY,0.3354345050980549
PIGZ,5.5954502826072465
PIK3C2A,1.187179874341231
PIK3C2B,6.235248170574289
PIK3C2G,0.0007234530216493258
PIK3C3,0.08286595125559813
PIK3CA,5.8919082014775865
PIK3CB,0.4001076293620864
PIK3CD,7.285487114464665
PIK3CG,0.13217485734694712
PIK3R1,4.833016817198336
PIK3R2,29.807200981280143
PIK3R3,17.089059039746687
PIK3R4,30.4096749619126
PIK3R5,0.8584383969253949
PIKFYVE,4.14440335412167
PIM1,62.60180035830468
PIM2,2.8956550497641835
PIM3,61.135150399460585
PIN1,790.7620916296063
PIN4,4.997671227304888
PINK1,102.84272925964135
PIP4K2A,23.546919076161377
PIP4K2B,13.84337836643822
PIP4K2C,27.732468629730825
PIP5K1A,0.5894768615202155
PIP5K1B,0.025499223221531923
PIP5K1C,107.74014919832263
PIP5KL1,0.18477925782906246
PIPOX,0.2971348229892359
PISD,1.9827802645722576
PJA1,14.202278837151011
PJA2,61.665193592558055
PKLR,0.0008565996887717952
PKM,968.6024241812163
PKMYT1,0.08759291233719586
PKN1,197.85296618608425
PKN2,4.530751346469021
PKN3,12.947270695406866
PLA2G10,0.034864030067698254
PLA2G12A,0.8450987246233919
PLA2G12B,1.1304561412675453
PLA2G15,7.069288129910599
PLA2G16,32.91066588383531
PLA2G1B,0.013852458448641948
PLA2G2A,1685.0070843418355
PLA2G2C,0.14551775322631988
PLA2G2D,0.00207689947195347
PLA2G2E,0.10480083352838437
PLA2G2F,0.017105401618544066
PLA2G3,0.0008193780839519362
PLA2G4A,8.731483026266584
PLA2G4B,23.566874693444806
PLA2G4C,5.581427302325963
PLA2G4D,0.027693545090981313
PLA2G4E,0.0036164233484932305
PLA2G4F,0.002426345519268647
PLA2G5,14.75127146501139
PLA2G6,9.699214772253205
PLA2G7,0.01198546816140497
PLB1,0.43112630369583854
PLCB1,2.769238099132809
PLCB2,3.671145387553378
PLCB3,4.255360372778918
PLCB4,5.863512994128835
PLCD1,12.220064492620043
PLCD3,25.891474103383167
PLCD4,9.531017389928218
PLCE1,10.912888025465953
PLCG1,4.3335531740062025
PLCG2,2.923137077624629
PLCH1,0.06657071372237007
PLCH2,0.04670505002115666
PLCL1,4.904424920367398
PLCL2,1.0641382462135625
PLCXD2,0.03498521301968319
PLCZ1,0.0007336174658922333
PLD1,3.0457750783438335
PLD2,17.31075072016887
PLD3,20.913759268841034
PLD4,0.06491967683887637
PLD6,6.437709339223163
PLG,0.00045079545356785497
PLIN1,2.052886777422268
PLIN2,15.800974516942759
PLIN3,54.01834451262703
PLIN4,163.0195653214638
PLK1,0.3175939882748675
PLK2,18.120204907842947
PLK3,8.607372914100571
PLK4,0.14655041438810967
PLOD1,35.877968790690964
PLOD2,31.597221816741904
PLOD3,50.642038893893364
PLPBP,1.3790311261442316
PLPP1,5.389883230682263
PLPP2,2.123055391477898
PLPP3,4.2032094621878
PLPP4,0.019762828557283812
PLPP5,0.0656688155578048
PLPP6,0.050042688733332445
PLPP7,1.1305815492037874
PLPPR2,0.3307009692228308
PLPPR3,0.9307949846236876
PLPPR4,0.11900942508124815
PLPPR5,0.012456429933028047
PLTP,141.73369846914161
PLXNB3,15.332256926294002
PMM1,13.73777011037438
PMM2,33.16149079238397
PMPCA,39.12592603903645
PMVK,625.1127096837687
PNCK,19.88058865967477
PNKP,33.08700819449284
PNLIP,0.01735944451270558
PNLIPRP1,0.04876262171622993
PNLIPRP2,0.01050958424272796
PNLIPRP3,0.018139233522564087
PNMT,0.6151872748901145
PNP,905.5159075075857
PNPLA2,98.05847172586378
PNPLA3,0.002939555813073928
PNPLA4,5.95592013657165
PNPLA6,2.677284129008486
PNPLA7,1.9993098195999122
PNPLA8,8.708852503824511
PNPO,6.854698677855062
PNPT1,5.503391038957657
POLA1,3.849408970381921
POLA2,4.059306657726193
POLB,5.082708424902257
POLD1,1.868230874607156
POLD2,11.621657325800674
POLD3,0.7871226418475828
POLD4,68.29297501170987
POLE,0.09144071362401242
POLE2,0.3636838055993992
POLE3,41.60044714077202
POLE4,15.11041592513313
POLG,29.237735192120486
POLG2,6.148967219392559
POLH,5.351303086107052
POLI,5.441674234850509
POLK,4.037234877252241
POLL,12.109759393603465
POLM,12.895601790668914
POLN,0.47657757675060475
POLQ,0.02685713628124029
POLR1A,1.206826825414972
POLR1B,0.5252342611443165
POLR1C,16.289156282469637
POLR1D,38.679945494371786
POLR1E,16.122925542079887
POLR2A,2.64831570935009
POLR2B,16.64615863420737
POLR2C,86.84672368836947
POLR2D,16.93017845409803
POLR2E,208.30763202958593
POLR2F,10.143120111362638
POLR2G,20.4002096095299
POLR2H,302.0991866478804
POLR2I,59.8700801563276
POLR2J,30.541115380352192
POLR2K,38.984476200501256
POLR2L,496.91724762898895
POLR3A,0.2527374432397661
POLR3B,1.4053032970574892
POLR3C,0.6982119283976522
POLR3D,10.029664725938833
POLR3E,22.52485156365587
POLR3F,5.358241520895063
POLR3G,0.5015268035893319
POLR3GL,83.58792796189454
POLR3K,15.135000217738225
POLRMT,11.678786347194357
POMGNT1,31.360216195305508
POMT1,11.780323759123908
POMT2,12.68943438953516
PON3,0.14928405814662588
POR,118.22105145359282
PPA1,1532.3359749983706
PPA2,103.46477613723106
PPARA,3.309486816217529
PPAT,3.9949427522677117
PPCDC,3.3310855651314277
PPCS,75.91782924977666
PPEF1,0.043711998203622746
PPEF2,0.018220498974592884
PPIA,509.3891787230264
PPIAL4A,0.3354345050980549
PPIAL4C,0.3354345050980549
PPIAL4E,0.3354345050980549
PPIAL4G,14.599809906673197
PPIB,3051.5252700090723
PPIC,58.91474714077792
PPID,1020.9062918339049
PPIE,11.239685050457307
PPIF,220.42980635390697
PPIG,8.421477559264481
PPIH,589.7606091803494
PPIL1,121.83058775809535
PPIL2,1.2596681535217615
PPIL3,30.687966506418803
PPIL4,3.406129978571801
PPIL6,0.5519420702945589
PPIP5K1,3.6275667753618297
PPIP5K2,1.4271810875765267
PPM1A,2.307340484271933
PPM1B,9.22850708844881
PPM1D,5.609481886353425
PPM1E,0.042947777008567334
PPM1F,58.460153819912456
PPM1G,30.80240713053467
PPM1K,2.9452882862146557
PPM1M,30.00820744268294
PPOX,9.65910238156125
PPP1CA,190.7968188105882
PPP1CB,506.9820419234444
PPP1CC,38.70248322892468
PPP1R1A,2.619737818301332
PPP1R1B,2.802932142781386
PPP1R2,75.04521334161046
PPP1R3A,0.00423907331908571
PPP1R3B,19.033263550206662
PPP1R3C,106.59724733305232
PPP2CA,97.63885560544995
PPP2CB,62.93169857214536
PPP2R1A,557.0691789679083
PPP2R1B,10.90666773692882
PPP2R2A,92.9317550316951
PPP2R2B,0.2788391167706903
PPP2R2C,0.32370637252552287
PPP2R3A,3.780965415639101
PPP2R3B,5.828066358797931
PPP3CA,399.46709979293286
PPP3CB,31.746105088001038
PPP3CC,10.03775829481524
PPP3R1,115.79223419197972
PPP3R2,2.4370537589271226
PPP4C,86.52410938075073
PPP5C,58.50587618165625
PPP6C,145.8383740820618
PPT1,6.832003312111311
PPT2,53.23702873980044
PPWD1,21.017073697059036
PRAG1,0.3354345050980549
PRDX1,26603.634860296144
PRDX2,8179.763970718005
PRDX3,88.97890641953639
PRDX6,1820.553608354389
PREP,95.82731727318465
PRKAA1,19.42141451772255
PRKAA2,3.609289287029567
PRKAB2,34.654627997724084
PRKACA,835.7197663333355
PRKACB,50.852374840265234
PRKACG,5.25292276820224
PRKAG2,14.449578546132917
PRKAR1A,16.614348986609162
PRKAR1B,13.702106480626743
PRKAR2A,39.94120298124251
PRKAR2B,200.81791897761525
PRKCA,7.503271110642465
PRKCB,3.926900914062447
PRKCD,3.113078133734204
PRKCE,1.0543455425940684
PRKCG,0.005030201934965508
PRKCH,2.777504566653618
PRKCI,5.790436988999865
PRKCQ,4.064448731511207
PRKCSH,302.632006559624
PRKCZ,0.22880141415724115
PRKD1,1.113227543058643
PRKD2,18.026704173654547
PRKD3,8.00470188163796
PRKDC,1.6092400994401943
PRKG1,3.504479138683365
PRKG2,2.1521892566591316
PRKN,0.21524163632635238
PRKX,1.380214233702487
PRKY,0.0005231674187228289
PRODH,1.3722584052077424
PRODH2,0.0029043821325026157
PRPF19,538.1051509480317
PRPF4,148.79121793319342
PRPF4B,40.963408139117064
PRPS1,752.2432005255364
PRPS1L1,0.017245585214992722
PRPS2,9.331727963726067
PRRT2,19.336876716294206
PSAP,44.467203120705506
PSAT1,51.89377286787002
PSKH1,38.01653498248169
PSKH2,0.11813839957802594
PSPH,782.6087039149432
PSPHP1,0.3354345050980549
PTDSS1,19.88058865967477
PTDSS2,34.52306775062852
PTEN,8.430492291940867
PTGDS,40.84669215007005
PTGES,10.39363093571946
PTGES2,129.50008063579645
PTGES3,3662.5198422056915
PTGIS,490.9567068278088
PTGR1,377.4726183757684
PTGS1,99.73082198288577
PTGS2,1.00802075413241
PTK2,1.8775430382106488
PTK2B,8.428549886003744
PTK6,0.15525395748210802
PTK7,0.238914452814125
PTP4A2,3.429868915217425
PTP4A3,236.72076707260285
PTPDC1,1.9645093066595518
PTPMT1,27.214481288953493
PTPN1,37.34238174924777
PTPN11,23.415061483602145
PTPN12,8.246596469055486
PTPN13,2.2296520504718056
PTPN14,6.113104027039283
PTPN18,47.089197583427755
PTPN2,8.34669111727526
PTPN21,10.078250135911702
PTPN22,0.10586449113557328
PTPN23,20.30101138799232
PTPN3,0.4518194053320502
PTPN4,0.8214346234730174
PTPN5,0.5940541099413608
PTPN6,3.6370295247326956
PTPN7,0.34549973596440436
PTPN9,0.6280448811728351
PTPRA,0.5214029696736917
PTPRB,3.864648760309348
PTPRC,1.021864517004634
PTPRD,0.5440075607834317
PTPRE,1.8878351671415732
PTPRF,66.0610541757994
PTPRG,2.6401365937968237
PTPRH,0.1399271294830618
PTPRJ,0.5968883844998963
PTPRK,7.5334333398797675
PTPRM,20.245106127525624
PTPRN,0.6922274670159141
PTPRN2,1.0889514235907194
PTPRO,0.23468013804795115
PTPRQ,0.1494571245449736
PTPRR,0.021687664300981062
PTPRS,42.22265932165214
PTPRT,0.0016137588418840515
PTPRU,16.89565537020896
PTPRZ1,2.038638656727904
PTRH1,0.11536819819433765
PTRH2,268.4034136217282
PTS,11.620640406662252
PUS1,12.424770467740741
PXDN,3.0737626197080408
PXDNL,0.0645672101454196
PXYLP1,0.3900283303635837
PYCR1,7.002517986921687
PYCR2,420.7798353930164
PYCR3,18.52640291410028
PYGB,2648.9524174719954
PYGL,21.144004760093214
PYGM,36.88744196882734
PYURF,0.6742201408506149
QARS,309.7144249898486
QDPR,476.5596672503003
QPCT,0.2964521454071037
QPRT,2.383718098013654
QTRT1,83.24780223648548
QTRT2,3.0803803903498332
RAD1,1.2010516406520126
RAD18,1.7157456019370225
RAD9A,10.698596080845492
RAF1,0.6323890968615727
RAG1,0.03337798368857453
RALBP1,46.039669570897495
RARS,370.1168420908986
RARS2,11.698423925616426
RBBP6,0.42151363219034527
RBKS,0.439374975320042
RBP1,329.1739989587988
RBP2,0.050206567148871534
RBP4,0.5094345565816425
RCHY1,6.062982147193774
RCL1,4.753882795335663
RDH10,27.753240921689628
RDH11,249.61722755605157
RDH12,0.016133422847979976
RDH13,3.593139459652971
RDH14,39.42438979623014
RDH16,0.21195361577683824
RDH5,5.427746848669165
RDH8,0.3354345050980549
REG3A,0.008303215038242997
RENBP,5.074220402344431
RET,0.5976987844749829
REV3L,6.141790466637009
RFC5,24.464590797730484
RFK,11.544943474858563
RFWD3,3.808384434337912
RGL1,22.85109763027645
RHAG,0.13814161221745905
RHBG,0.0007961224878753393
RHCG,0.2172497425260773
RING1,98.07262733619322
RIOK1,0.980293812030523
RIOK2,0.22876636544916015
RIOK3,18.853552382958455
RIPK1,12.83064121662787
RIPK2,2.4125154978793417
RIPK3,9.981003260013875
RIPK4,0.3115592689488094
RIPOR1,1.8350848174091228
RNF103,19.128016026504213
RNF115,12.06739975460192
RNF123,19.890160386356676
RNF125,0.8337247350622924
RNF126,33.82349341246759
RNF128,0.006392090225701741
RNF13,23.487077110092358
RNF130,15.665412701523548
RNF133,0.08620381653650061
RNF138,4.372002954682308
RNF139,14.325797830593663
RNF14,17.86802568690232
RNF144A,2.695699461278298
RNF144B,3.2584051009193398
RNF146,34.995058805395615
RNF149,14.21990834011217
RNF152,0.9928462983867175
RNF167,265.77698514498235
RNF180,1.9007414936246363
RNF182,0.03178951617422279
RNF185,37.70268370907484
RNF187,78.61596346925072
RNF19A,24.791938316270663
RNF19B,21.31908559334416
RNF2,4.111701384065853
RNF20,3.0899124676495737
RNF216,34.984064438131234
RNF217,3.9256149046657445
RNF25,35.336303683010605
RNF31,30.220150461446725
RNF40,2.905736545515086
RNF41,24.127308217253603
RNF5,89.71221412193152
RNF8,5.0461648385833655
RNGTT,3.753266129263997
RNMT,59.07678349023055
ROCK1,8.561493466772207
ROCK2,18.7962309532396
ROR1,0.3105234100115644
ROR2,0.3719920708968698
RORA,2.442494968696144
ROS1,0.16602267687961664
RPAP2,1.690074550917589
RPE,83.4642647330658
RPE65,0.011728131313476612
RPIA,28.01157032018468
RPL14,2829.0390210349196
RPN1,471.80514337561624
RPN2,441.0963869158275
RPP14,22.56111864101515
RPS6KA1,7.249538499980976
RPS6KA2,7.790245866283768
RPS6KA3,1.7890813301102937
RPS6KA4,2.3223593454774276
RPS6KA5,7.821444540751468
RPS6KA6,0.7537934192646696
RPS6KB1,1.637881411194364
RPS6KB2,48.47767952528446
RPS6KC1,0.48610990381236113
RPUSD4,1.2316721142514597
RRM1,22.98259366933512
RRM2,0.04643583287333734
RRM2B,8.975631213018072
RTCA,10.411782231709752
RWDD2A,1.6712748532802724
RXRA,32.19776649063348
RYK,37.938012369708574
SACM1L,14.281653799900708
SAE1,440.0235926434047
SAP130,0.8667960451777039
SARDH,0.22670841839637917
SARS,307.4661432492462
SARS2,9.88425495190282
SAT1,271.5768171392261
SAT2,228.6724114407464
SBK1,0.1532479446021861
SC5D,7.278005453479804
SCARB1,7.867161206665518
SCARF2,11.11991598590434
SCD,5.316644022898398
SCD5,6.213650309236594
SCLY,6.935903608726529
SCP2,102.5011580989846
SDC1,0.48871272913514696
SDHA,319.01809792483334
SDHB,183.60473325082114
SDHC,25.022556036865723
SDHD,3.8032988354529347
SDR16C5,0.024905597171755577
SDR42E1,0.45598641445085386
SDR42E2,0.016401363754702438
SDR9C7,0.05657055768723533
SDS,0.10156527066887742
SDSL,8.513959071367562
SEC11A,225.4511036565811
SEC11C,3.8446618561095636
SELENOI,0.1784505883933933
SEPHS1,611.8523251830578
SEPHS2,49.492573843513455
SERPINA1,2.845041175414088
SERPINA3,144.06240883941675
SETD1A,0.5316909535906533
SETD1B,32.802405049255796
SETD2,0.06139508002014988
SETD5,27.690935491609103
SETD7,5.335203879676839
SETDB1,0.3312350622162859
SETDB2,4.124216216957509
SETMAR,12.947270695406866
SFXN3,2361.058128350246
SGK1,15.359204031593887
SGK2,0.07028633029719746
SGK3,0.9768141066741346
SGMS1,4.967676588107644
SGMS2,17.061396916775845
SGPL1,32.955354323647
SGPP1,5.365182159663093
SGPP2,0.3590269777120153
SGSH,33.062377856381815
SH3RF1,2.822484793027325
SH3RF2,0.1517114506639937
SH3RF3,6.091610831733969
SHMT1,114.566255023348
SHMT2,453.60661455351163
SHPK,4.08781052118703
SHPRH,0.9097378543207626
SI,0.18373547314711697
SIAE,11.671008967878345
SIAH1,1.9949515695765034
SIAH2,33.72539806777479
SIK2,8.482876758561865
SIK3,5.065557074031322
SIN3A,4.530218884083412
SIN3B,0.20243169290103594
SIRT1,6.256864393333158
SIRT2,70.37323828189366
SIRT3,6.817865022161586
SIRT5,4.323874598512577
SIRT6,17.886675877270275
SIRT7,24.56990322708088
SLC10A1,0.0029527726648142603
SLC10A2,0.058748703153154044
SLC10A6,0.1332957039076431
SLC11A1,1.3677882131884105
SLC11A2,7.091579328507396
SLC12A1,0.011923356738274042
SLC12A2,3.9294118870171597
SLC12A3,0.3836436624241189
SLC12A4,0.9617355003959046
SLC12A5,0.006490829001590239
SLC12A6,0.07685385157022032
SLC12A7,5.851017415978708
SLC13A1,1.3898493503991496
SLC13A2,0.9791894450655247
SLC13A3,0.18572190782014011
SLC13A4,0.11018019450594717
SLC13A5,0.006840661867577294
SLC14A1,0.16245743272850222
SLC14A2,0.03070857222923851
SLC15A1,0.0017017577129914523
SLC15A2,0.2658052539053452
SLC15A3,29.828343948264866
SLC15A4,6.950693303923023
SLC16A1,12.3651606219063
SLC16A10,0.010041282073973855
SLC16A2,15.045545579377288
SLC16A3,9.45915428947772
SLC16A7,0.47696098961401984
SLC16A8,0.1959212679563099
SLC17A1,0.06505057075080632
SLC17A2,0.014797084619435076
SLC17A3,0.0480606884147512
SLC17A4,0.016758172785412122
SLC17A5,4.563810308592588
SLC17A6,0.03561924497624714
SLC17A7,1.076761396665709
SLC17A8,0.023326127399307364
SLC18A1,0.001370544430091486
SLC18A2,3.763137326439561
SLC18A3,0.03726601264194245
SLC19A1,1.4639193064043015
SLC19A2,4.986758963340669
SLC19A3,0.25325456118412604
SLC1A1,0.9928462983867175
SLC1A2,0.01653573892956553
SLC1A3,1.6281286718047965
SLC1A4,1.826460146095692
SLC1A5,37.92679810444634
SLC1A6,0.0009314066355148471
SLC1A7,1.4927636367288297
SLC20A1,12.96450491640827
SLC20A2,23.88672703089995
SLC22A1,0.02735060796623856
SLC22A10,0.018964559662297077
SLC22A11,0.20377100608576706
SLC22A12,0.006534980530799416
SLC22A13,0.0022041959705354306
SLC22A16,0.0013070069395937135
SLC22A18,2.078154445087928
SLC22A2,0.6215418871526734
SLC22A3,9.387424824851474
SLC22A4,0.2985013322538996
SLC22A5,5.820983361258977
SLC22A6,0.012548002774115781
SLC22A7,0.016351042468153377
SLC22A8,0.0010001051248246825
SLC22A9,0.008235122449391468
SLC23A1,0.06818425404792744
SLC23A2,6.379701595436142
SLC24A1,0.5887992508462617
SLC24A2,0.0014080997312734154
SLC24A3,11.020423500376365
SLC24A4,0.03088482522374275
SLC25A1,876.8310264047363
SLC25A10,4.49920717364437
SLC25A11,1743.8856355176492
SLC25A12,601.7981031610872
SLC25A13,122.73956495550529
SLC25A14,3.91725836237863
SLC25A15,1.483639999797174
SLC25A16,2.942292484364494
SLC25A17,2.454713168880319
SLC25A18,0.36691636216537193
SLC25A19,6.583289436666314
SLC25A2,0.004814107741086755
SLC25A20,32.434973967963906
SLC25A21,0.16160408935332396
SLC25A22,6.379701595436142
SLC25A26,8.40529316981311
SLC25A27,30.560018243103737
SLC25A28,184.51493698868447
SLC25A29,13.912169138188075
SLC25A3,2925.940749519026
SLC25A37,16.364315112267697
SLC25A4,974.8488096835448
SLC25A5,4638.277617127369
SLC25A6,1923.1891721239851
SLC26A1,0.8522434052753086
SLC26A11,11.302886377201606
SLC26A2,1.505458065126314
SLC26A3,0.03964407283595725
SLC26A4,0.041825280465972024
SLC26A6,14.564751129215114
SLC26A7,0.015501436147469502
SLC26A8,0.001969429374828679
SLC26A9,0.0024442150539444323
SLC27A1,4.249146884832878
SLC27A2,4.602256097978344
SLC27A3,32.60775627157961
SLC27A4,6.2030035490232445
SLC27A5,2.899236049750518
SLC27A6,14.742376359038245
SLC28A1,0.0045512877329390265
SLC28A2,0.0006616805361279807
SLC28A3,0.0022618213850050953
SLC29A1,190.65539176791106
SLC29A2,4.207071238323131
SLC29A3,11.294553674971757
SLC29A4,1.818835658272743
SLC2A1,5.116848601150172
SLC2A10,5.686809361656693
SLC2A11,6.539531648682637
SLC2A12,9.707242139798744
SLC2A13,2.384287056029936
SLC2A14,0.002318770473952456
SLC2A2,0.0016289804506760708
SLC2A3,13.1631014437646
SLC2A4,144.21798657272484
SLC2A5,0.0616948775421663
SLC2A6,3.8185992490162417
SLC2A7,0.02769435809366143
SLC2A8,13.842061208304433
SLC2A9,3.04094253585706
SLC30A1,7.210755474217388
SLC30A6,3.8045556093836823
SLC30A7,10.365649235744247
SLC31A1,4.59318911449932
SLC32A1,1.4740945089441455
SLC33A1,422.53625019022894
SLC34A1,0.0010984254206994795
SLC34A2,0.009410982728108854
SLC34A3,0.01586656878821354
SLC35A1,22.890720665596504
SLC35A2,7.091579328507396
SLC35A3,3.1781808205004274
SLC35B2,0.8548516956603375
SLC35B4,4.972445499670048
SLC35C1,14.431879606493105
SLC35D1,4.527817803588954
SLC35D2,20.3316765567056
SLC36A1,4.428206932377628
SLC36A2,0.010928344275736574
SLC36A4,2.5091078418708666
SLC37A1,2.5778970432141586
SLC37A4,6.401439407688055
SLC38A1,36.95428304683159
SLC38A2,60.392466493085685
SLC38A3,0.09222798592046386
SLC38A4,0.05545934268745054
SLC38A5,1.3006778707011089
SLC39A7,31.1768309284209
SLC3A1,0.006318944530618887
SLC3A2,51.63618064842351
SLC40A1,16.932452520815925
SLC41A1,18.80632954373503
SLC41A2,0.7852685424614538
SLC43A1,20.408704020372397
SLC43A2,6.285714529994867
SLC46A1,2.955479601031763
SLC47A1,0.5195912410317821
SLC47A2,0.034864030067698254
SLC4A1,0.010372893673721953
SLC4A10,0.15590695398661464
SLC4A2,54.32430251232142
SLC4A3,30.28380462892874
SLC4A4,0.4738958060317302
SLC4A5,0.18809892662819613
SLC4A7,0.6817804532737798
SLC4A8,0.022029751682673383
SLC4A9,0.0015475795909606022
SLC51A,0.45864302330901885
SLC51B,1.0566751241297654
SLC52A1,0.012815826960524778
SLC52A2,39.742683331554645
SLC52A3,1.0001965610551709
SLC5A1,0.03392241896355308
SLC5A10,0.025820573562153965
SLC5A11,0.004573357362954301
SLC5A12,0.0005501520204316445
SLC5A2,0.05338770204142769
SLC5A3,0.1255683507315296
SLC5A5,0.007424785259487679
SLC5A6,19.966774845707647
SLC5A7,0.21649119349949913
SLC5A8,0.00045866629314800646
SLC5A9,0.34514548223420716
SLC6A1,0.10695273359619399
SLC6A10P,0.0018045475969259645
SLC6A11,0.007010439832109585
SLC6A12,0.00930277678404521
SLC6A13,0.011196484653218071
SLC6A14,0.0010348985735462797
SLC6A18,0.020564936803086797
SLC6A19,0.1185497404542115
SLC6A2,0.21781908095728209
SLC6A20,0.0032111143923805926
SLC6A3,0.0060915398531863766
SLC6A4,0.030767295737935102
SLC6A5,0.10319845039380167
SLC6A6,0.463264453368872
SLC6A7,0.0004909052231349356
SLC6A8,68.25411665628745
SLC6A9,23.277924808015612
SLC7A1,8.242938955480064
SLC7A10,0.7727269533060729
SLC7A11,0.32789717787932576
SLC7A2,1.6048523953544074
SLC7A3,0.04448941571177317
SLC7A5,3.6551673740182324
SLC7A6,7.518348516033338
SLC7A7,3.3119535000788867
SLC7A8,11.086727465921049
SLC7A9,0.5203745570851922
SLC8A1,0.8681955580376691
SLC8A2,2.5778970432141586
SLC8A3,0.017075911819345292
SLC8B1,12.06739975460192
SLC9A1,12.20307852125258
SLC9A2,0.003321817033863996
SLC9A3,0.5199828628871999
SLC9A4,0.314551529377227
SLC9A5,0.3676356596596148
SLC9A7,0.1905445701511223
SLC9A8,7.166007363105689
SLCO1A2,0.1835430545458555
SLCO1B1,0.5745214485775751
SLCO1B3,0.04767210311424515
SLCO1C1,0.08221897926326453
SLCO2A1,58.9887803560012
SLCO2B1,15.43111965597029
SLCO3A1,5.778529792700318
SLCO4A1,12.60377239558396
SLK,32.895088834268115
SMARCD3,34.47924161867452
SMG1,1.1822883100364472
SMPD1,46.39279449994199
SMPD2,7.636468431320513
SMPD3,0.7839688429565321
SMPD4,12.909334075631046
SMS,159.0493642824528
SMURF1,10.362806647917544
SMURF2,7.233155119218053
SMYD3,3.9272055455020642
SNRK,10.094458058574274
SOAT1,4.349878839528345
SOAT2,0.03180925432237121
SOD1,3261.397938237927
SOD2,116.45751688054945
SOD3,1648.711034121
SORD,1.2329540480469037
SPCS1,114.10100439039302
SPCS2,221.99301367660934
SPCS3,262.9615400525582
SPEG,82.39219692638737
SPHK1,9.88425495190282
SPHK2,1.5603998332669966
SPR,1637.0681265929047
SPRYD3,146.400387225737
SPTLC1,15.513597028479397
SPTLC2,2.136706143227668
SPTLC3,0.8000352462245418
SQLE,0.15754364641527693
SRC,12.357244884892088
SRD5A1,1.4932709073967698
SRD5A2,0.000997570757088119
SRD5A3,3.6679832321279138
SREBF1,16.739486877802197
SRM,917.4189161642745
SRMS,0.004401183549266457
SRPK1,4.776285839677488
SRPK2,6.055830146679003
SRPK3,0.923239505378301
SSH1,12.143673292377695
SSH2,2.687493443037873
SSH3,28.566320462453646
SSR4,251.41688485060578
SSU72,233.213096825696
ST3GAL1,8.983507447040148
ST3GAL2,13.772040247440996
ST3GAL3,13.920938733281224
ST3GAL4,19.042733603658803
ST3GAL5,5.406872194634961
ST3GAL6,1.1280893554637508
ST6GAL1,2.8236708726895325
ST6GALNAC1,1.3558852184588683
ST6GALNAC2,5.476530942589363
ST6GALNAC3,0.6909673722860209
ST6GALNAC4,36.47591239545188
ST6GALNAC5,0.5195912410317821
ST6GALNAC6,196.50894016495153
ST8SIA1,1.1790390552992334
ST8SIA4,0.14531716612610523
ST8SIA5,0.043224215993772776
STAMBP,11.120413772451224
STAMBPL1,1.5605988428739002
STARD3,45.48777439816116
STK10,0.5820419858388202
STK11,52.98126900899438
STK16,2.099854006733306
STK17A,7.121327671257961
STK17B,0.5900108939835701
STK19,14.113752690987898
STK24,27.763628497756674
STK25,4.653102749486893
STK26,0.629690691282171
STK3,11.200386716172916
STK31,0.0023520635662922377
STK32A,0.9304602792503774
STK32B,0.5638964039187977
STK32C,5.413828220704409
STK33,2.951282131844279
STK35,17.588846962136298
STK36,33.33371692541198
STK38,26.768845631666906
STK38L,18.504793116107233
STK39,31.03107075340744
STK4,1.273695998961797
STRA6,0.06619243845934557
STS,3.2479666679396106
STT3A,6.3952163799678905
STT3B,36.18740834867642
STUB1,106.78583570277634
STYK1,0.031612008176182205
STYXL1,20.053052358312513
SUCLA2,164.44155760755382
SUCLG1,437.6048483034157
SUCLG2,710.6789063309794
SULT1A1,2.900429957555167
SULT1A2,0.06162522268626516
SULT1A3,0.26813336954607864
SULT1B1,0.030669438513539937
SULT1C2,0.10020298951561651
SULT1C4,1.1058852791503282
SULT1E1,0.01394913648654191
SULT2A1,0.0012281957789781863
SULT2B1,0.10488476725494318
SULT4A1,0.7239113928490268
SUOX,13.501534655402075
SUV39H1,2.215111634494817
SUV39H2,1.1608816416136811
SYK,1.9450000811468147
SYNJ1,0.07405513770826931
SYNJ2,0.0827303758985955
SYVN1,1.1267534524018068
TAF1,8.936275475940356
TALDO1,548.1166619197187
TAOK1,2.8208624142274186
TAOK2,33.56206125489422
TAOK3,8.050678361671139
TARS,175.70440954851415
TARS2,1.9622217901792038
TARSL2,9.188198101291391
TAT,0.022336938623597
TBCB,188.98397974124956
TBK1,0.935753545930751
TBL1X,24.809431877044236
TBL1XR1,9.843628393548588
TBXAS1,0.46968910778598266
TCIRG1,110.97300093514492
TDO2,0.008684468789146001
TECR,88.39884479147004
TECRL,0.002526614328430166
TENT2,0.15316461371698084
TENT4A,0.45357387630786017
TESK1,73.77276466041242
TESK2,2.7156538662890015
TFRC,125.94895026298816
TGDS,6.18488177917764
TGFBR1,6.590589353516379
TGFBR2,234.43932017188493
TGM1,0.19155565065162103
TGM2,1322.2486549197758
TGM3,0.07434231954255116
TGM4,0.0037093678862033246
TGM5,0.09130652080309816
TGM6,0.018105422639918517
TGM7,0.01438308791538765
TGS1,5.616500918587591
TH,0.19259874050018969
THNSL1,1.1068279250275146
THTPA,11.237752001972538
TIAM2,0.47811168166300305
TICRR,0.19755685040807605
TIPARP,2.9099855569189215
TK1,6.278498945162672
TK2,9.411319766013687
TKFC,17.655218887752373
TKT,913.3961156925113
TKTL1,0.003442583179454405
TKTL2,0.0019604540122851585
TLK1,10.641080621096666
TLK2,0.3477049076945696
TM7SF2,5.240589065945511
TMEM91,4.80958382754712
TMLHE,2.5240984130302735
TMX3,8.55285112293485
TNFRSF21,33.638260900594936
TNIK,4.039824740391433
TNK1,6.700325484141613
TNK2,40.33360085040309
TNKS,3.9932696378141834
TNKS2,14.290479932896133
TNNI3K,0.7247610384013605
TNS2,1.434061794943761
TOPORS,5.934563983631867
TP53RK,8.266084814692691
TPH1,0.018565665099956056
TPH2,0.0006087624922449337
TPI1,10790.299970649785
TPI1P2,0.02792272230619714
TPK1,0.7658287129609351
TPMT,4.688988208046897
TPO,4.02364478199371
TPP1,119.71688620063163
TPSAB1,25.430462073203945
TPSB2,8.343352415933605
TPSD1,1.6270924272657419
TPST1,11.52843703119992
TPST2,10.110672365514501
TPTE,0.3354345050980549
TPTE2,0.004365973724645919
TRAF7,108.40701057973736
TRDMT1,0.19499694669055836
TREH,0.011892330729635987
TREX1,5.011340720173272
TREX2,0.17788260801219372
TRHDE,0.007969758682230562
TRIB3,3.6926657468003152
TRIM11,3.3867828831470512
TRIM32,2.284806975591578
TRIM33,3.3390234473604985
TRIM63,0.3188338688207309
TRIO,2.091776729899854
TRIP12,12.851929424462227
TRIT1,14.88485569436349
TRMT1,14.444485821833696
TRMT11,5.623522102566433
TRMT1L,7.210755474217388
TRMU,10.248751005002077
TRPM6,0.05819021484377307
TRPM7,5.588437713844753
TSSK1B,0.20447763106973466
TSSK2,0.0231714118888251
TSSK3,2.587761206778311
TSSK4,0.895390069294768
TSSK6,0.9622123325202844
TST,24.579985097088596
TSTA3,189.5706452321761
TTC3,15.413133028106774
TTK,0.0038756461599244664
TTL,1.2902699875007464
TTLL10,0.0042547349168358265
TTN,0.12469809021307146
TUSC3,1.5178875842024993
TUT1,0.40773788083386425
TUT4,0.6950417161591614
TUT7,0.1907089895411479
TXN,2693.800787528797
TXN2,60.86907076052328
TXNRD1,413.67996965783556
TXNRD2,9.715271135543151
TXNRD3,0.9098771626993108
TYMP,58.664085766451386
TYMS,42.085464931202004
TYR,0.1046323172264974
TYRO3,4.601209532587439
TYRP1,0.053679257835813184
UAP1,44.32870236217992
UAP1L1,11.59547617395064
UBA1,673.5363433992007
UBA2,106.78495890328642
UBA3,57.932094710866814
UBA6,43.69927279230086
UBA7,39.50465120439404
UBE2A,57.54127529830868
UBE2B,52.76228704917604
UBE2C,0.08694826764634782
UBE2D1,11.797163578146
UBE2D2,40.79144069572235
UBE2D3,1128.7439605166583
UBE2D4,14.405341175332222
UBE2E1,52.11880155785364
UBE2E2,4.204771001580109
UBE2E3,6.650485546687465
UBE2F,2.7307431493766843
UBE2G1,20.494259057927795
UBE2G2,15.02666095114138
UBE2H,288.24392628631347
UBE2I,601.4356365575924
UBE2J1,9.189153622745293
UBE2J2,28.83862120581563
UBE2K,407.30933936178235
UBE2L3,2666.5283161805987
UBE2L6,48.13482303629578
UBE2M,235.04248254825075
UBE2N,20.95958215604026
UBE2NL,0.002441059271071944
UBE2O,19.146980360063388
UBE2Q1,5.925530919971276
UBE2Q2,3.806246977288052
UBE2QL1,0.30329618575484424
UBE2R2,22.99460993478894
UBE2S,19.938035959703956
UBE2T,2.0203798139583804
UBE2U,0.023784263818109993
UBE2W,2.6319724281966406
UBE2Z,97.85467626584442
UBE3A,19.658453109340297
UBE3B,15.982167982689772
UBE3C,6.522647080214921
UBE4A,0.7034095415294135
UBE4B,6.0344883936978215
UBLCP1,66.5039437303892
UBR1,0.7227255819101487
UBR2,4.546493241571606
UBR3,0.03143315549826005
UBR4,10.92725344134886
UBR5,0.8282906633191418
UBR7,12.680861790062568
UCK1,30.535033509148626
UCK2,4.567114617407409
UCKL1,40.72112303447692
UCP1,0.0018437170802412767
UCP2,12.826788829896074
UCP3,0.8275740844495612
UEVLD,8.050678361671139
UGCG,27.007852204056597
UGDH,59.90270496899124
UGGT2,3.5207470201487827
UGP2,3061.745309644855
UGT1A1,0.5818457107151666
UGT1A10,0.14272264379251745
UGT1A3,1.0114790584917612
UGT1A4,0.0951329295757727
UGT1A5,0.4044927492424471
UGT1A6,0.17846484523713252
UGT1A7,0.817507176308654
UGT1A8,0.1293154038699776
UGT1A9,0.11549856641655931
UGT2A1,0.3354345050980549
UGT2A3,0.0006923978142585968
UGT2B10,1.2536713325042186
UGT2B11,0.23720441855058141
UGT2B15,0.6704297803167216
UGT2B17,0.6033232516115735
UGT2B28,0.6936387983112186
UGT2B4,0.002282489941620473
UGT2B7,0.1550237091590488
UGT3A1,0.0004494058714005133
UGT3A2,0.002054688771983848
UGT8,0.1325668895717638
UHMK1,8.073690793025097
UHRF1,0.06711698941037557
UHRF2,12.135192637460609
ULK1,54.49582390430637
ULK3,38.66867783449572
ULK4,1.1699517102923382
UMPS,176.25703997882135
UPB1,0.010986103146353123
UPP1,4.828141481683974
UPP2,0.00955034404062241
UPRT,2.403443166375289
UQCR10,67.1579989563627
UQCR11,156.0020936136115
UQCRB,176.33756978013238
UQCRC1,1592.6514213212606
UQCRC2,2811.1814607007987
UQCRFS1,482.20074337099567
UQCRH,78.8689695648366
UQCRQ,165.51765101743638
UROC1,0.0015522840755675107
UROD,75.13668556981462
UROS,12.809599706788262
USP1,11.645818009550329
USP10,7.501639721469116
USP11,56.02077281316664
USP12,56.502519185081155
USP13,2.110673527798814
USP14,79.40650652502148
USP15,4.489137178279726
USP16,24.368479131136237
USP17L2,0.7544524097088302
USP17L22,0.04998256910149056
USP17L30,0.050968258904732194
USP17L5,0.050968258904732194
USP17L9P,0.3354345050980549
USP18,0.8407676976051595
USP19,2.423840298038891
USP2,4.445433837940353
USP20,38.99576635461806
USP21,49.06210693158994
USP22,66.33100912350554
USP24,2.2594362733781335
USP25,0.1304104793050267
USP26,0.08118014005684498
USP28,7.571177805589413
USP29,0.0012611857365868767
USP3,0.8403278250828182
USP30,0.19369905900326365
USP31,3.1397750472443104
USP32,0.4929123447440325
USP33,15.242517144249002
USP34,12.135192637460609
USP35,11.713023537282776
USP36,14.81357401949604
USP37,0.5519420702945589
USP38,3.3199733336981514
USP4,3.393542757897493
USP40,0.7439387049176264
USP41,0.01834435481333142
USP42,2.9494836644153684
USP43,0.05307415498955961
USP44,0.6497034383474427
USP45,1.9954962232633358
USP46,1.616738890270792
USP47,6.904779571417631
USP48,0.4725861820074445
USP49,0.8337247350622924
USP51,0.6054110015387624
USP6,3.1977322751184674
USP7,48.023791948921556
USP8,0.6829876709787289
USP9X,7.638561864953015
USP9Y,0.0003097800819926739
UST,5.3860172853265444
UXS1,8.849842441390056
VARS,220.85437636767725
VARS2,135.34134032528087
VKORC1,99.17830581780322
VNN1,0.05616172836161485
VNN2,0.23393927588465707
VNN3,0.010153017230012619
VRK1,16.18527033798506
VRK2,2.2177444344482407
VRK3,13.241014203572679
WARS,1023.4028903420362
WARS2,5.5391723801475745
WDYHV1,5.365182159663093
WEE1,6.242451539603142
WEE2,0.017169555008959787
WNK1,3.598137848444029
WNK2,32.05779940627455
WNK3,0.1700080325818224
WNK4,2.501045075314269
WWOX,0.8518013272024554
WWP1,19.194411345947362
WWP2,0.16756698443697166
XDH,0.22757808448093378
XPO6,0.4802496649703841
XPO7,28.46175833291703
XYLB,0.5215500734572324
XYLT1,2.801156283085564
XYLT2,16.849686556378867
YARS,1248.036269897839
YARS2,23.944017438488135
YES1,10.60824881324463
ZADH2,14.7868650403218
ZAP70,0.7141580775584282
ZC3HAV1,2.723357543671023
ZNRD1,9.83719203456929
ZNRF1,9.117661957115518
ZNRF2,2.176256169072186
ZSWIM2,0.015679988656711358
