A4GALT,5.491183730057326
A4GNT,0.00043205303451044236
AACS,70.76216686631342
AADAC,0.1928827681946058
AADAT,2.2351511958475854
AAK1,11.647180305002745
AANAT,0.0434309373356292
AARS,387.049971173787
AARS2,3.539494201077014
AASDH,2.0156814376065224
AASDHPPT,4.536271118158685
AASS,1.1948862887750888
AATK,0.006406403172354093
ABAT,0.013236482267960575
ABCA1,5.691699523497998
ABCA3,0.014475288728011012
ABCA4,0.04182869521897656
ABCA8,0.017026102701259208
ABCB1,0.004757709416952384
ABCB11,0.04664320692677182
ABCB4,0.007463560058137129
ABCB6,15.63294594668237
ABCC1,0.7215661873410304
ABCC11,0.015738862289751448
ABCC2,0.23101145054192837
ABCC3,8.469045905201394
ABCC4,0.7906481858442058
ABCC5,8.58215906311919
ABCC8,0.05536502372092665
ABCC9,0.00855621754033908
ABCD1,8.190444928585919
ABCD2,0.003482753593280577
ABCD3,86.97237356849396
ABCG2,0.017026102701259208
ABCG5,1.2713802635918894
ABCG8,0.026673876708283938
ABHD12,48.670991186163896
ABHD5,4.5468572439674935
ABHD6,1.1097117242651688
ABL1,23.62226894987484
ABL2,5.119123256079196
ABO,0.3354345050980549
ACAA1,19.247709325336473
ACAA2,30.010225449406295
ACACA,0.3354345050980549
ACACB,0.759532409821747
ACAD10,3.8643350200492654
ACAD11,1.336085526678077
ACAD8,15.13160425181977
ACAD9,286.7639501977295
ACADL,2.0884998888909356
ACADM,22.43228391993054
ACADS,2.160108367692852
ACADSB,26.807809648952613
ACADVL,640.9140827848256
ACAT1,26.51042836149563
ACAT2,34.160112520783734
ACE,0.5617468208488902
ACE2,0.001795732098997252
ACER1,0.16791837461055348
ACER2,0.014475288728011012
ACER3,1.1334149043654924
ACHE,0.03251858586034271
ACLY,84.25897596625258
ACMSD,0.005387825398757615
ACO1,14.83565577890871
ACO2,49.90157442447131
ACOT1,1.4983625323238046
ACOT11,0.3243752730071294
ACOT12,0.0010614416590847085
ACOT13,6.677359597875874
ACOT2,12.33549647888337
ACOT4,0.001795732098997252
ACOT6,0.009586111032012986
ACOT7,38.580990220272255
ACOT8,17.24777597933938
ACOX1,2.9463110262687433
ACOX2,0.2891438732180707
ACOX3,2.8430174829032517
ACP1,6007.877042493217
ACP2,5.740786496366951
ACP4,0.0036202735317779565
ACP5,0.921117522757626
ACP6,4.499191312431482
ACP7,0.0010614416590847085
ACPP,0.5594316602530198
ACSBG1,0.013236482267960575
ACSBG2,0.03866628114270494
ACSF2,34.83503438048267
ACSF3,3.6588787814983466
ACSL1,7.524378742760309
ACSL3,18.704711363897783
ACSL4,7.276859364977705
ACSL5,0.4726168085527567
ACSL6,0.006406403172354093
ACSM1,0.03932377947094474
ACSM2A,0.0585122933778039
ACSM2B,0.06320048198640206
ACSM3,0.08736658754079518
ACSM4,0.24076687484729298
ACSM5,0.014475288728011012
ACSS1,1.4550883975939122
ACSS2,17.39981987583929
ACSS3,3.7033240839507733
ACVR1,12.341358281743778
ACVR1B,2.3909956010260696
ACVR1C,0.007463560058137129
ACVR2A,0.4710439091442294
ACVR2B,0.07076519940687064
ACVRL1,0.03556201034578978
ACY1,118.51504993039055
ACY3,0.1979726664574474
ACYP1,14.497884983611963
ACYP2,2.9143584014828936
ADA,0.5273069685824661
ADCY1,0.028074267792732335
ADCY10,0.007463560058137129
ADCY2,0.12882048009940458
ADCY3,14.134009302793697
ADCY4,0.00043205303451044236
ADCY5,0.0434309373356292
ADCY6,8.86915131540123
ADCY7,0.6410051088398311
ADCY8,0.004411645576314643
ADCY9,3.0159573593584708
ADH1A,15.260920881477592
ADH1B,6.10177814305556
ADH1C,0.3354345050980549
ADH4,3.1026068878428408
ADH5,644.2865554714598
ADH6,1.8200515029040716
ADH7,0.11332845673771044
ADHFE1,0.17606506034914088
ADI1,34.95580703638288
ADK,18.408314133989215
ADO,8.440460468833715
ADPGK,105.27445755509639
ADPRH,1.6901220472426528
ADSL,309.81910399719743
ADSS,114.41517838161461
ADSSL1,0.4379994230606386
AFMID,6.774294830332146
AGA,130.1920729064109
AGK,17.43153408072912
AGL,0.1993787908722411
AGMAT,0.2743340323523033
AGPAT1,7.170654755186331
AGPAT2,16.617571373991403
AGPAT3,22.090108483518094
AGPAT4,0.27976538393119593
AGPAT5,86.60464608563997
AGPS,15.038107313633692
AGT,0.837850282271852
AGXT,0.00043205303451044236
AGXT2,0.07273189725255508
AHCY,4561.0491816646945
AHCYL1,21.78790348929286
AHCYL2,1.7350257195382002
AICDA,0.02460038993500046
AK1,406.30753220396895
AK2,1625.7802043618774
AK3,8.760598756553382
AK4,531.3428033923466
AK5,3.174001705719015
AK7,0.00043205303451044236
AKR1A1,140.4148395952685
AKR1B1,182.0181184035259
AKR1B10,0.8473653116287719
AKR1B15,0.005387825398757615
AKR1C1,45.24810219713032
AKR1C2,12.119059233166706
AKR1C3,23.656279937424447
AKR1C4,5.522781755496033
AKR1C8P,0.3354345050980549
AKR1D1,3.5763124860476507
AKR7A2,209.35604453415226
AKR7A3,0.09116152625675358
AKT1,6.629489497708072
AKT2,2.5158245807157975
AKT3,9.05438932453537
ALAD,275.8775825225844
ALAS1,17.36811889335631
ALAS2,0.02870294262413536
ALB,0.07438455261101179
ALDH18A1,252.72514022427353
ALDH1A1,3.841878882926501
ALDH1A2,0.0010614416590847085
ALDH1A3,0.37889255673976024
ALDH1B1,5.613253805215093
ALDH1L1,0.003482753593280577
ALDH1L2,1.126630879006273
ALDH2,92.55244459131417
ALDH3A1,0.0010614416590847085
ALDH3A2,87.12180592279641
ALDH3B1,5.579012329440381
ALDH3B2,2.5826738314391022
ALDH4A1,1.9347406034790182
ALDH5A1,1.5747824268371884
ALDH6A1,2.0895610250432433
ALDH7A1,248.13902635018732
ALDH9A1,612.2883373946628
ALDOA,18864.777803314584
ALDOB,0.0010614416590847085
ALDOC,0.36573785822818083
ALG1,24.03796571684317
ALG10,2.5573761098690135
ALG11,1.9847574064824192
ALG12,4.154382557076824
ALG13,23.949870031279175
ALG14,0.9340863096146661
ALG1L,0.003482753593280577
ALG1L2,0.005387825398757615
ALG2,82.86762975004044
ALG3,3.6073381770428172
ALG5,34.83301328438058
ALG6,5.97813247842154
ALG8,16.76204224573832
ALG9,6.312960452397084
ALK,0.04182869521897656
ALLC,0.003482753593280577
ALOX12,0.026626786289672556
ALOX12B,0.1630395711428963
ALOX15,0.418087264859336
ALOX15B,0.00043205303451044236
ALOX5,0.00043205303451044236
ALPG,2.1334538652401167
ALPI,0.09522613776587274
ALPL,0.18722707642690478
ALPP,0.009681832511684923
AMACR,228.95993638434314
AMD1,47.310520083510575
AMDHD1,0.10080683699743836
AMDHD2,13.676163575966896
AMFR,0.2614658598013911
AMHR2,0.06348622862741445
AMN,0.006406403172354093
AMPD1,0.11167496795558433
AMPD2,25.09180234157523
AMPD3,1.526410129637298
AMT,3.0712756844683917
AMY1A,2.6438139326066277
AMY1B,2.6438139326066277
AMY1C,0.0010614416590847085
AMY2A,0.0889939016823485
AMY2B,0.18722707642690478
ANAPC11,261.12040484928593
ANGPTL4,7.850510102669218
ANKRD1,0.658937560994296
ANPEP,0.031020623161175192
ANXA3,2.437321772576131
AOAH,0.061902695735738186
AOC1,0.022327631781835014
AOC2,0.04831846819204153
AOC3,0.018336021131674245
AOX1,0.16944414863457433
APOA1,0.00855621754033908
APOA2,0.1782848621283191
APOA5,0.11645175048604357
APOB,1.4927272133171663
APOC1,1.7714193940229823
APOC2,27.211319250515267
APOC3,46.87519708233557
APOE,1.4085383634706041
APRT,453.44820011488196
AQP1,0.1628819244279408
AQP10,0.0037868645526527175
AQP2,2.053743019254548
AQP3,0.05332195597652967
AQP4,0.12071685379157386
AQP5,1.113535437868504
AQP7,0.25786005276138096
AQP8,0.002607685412780668
AQP9,0.6662584988824668
ARAF,0.9577891996497715
ARCN1,198.34046522668305
ARG1,4.130688498982625
ARG2,1.4264012075405108
ARSA,17.75594141968577
ARSB,3.0018166118545975
ART1,12.508037072622695
ART3,0.22017281728277502
ART4,0.6605953935056178
ART5,0.025214165732571663
AS3MT,4.54219314502435
ASAH1,74.04601259933531
ASAH2,0.04667608533516155
ASH1L,0.013352803191763291
ASL,354.3038221206029
ASMT,0.012023675940693437
ASNS,221.14653248919333
ASPA,0.299115010629437
ASPG,0.2264884518135772
ASPH,751.0503559766406
ASRGL1,0.37889255673976024
ASS1,16.40628414712677
ATE1,2.8485264229267035
ATIC,529.3376371663041
ATM,1.3200025395052903
ATP10A,0.03556201034578978
ATP11A,0.8000383438463242
ATP11C,12.247646011780207
ATP1A1,141.16290831477065
ATP1A2,0.004411645576314643
ATP1A3,0.05332195597652967
ATP1A4,8.854064531433167
ATP1B1,171.8833241192218
ATP1B2,0.04667608533516155
ATP1B3,86.17544292803832
ATP1B4,0.020317090524169256
ATP2B1,7.686518183219629
ATP2B2,0.003482753593280577
ATP2B3,0.017026102701259208
ATP2B4,28.567162458382384
ATP4A,0.00043205303451044236
ATP4B,0.2703572249398832
ATP5F1A,340.52863595548604
ATP5F1B,795.3652983895299
ATP5F1C,147.5189631626114
ATP5F1D,27.463982688484876
ATP5F1E,78.96638079458728
ATP5MC1,249.78049838537012
ATP5MC2,346.89209531513114
ATP5MC3,416.951781788776
ATP5ME,676.7286454667113
ATP5MF,2012.3371142376416
ATP5MG,179.0502442134721
ATP5MGL,23.718922705117464
ATP5PB,235.21456415445405
ATP5PD,558.4853889234605
ATP5PF,457.1808375277911
ATP5PO,308.97645789924707
ATP5S,0.3354345050980549
ATP6V0A1,0.7112918537344227
ATP6V0A2,0.5054129491295618
ATP6V0A4,0.001795732098997252
ATP6V0B,155.2174087983658
ATP6V0C,180.6952774783745
ATP6V0D1,332.02911043462916
ATP6V0D2,0.09692213048414376
ATP6V0E1,382.8331999216782
ATP6V1A,123.7376811088765
ATP6V1B1,0.1585403373584907
ATP6V1B2,413.57108306855724
ATP6V1C1,23.26862412399706
ATP6V1C2,0.28171668089803614
ATP6V1D,100.22133110847638
ATP6V1E1,176.87780225106616
ATP6V1E2,1.7414016847578406
ATP6V1F,45.66053751051186
ATP6V1G1,46.47142833957393
ATP6V1G2,0.22162082031635075
ATP6V1G3,0.1372463925165223
ATP6V1H,19.282842847910217
ATP7A,1.9924781500965085
ATP7B,0.04182869521897656
ATP8A1,0.00855621754033908
ATP8B1,0.299115010629437
ATP8B2,28.26208994709518
ATR,0.13552165703107358
AUH,2.0566649314744967
AURKA,0.9196046774948428
AURKB,11.83812540623706
AURKC,0.29411977214984186
AWAT1,0.005387825398757615
AWAT2,0.002607685412780668
AXL,0.2570832260750819
AZIN2,0.19626813196291043
B3GALNT1,16.229560839571118
B3GALNT2,5.26337068620036
B3GALT1,0.004411645576314643
B3GALT2,1.4299799481254396
B3GALT4,0.018336021131674245
B3GALT5,0.0010614416590847085
B3GALT6,13.85647975793006
B3GAT1,0.00043205303451044236
B3GAT2,0.031020623161175192
B3GAT3,32.307054642872124
B3GLCT,2.042829370999649
B3GNT2,7.602990545829498
B3GNT3,0.001795732098997252
B3GNT4,0.07076519940687064
B3GNT5,6.3733675968502626
B3GNT6,0.3354345050980549
B3GNT7,0.19399874088804436
B3GNT8,0.001795732098997252
B3GNT9,22.957926138626775
B3GNTL1,1.5894366145718735
B4GALNT1,34.93169790246352
B4GALNT2,0.0010614416590847085
B4GALNT3,0.8315206221400228
B4GALNT4,8.020065350133699
B4GALT1,51.59480178325963
B4GALT2,33.56191239786435
B4GALT3,29.536942569452503
B4GALT4,30.4708037165459
B4GALT5,23.52030323532541
B4GALT6,3.837391252086182
B4GALT7,27.767070213210992
B4GAT1,8.939874105758468
BAAT,0.005387825398757615
BARD1,1.9616364345173718
BBOX1,1.09285139622784
BCAP31,2373.368983505785
BCAT1,11.4520121864429
BCAT2,12.89519045212053
BCHE,9.521275618102916
BCKDHA,4.604364903115046
BCKDHB,8.728092748262311
BCKDK,32.78275715792195
BCO1,0.02239329489562442
BCR,0.16594911550633848
BDH1,18.190201671553268
BDH2,9.787279609976018
BHMT,9.628605885429819
BHMT2,0.014475288728011012
BIRC6,3.5155695435202023
BLK,0.1738516447384742
BLVRA,666.7184547487094
BLVRB,1168.2894703397812
BMP1,23.703914123020102
BMP2K,0.27312766427264656
BMPR1A,1.5310073345112483
BMPR1B,0.04831846819204153
BMPR2,2.1522433648918233
BMX,0.06795304540825457
BPGM,13.880498691677184
BPNT1,18.177390076015335
BRAF,3.588022906646952
BRAP,0.08586903968705822
BRPF1,4.37039698187929
BRSK1,2.7761687583817136
BRSK2,0.38683607798854414
BSCL2,29.902510098853913
BSG,102.90645909463107
BTD,6.479395649770778
BUB1,18.369780499979928
BUB1B,0.8900400926980333
C1GALT1,17.285758313738587
CA1,0.3354345050980549
CA12,95.63486122225925
CA13,6.20435328250674
CA14,0.00855621754033908
CA2,0.0434309373356292
CA3,8.255151240888905
CA4,0.012023675940693437
CA5A,0.08417582761312976
CA5B,0.3000400242769555
CA6,0.0010614416590847085
CA7,0.1495136882661207
CA8,0.04182869521897656
CA9,346.46451228706496
CAD,40.695188067234774
CALM1,322.5293943505399
CAMK1,1.5897250257150548
CAMK1D,0.14356043717489553
CAMK1G,0.02102039568313161
CAMK2A,0.017026102701259208
CAMK2B,0.015738862289751448
CAMK2D,756.5068835087877
CAMK2G,9.275543562424092
CAMK4,0.18051100682928473
CAMKK1,0.7564366243241106
CAMKK2,4.1315505780345
CANT1,46.08639246131418
CARM1,7.942798858976344
CARNS1,0.1607077757837836
CARS,13.82037331337223
CARS2,10.961251650741186
CASK,33.78104481445558
CAT,43.132887271434285
CBLC,0.002607685412780668
CBLL1,8.291993997527184
CBLL2,0.027434690025870352
CBR1,179.8831531597208
CBR3,272.9282408837101
CBR4,22.79092813197394
CBS,10.702868833095707
CBSL,10.702868833095707
CBX1,290.08798787610885
CCNB1IP1,10.714218442661016
CD36,0.3500941805364188
CD38,0.0010614416590847085
CDA,0.4510970884938389
CDC14A,0.2841874936319071
CDC14B,2.965099468699128
CDC25A,2.713830719568146
CDC25B,46.872489227967684
CDC25C,7.982904371906773
CDC34,2.968546371358894
CDC42BPA,1.3265681494472965
CDC42BPB,1.6925170309775261
CDC42BPG,0.012023675940693437
CDC7,7.57676584347046
CDIPT,123.83040636960676
CDK1,127.6747804521336
CDK10,20.687401043177534
CDK11A,23.54748422125854
CDK11B,24.606235535799634
CDK12,8.766019111801526
CDK13,10.43694911852092
CDK14,12.206698360780168
CDK15,0.00043205303451044236
CDK16,77.84766685119311
CDK17,3.1954998970343085
CDK18,0.44073201033010084
CDK19,8.324121507167675
CDK2,53.34181249023588
CDK20,5.647543147012268
CDK3,1.032648983190838
CDK4,42.82450632971941
CDK5,47.43766388820585
CDK6,13.511137367931498
CDK7,168.9865437465691
CDK8,2.6683231108517345
CDK9,30.90534365551212
CDKL1,1.271010747215105
CDKL2,0.018336021131674245
CDKL3,0.7103511096745938
CDKL4,0.0124926335095224
CDKL5,0.4298250884603366
CDKN3,65.24932359681524
CDO1,18.27352734722315
CDS1,1.1232423651365966
CDS2,9.48814342135802
CDY1,0.256335927830294
CDY1B,0.256335927830294
CDY2A,0.04923577690024244
CDY2B,0.04923577690024244
CEL,0.13515625115232066
CEPT1,4.107498999655668
CERCAM,42.754610771810775
CERK,16.36700172673197
CERS1,0.3397528127730195
CERS2,107.97435898161793
CERS3,0.204503049429499
CERS4,1.7339156437219732
CERS5,23.574672388924608
CERS6,2.171918165292906
CES1,0.012023675940693437
CES2,10.0717325358964
CES3,0.017026102701259208
CES5A,0.03703753789261324
CFTR,0.00043205303451044236
CH25H,0.002607685412780668
CHAT,0.014545141103376102
CHD9,6.9794070195516476
CHDH,0.11266556821891778
CHEK1,3.052717754618529
CHEK2,4.899743922677026
CHFR,2.973562024797513
CHI3L1,149.78793361875972
CHIA,0.00043205303451044236
CHIT1,0.0010614416590847085
CHKA,3.018868965431515
CHKB,8.587553958942694
CHMP4A,74.53133504906675
CHPF,97.68159797416945
CHPF2,46.37983000795036
CHPT1,11.961674058563005
CHST1,0.03403251133699988
CHST10,2.822088187926762
CHST11,4.880771856676145
CHST12,18.049387882048954
CHST13,0.1279905302411138
CHST14,2.365437066677286
CHST2,0.3423314936506252
CHST3,21.515849551310524
CHST4,0.0010614416590847085
CHST5,0.001795732098997252
CHST6,0.5996094164322049
CHST7,0.14356043717489553
CHST8,0.00043205303451044236
CHST9,0.004411645576314643
CHSY1,22.5600680267064
CHSY3,1.7601490006613945
CHUK,0.9025576793149667
CHURC1-FNTB,4.067774728484195
CIDEA,0.002607685412780668
CINP,1.1099829111181019
CIT,4.602911675722518
CKB,95.5693050003723
CKM,7.364096311229185
CKMT1A,0.003482753593280577
CKMT1B,0.017026102701259208
CKMT2,0.6820119919420923
CLC,1.416608020365395
CLCF1,9.229527118759146
CLK1,1.0515955472472354
CLK2,17.285758313738587
CLK3,1.4955462703892715
CLK4,0.38818264719367834
CLOCK,5.583901032247727
CLPS,9.828993754263943
CLTRN,0.11870587855101114
CLYBL,0.14144854482178526
CMA1,0.7504889198679588
CMAHP,1.1983230338245214
CMAS,20.548955487434863
CMPK1,520.0659908072496
CMPK2,1.1130908645999535
CMTR1,16.398275240590166
CNDP1,0.002607685412780668
CNDP2,27.231898206341203
CNOT4,3.561533954677423
CNP,57.883424246152785
COASY,456.9554024551414
COL4A3BP,1.4864698883898586
COLGALT1,147.97419265371573
COLGALT2,3.186896635894081
COMT,170.8858672265151
COMTD1,205.3711901029532
COP1,9.26794060820541
COPA,295.26887847157883
COPB1,194.14806151527154
COPB2,201.8591996531619
COPE,494.1532256023655
COPG1,307.96425754042
COPG2,114.03787594556897
COQ2,9.987876534931122
COQ3,8.485183883608203
COQ5,1.2292458848249477
COQ6,17.235119451436073
COQ7,0.35877587915344566
COX1,3368.351305604675
COX17,94.17634052346821
COX2,22667.213165029796
COX3,10572.56571768909
COX4I1,1302.1071325622192
COX4I2,0.3485321525399708
COX5A,302.29353690960795
COX5B,302.3252550042198
COX6A1,23.80577148550749
COX6A2,2.1594511708694366
COX6B1,115.29494459640071
COX6B2,0.015738862289751448
COX6C,257.67181546018276
COX7A1,0.08174450622340061
COX7A2,199.42947082355056
COX7A2L,74.0274748260735
COX7B,92.40689862523901
COX7B2,0.3354345050980549
COX7C,530.8390909614875
COX8A,930.5147196768653
COX8C,0.7410518340738615
CP,0.24939504649627325
CPA1,2.3131739981911728
CPA2,0.03251858586034271
CPA5,0.018336021131674245
CPA6,0.00043205303451044236
CPOX,91.80556198379657
CPS1,0.9830849095126972
CPT1A,0.25048140228407606
CPT1B,7.744960936853725
CPT1C,20.945077008507496
CPT2,28.4043889103846
CRAT,9.391778458551169
CREBBP,0.11368106876626248
CRLS1,15.98656974081012
CROT,9.345517077690346
CS,3636.7285170491505
CSAD,10.816488575846295
CSF1R,0.35789645888991783
CSGALNACT1,26.5872667018527
CSGALNACT2,6.851047722541932
CSK,19.533739303062813
CSNK1A1,71.16845576862934
CSNK1A1L,0.00043205303451044236
CSNK1D,115.45652566973394
CSNK1E,4.207052319911905
CSNK1G1,2.403082490780398
CSNK1G2,23.404864271032665
CSNK1G3,6.677359597875874
CSNK2A1,400.0714703558315
CSNK2A2,189.11008771603818
CSNK2B,349.72353173877497
CTBP1,97.63054524450972
CTDP1,0.5775959533937475
CTDSP1,20.18737202407821
CTDSP2,54.549520360421475
CTDSPL,9.837341450206845
CTDSPL2,2.684030407077245
CTGF,0.3354345050980549
CTH,0.8220467840391377
CTPS1,30.83897223611683
CTPS2,2.463725106279899
CTSA,492.489646365002
CTSB,208.90427607694505
CTSC,28.588474527183827
CTSD,1498.102816514948
CTSE,0.05332195597652967
CTSF,10.617834638762044
CTSG,11.536222620817302
CTSH,1.483905604116803
CTSK,0.8696621201536852
CTSL,23.057159894860757
CTSO,3.6588787814983466
CTSS,2.6848509476608826
CTSV,0.7195150030710322
CTSW,0.004411645576314643
CTSZ,9.605681101929976
CUBN,0.1330734807007993
CWC27,11.498134567323374
CYB5D1,6.207565953895524
CYB5R1,46.856578418086244
CYB5R2,0.6172729338386612
CYB5R3,2426.629694454639
CYBB,0.009681832511684923
CYBRD1,10.629163558367566
CYC1,288.91872450179943
CYLD,4.078082476927091
CYP11A1,0.240339116538787
CYP11B1,0.8426372984421979
CYP11B2,0.08105018928386314
CYP17A1,0.6378404877857153
CYP19A1,0.1628819244279408
CYP1A1,0.005387825398757615
CYP1A2,4.881250664873969
CYP1B1,0.05332195597652967
CYP21A2,0.002607685412780668
CYP24A1,0.02239329489562442
CYP26A1,0.0010614416590847085
CYP26B1,0.26699657380313646
CYP27A1,8.501328888769738
CYP27B1,0.5074502152228536
CYP2A13,0.04638837469548625
CYP2A6,0.018336021131674245
CYP2A7,0.0010614416590847085
CYP2B6,0.02889595120271605
CYP2C18,0.2259625918283721
CYP2C19,0.1750227487879086
CYP2C8,0.1248221549135013
CYP2C9,0.13627582512980346
CYP2D6,0.04997372801491657
CYP2E1,0.15207878388820792
CYP2F1,0.018336021131674245
CYP2J2,0.14144854482178526
CYP2S1,0.007463560058137129
CYP2U1,1.7864721380261606
CYP39A1,0.08174450622340061
CYP3A4,0.018336021131674245
CYP3A43,1.2489318499587934
CYP3A5,0.0988601170668594
CYP3A7,0.15747794336040138
CYP46A1,0.47382225111523535
CYP4A11,1.6372931884537043
CYP4B1,0.18924655837091137
CYP4F11,0.0010614416590847085
CYP4F12,1.3064341556509818
CYP4F2,1.3721447209835187
CYP4F22,0.10334860287291327
CYP4F3,1.1915183478147022
CYP4F8,0.3354345050980549
CYP4V2,2.788675131379845
CYP4X1,0.0010614416590847085
CYP4Z1,0.08130083947706235
CYP51A1,233.94327777136292
CYP7A1,0.015615087844251259
CYP7B1,0.0630371752969309
CYP8B1,1.3996596795653906
CYTB,3460.228406111812
DAD1,825.0365001638062
DAGLA,0.4352707314904807
DAGLB,8.452914960807655
DAO,1.8577966562707513
DAPK1,0.5273069685824661
DAPK2,1.6928749610714864
DAPK3,5.538379333064699
DARS,2971.441800808215
DARS2,7.94048310955563
DBH,0.20718482274233008
DBI,689.5509424226267
DBT,2.0856574979383398
DCK,9.9369343474795
DCLK1,12.245255276870001
DCLK2,1.39428528825419
DCT,0.12073523143305817
DCTD,25.23178525640486
DCTPP1,35.41593243904499
DCXR,72.69648235614413
DDAH1,38.55220740411546
DDAH2,41.19827243208602
DDC,0.0010614416590847085
DDO,1.64836166806451
DDOST,1344.0319358012716
DDR1,59.05501448547456
DDR2,36.55420960461603
DECR1,61.21112897863603
DECR2,7.015445074545188
DEGS1,14.246069380351269
DEGS2,0.012023675940693437
DERA,49.284126995711866
DGAT1,11.729380285462614
DGAT2,0.15207878388820792
DGKA,4.081421853685121
DGKB,0.009681832511684923
DGKD,3.217031236932587
DGKE,0.025197096145693904
DGKG,0.3167481397245338
DGKH,0.21695920013739353
DGKI,0.6559409693503381
DGKQ,2.5451155339615172
DGKZ,12.025737102340155
DGUOK,29.364733251877404
DHCR24,3.81177712882863
DHCR7,40.755680295944124
DHDH,0.06718772976653191
DHFR,1297.677894074525
DHODH,4.33345215937174
DHRS2,0.16944414863457433
DHRS3,12.394143161782171
DHRS4,484.9126232962845
DHRS9,0.3354345050980549
DIO1,0.00779701327277743
DIO2,3.333868192471042
DIO3,0.03556201034578978
DLAT,361.40356198999626
DLD,1754.6753193526386
DLST,177.8025607607926
DMGDH,0.02378573819259857
DMPK,24.64743276014684
DNAJC6,0.3142150239554126
DNMT1,39.12817660837289
DNMT3A,1.9500992469990326
DNMT3B,0.3167481397245338
DNMT3L,0.03798289307998578
DOLPP1,16.12353853103151
DOT1L,4.388896266505145
DPAGT1,24.229331351609417
DPEP1,0.001795732098997252
DPEP2,0.00043205303451044236
DPEP3,0.05168794657761144
DPH5,94.87751619318459
DPM1,1740.5014214195935
DPM2,51.78192461392195
DPM3,49.82878340833014
DPYD,21.10400873437048
DPYS,0.002607685412780668
DPYSL2,2082.5671878165235
DPYSL3,26.205249491362228
DSTYK,3.2429124313418294
DTYMK,36.15164463701521
DUOX1,0.014475288728011012
DUOX2,0.0010614416590847085
DUPD1,0.11783200419515537
DUSP1,54.48363584653374
DUSP10,8.506712117406034
DUSP11,7.036057299376103
DUSP12,8.858238446585704
DUSP13,0.002607685412780668
DUSP14,0.3354345050980549
DUSP15,0.037106715863966674
DUSP16,2.2391170080308913
DUSP18,0.8792582872033408
DUSP19,0.11266556821891778
DUSP2,0.3269268465971618
DUSP21,0.08186674790155296
DUSP22,4.113305753535215
DUSP23,0.11266556821891778
DUSP27,0.00043205303451044236
DUSP28,1.1232423651365966
DUSP3,103.9051206981102
DUSP4,0.1372463925165223
DUSP5,0.47382225111523535
DUSP6,7.966990337864903
DUSP7,10.26801781068728
DUSP8,0.11668443409586972
DUSP9,0.2983938804475993
DUT,641.9408913340789
DYRK1A,13.826389556802818
DYRK1B,2.6188802819065717
DYRK2,4.994855933949705
DYRK3,3.416654158323857
DYRK4,5.569237864598979
DZIP3,4.319616379600839
EARS2,1.0961565587535989
EBP,1585.1481980161454
ECH1,350.4179476645581
ECHDC2,31.273402462494946
ECHS1,69.86810863540842
ECI1,24.03796571684317
ECI2,48.98348003797332
EGFR,0.8269944327004837
EHHADH,0.5046278377365809
EHMT1,1.030488130877611
EHMT2,1.0973036155130855
EIF2AK1,46.71343678807028
EIF2AK2,33.29052045596057
EIF2AK3,2.9693300568528342
EIF2AK4,0.44020095263376535
EIF4EBP3,0.2916293940975623
ELOVL1,15.923342862028225
ELOVL2,0.2333729640773325
ELOVL3,0.013236482267960575
ELOVL4,3.6411351129018215
ELOVL5,7.518374670001946
ELOVL6,7.092812149279707
ELOVL7,0.809453791243595
ELP3,1.978417694090293
ENGASE,3.8104907070642744
ENO1,8592.789098197884
ENO2,86.35752229333639
ENO3,43.926414026655074
ENOPH1,207.72783295411148
ENPP1,1.2120925492063774
ENPP2,0.5473363500663645
ENPP3,0.03556201034578978
ENPP6,0.13300246807337351
ENPP7,0.2621620114119895
ENTPD1,0.37889255673976024
ENTPD2,0.005387825398757615
ENTPD3,0.001795732098997252
ENTPD4,21.38944683625738
ENTPD5,2.3990519780892305
ENTPD6,73.17183137843526
ENTPD8,0.00043205303451044236
EP300,0.8731944193743081
EPHA1,0.07438455261101179
EPHA10,0.001795732098997252
EPHA2,4.519919161176445
EPHA3,84.27717316588664
EPHA4,1.4550883975939122
EPHA5,0.05843535722024003
EPHA6,0.006406403172354093
EPHA7,0.11870587855101114
EPHA8,0.11945315526060056
EPHB1,0.05164163166635752
EPHB2,0.20595639680274336
EPHB3,27.767070213210992
EPHB4,1.883562326518331
EPHB6,0.3354345050980549
EPHX1,227.05390206023316
EPHX2,0.2263049885638442
EPM2A,0.6113720671734194
EPRS,36.84759019055022
EPX,1.2450537380885645
ERBB2,0.17777024733378147
ERBB3,0.05164163166635752
ERBB4,0.001795732098997252
ERN1,0.47382225111523535
ERN2,0.26934714067536947
ESD,861.8078245266145
ETFA,4068.411997554037
ETFB,3119.595872391632
ETFDH,21.537481832929583
ETNK1,4.894999327397058
ETNK2,4.195552515148263
ETNPPL,1.3663166774328985
EXT1,3.5350900102407747
EXT2,103.9091732459872
EXTL1,0.1782848621283191
EXTL2,10.36355348716425
EXTL3,10.816488575846295
EYA1,4.022360030745586
EYA2,0.0010614416590847085
EYA3,0.7295328498819307
EYA4,5.330998548351808
EZH1,7.3937762650928995
EZH2,0.3399484986753123
F13A1,7.9714666557984115
F13B,0.952082265681838
F2,37.171748814504454
FAAH,0.02953903692227882
FAAH2,0.002607685412780668
FABP1,53.54695633547291
FABP12,0.07361943011456162
FABP2,2.0423800119197857
FABP3,0.6439859751026984
FABP4,0.00855621754033908
FABP5,60.51189334894657
FABP6,0.13934384370007177
FABP7,37.33019466136872
FABP9,1.0553661478381027
FADS1,31.840231427007563
FADS2,17.65069733134137
FADS3,0.7664511910814502
FADS6,0.3354345050980549
FAH,15.608198367760922
FAM20B,13.98302176509157
FANCL,18.190201671553268
FAR1,19.303131719705352
FAR2,1.4121068083977768
FARS2,1.2508018948800164
FARSA,777.8447930779344
FARSB,1.5391435704091594
FAS,49.87736414295194
FASN,223.68078657946793
FASTK,77.71366703448825
FAXDC2,1.447904356520972
FBP1,18.54747972765517
FBP2,0.002607685412780668
FDFT1,370.65661110613945
FDPS,317.89833958241996
FDXR,2.0785113353783644
FECH,10.867706873823881
FER,0.9017425379292658
FES,0.00855621754033908
FGA,0.001795732098997252
FGFR1,67.731379111754
FGFR2,0.02953903692227882
FGFR3,0.49899391691967376
FGFR4,0.1985435438454825
FGGY,5.903747137944744
FGR,0.0434309373356292
FH,1423.4225654883348
FHIT,0.00855621754033908
FHL2,3.776607319545566
FIG4,1.295455740088257
FITM1,0.03866628114270494
FITM2,3.6411351129018215
FKBP10,85.11513020457768
FKBP11,30.053336392332874
FKBP14,16.07158990662201
FKBP1A,849.2899916427652
FKBP1B,0.16725015831832712
FKBP2,645.1714235915284
FKBP3,689.6389984143805
FKBP4,391.29525743594024
FKBP5,1.9737088603338981
FKBP6,0.0345624960497994
FKBP7,39.22749739554493
FKBP8,20.660935103287123
FKBP9,211.37514578954207
FKBP9P1,0.5273069685824661
FLAD1,7.261748173435416
FLT1,0.5141572609630857
FLT3,0.032370143662719376
FLT4,0.002607685412780668
FLVCR1,2.6807167995368735
FMO1,0.013236482267960575
FMO2,0.04997372801491657
FMO3,0.015738862289751448
FMO4,1.8393848882688337
FMO5,0.2621303699020181
FMO6P,0.3354345050980549
FN3K,1.140208234622353
FN3KRP,14.631834284521734
FNTA,35.43923413197679
FNTB,3.999696526230013
FOLR1,0.24765611571478705
FOLR2,7.232030010907365
FOLR3,0.3354345050980549
FOSL1,22.755426503252654
FPGS,1.8135175952079958
FPGT,3.3904610624096034
FRK,0.003482753593280577
FRMPD2,0.014371669987526408
FTCD,0.19173540871659278
FTMT,0.3764543508002139
FUCA1,9.432981906265066
FUCA2,74.55787565927925
FUK,1.5164786604130653
FUT1,0.0010614416590847085
FUT10,1.160643754882086
FUT11,32.3362826437304
FUT2,0.1330734807007993
FUT3,0.002607685412780668
FUT4,0.479390122516413
FUT5,0.09116152625675358
FUT6,0.33433562982165704
FUT7,0.0010614416590847085
FUT8,2.255959197479716
FUT9,0.07917572773881386
FYN,172.99514524457206
G0S2,3.7836335502013383
G6PC,0.2573661812362027
G6PC2,0.018216384410824384
G6PC3,68.4293806933226
G6PD,940.3728731752113
GAA,26.979230428713514
GAD1,1.1436083796698142
GAD2,0.03730519390911924
GAK,1.8296952404770266
GAL3ST1,0.007463560058137129
GAL3ST2,0.00855621754033908
GAL3ST3,0.001795732098997252
GAL3ST4,2.8472075845434808
GALC,0.5244596377200633
GALE,31.157418505348765
GALK1,207.89428250213697
GALK2,46.271712638912106
GALM,1.5492126227173908
GALNS,12.741447235435219
GALNT1,25.717117621435367
GALNT10,1.2206076042758738
GALNT11,27.67535885171619
GALNT12,0.2597049746591992
GALNT13,1.8926482986748232
GALNT14,0.005387825398757615
GALNT15,0.04182869521897656
GALNT2,103.22242106066912
GALNT3,0.007463560058137129
GALNT4,0.46273140153475767
GALNT5,17.387137895425333
GALNT6,0.00855621754033908
GALNT7,0.6297384858054009
GALNT8,0.03984975304637445
GALNT9,0.32974164526381466
GALNTL5,0.43999999999999995
GALT,6.769185014749165
GAMT,19.68879769962138
GANC,2.9862661967341637
GAPDH,14544.404911473826
GAPDHS,8.042317062334442
GARS,317.8363939355865
GART,181.33401497463777
GATM,0.1782848621283191
GBA,55.7468809140699
GBA2,20.99802369555521
GBA3,0.3354345050980549
GBE1,35.620745718373016
GBGT1,0.026626786289672556
GC,0.1128901827185453
GCAT,205.37685151539603
GCDH,9.377894109051681
GCH1,0.19173540871659278
GCK,0.01083826295797945
GCLC,4.045284355075799
GCLM,29.405236416430988
GCNT1,35.09542181115287
GCNT2,5.5204244773991995
GCNT2P,0.3354345050980549
GCNT3,0.05332195597652967
GCNT4,0.012023675940693437
GCNT7,0.003482753593280577
GCSH,20.338400907657277
GDA,0.24068745093928848
GDE1,9.406187401243432
GDPD2,0.018336021131674245
GFPT1,102.934217245684
GFPT2,29.50831418106068
GGCT,63.09508342476464
GGH,68.71968228053962
GGPS1,476.0420133968147
GGT1,0.1782848621283191
GGT2,1.2557625587889092
GGT3P,0.3354345050980549
GGT5,0.007463560058137129
GGT6,0.05508275873225264
GGT7,9.344876912795723
GGTLC1,0.5642767148917974
GGTLC2,1.7831684152107201
GIF,0.3354345050980549
GK,8.811029110631008
GK2,0.9456388863331135
GK3P,0.001795732098997252
GLA,50.168064787302846
GLB1,51.97734833043366
GLB1L,3.7033240839507733
GLCE,0.22795906367002736
GLDC,0.04831846819204153
GLIPR1,72.10768500921655
GLO1,1757.3879394587746
GLRX,365.91212169059
GLRX2,22.511794254971623
GLS,477.7704805555321
GLS2,0.04831846819204153
GLT6D1,0.06930364432416915
GLT8D1,3.844362532115163
GLT8D2,8.474424450138798
GLTP,10.308258627122527
GLUD1,282.44183927757155
GLUD2,0.025197096145693904
GLUL,11.167019608335327
GLYAT,26.66571856032572
GLYCTK,2.9397449752973004
GM2A,9.57655459844549
GMDS,164.59485180220815
GMPPA,17.3147666052988
GMPPB,211.97665371278208
GMPR,5.755619513405938
GMPR2,69.09534075272578
GMPS,325.0384841063719
GNE,5.597846851029488
GNMT,0.02378573819259857
GNPAT,16.52977294104205
GNPDA1,37.9203040240919
GNPDA2,10.049355253940913
GNPNAT1,50.49758076693541
GNPTAB,4.64505535872188
GNS,33.91395935099187
GOT1,2177.482400386964
GOT2,1098.4198939580972
GPAA1,134.98605428560614
GPAM,0.15858186849631573
GPAT2,0.006406403172354093
GPAT3,1.7680315815852383
GPAT4,42.70787629290567
GPCPD1,2.952415993666991
GPD1,0.01966772325788445
GPD2,290.0161654831971
GPHN,6.155584547447842
GPI,3289.233008963211
GPIHBP1,0.3354345050980549
GPLD1,0.08360900725369469
GPT,0.0988601170668594
GPT2,14.876097943599337
GPX1,44.02449053319448
GPX2,0.014475288728011012
GPX3,23.45238222012112
GPX4,161.34957035847805
GPX5,0.793289329058847
GPX6,2.01032323162201
GPX7,16.54857792842734
GPX8,103.34634086069696
GRHL1,0.14144854482178526
GRHPR,45.9200366521738
GRK1,0.11699235770509935
GRK2,1.3452919824765035
GRK3,0.36836027217127804
GRK7,0.22033128126560914
GSR,171.7164728946404
GSS,270.3969991027737
GSTA1,0.007463560058137129
GSTA2,0.026626786289672556
GSTA3,0.002607685412780668
GSTA4,14.339945735527186
GSTA5,0.58469847618054
GSTK1,105.7647559579012
GSTM1,8.34073043967784
GSTM2,23.635872001122998
GSTM3,9.460582546519914
GSTM4,21.70910790144625
GSTM5,2.031019804349251
GSTO1,827.384313338103
GSTO2,0.04997372801491657
GSTP1,2428.0252635448164
GSTT1,0.3354345050980549
GSTT2,0.23573995875161474
GSTZ1,15.81954385121292
GTF2F1,7.742257987430465
GTF3C4,1.1168176076711323
GUCA1A,0.0803580412103317
GUCY1A1,0.04997372801491657
GUCY1A2,0.00043205303451044236
GUCY1B1,2.9947425241689367
GUCY1B2,0.001795732098997252
GUCY2C,0.0010614416590847085
GUCY2D,0.00043205303451044236
GUCY2F,0.00043205303451044236
GUK1,389.8887514734097
GUSB,7.470839680176917
GYG1,17.979075026638903
GYG2,2.9397449752973004
GYS1,103.96516579229448
GYS2,0.00043205303451044236
H6PD,13.010277818411843
HAAO,13.369586196284338
HACD1,7.9351840907874065
HACD2,109.25683759853703
HACD3,56.66737792879872
HACD4,0.015738862289751448
HACE1,3.4647942538202465
HACL1,6.393532524048663
HADH,939.4383804113684
HADHA,462.3601302110417
HADHB,24.771118958510176
HAGH,55.369424039067674
HAGHL,7.372928533045123
HAL,0.00855621754033908
HAO1,0.005387825398757615
HAO2,2.123937704953015
HARS,180.65024235368608
HARS2,28.127458620316073
HAS1,0.009681832511684923
HAS2,29.902510098853913
HAS3,0.629113411887993
HAT1,107.37821527283953
HCCS,43.15232525318668
HCK,0.6254790899334609
HCST,0.10080683699743836
HDAC3,1.2972972496441089
HDC,0.00043205303451044236
HDLBP,155.4207590311995
HECTD1,6.817157897674916
HECTD2,2.9439672622213293
HECTD3,1.8005606247820989
HECW1,0.04504682327499366
HECW2,0.013236482267960575
HELZ2,7.676529798926635
HEPH,0.04831846819204153
HERC1,1.0018333639377113
HERC2,0.4535028748925186
HERC3,40.67864533669991
HERC4,16.510298178178346
HEXA,122.76371565889862
HEXB,8.626144480075727
HEXDC,0.3354345050980549
HGD,0.04182869521897656
HIBADH,32.54836630316498
HIBCH,2.374901479838708
HIF1AN,5.374577661987413
HIGD2A,11.243511038158356
HIPK1,9.399920366821892
HIPK2,2.5655573103248313
HIPK3,1.271010747215105
HIRIP3,0.3167418728410346
HK1,433.5236051905364
HK2,62.738985182595165
HK3,1.1217338456564871
HKDC1,0.06016330990614593
HLCS,7.456400141993282
HLTF,0.18163341890109708
HMBS,96.46130378182674
HMGCL,163.41237361697216
HMGCLL1,0.025197096145693904
HMGCR,30.78837943827216
HMGCS1,84.9146408898309
HMGCS2,0.001795732098997252
HMOX1,104.3966162300889
HMOX2,96.78263066331645
HNMT,5.152698836054607
HPD,0.08736658754079518
HPGD,0.028074267792732335
HPGDS,8.354343280591431
HPRT1,1135.6663215533636
HS2ST1,16.465208555235932
HS3ST1,0.1499386914226924
HS3ST2,0.0010614416590847085
HS3ST3A1,12.505746867536775
HS3ST3B1,2.990503673209435
HS3ST4,0.012466929075615836
HS3ST5,0.0010614416590847085
HS3ST6,0.3354345050980549
HS6ST1,3.8688298387570135
HS6ST2,0.00855621754033908
HS6ST3,0.0326273576634013
HSD11B1,0.2008249390150498
HSD11B1L,3.075540452304869
HSD11B2,0.006406403172354093
HSD17B1,0.42439518836561485
HSD17B10,69.04115004542177
HSD17B11,11.558545989580841
HSD17B12,232.07908621554148
HSD17B14,7.015445074545188
HSD17B2,1.9024599930670496
HSD17B3,2.5532877532975586
HSD17B4,54.928709430445466
HSD17B6,0.37098696537635545
HSD17B7,5.4506411468333775
HSD17B7P2,0.19626813196291043
HSD17B8,0.07747553148996268
HSD3B1,0.8561440324619417
HSD3B2,0.9278984217862639
HSD3B7,1.0426283276931345
HSPG2,0.22103079384287785
HTATIP2,31.84414807059413
HUNK,0.28171668089803614
HUWE1,7.694681658912992
HYAL3,0.479390122516413
HYALP1,0.3354345050980549
HYI,8.755179168646931
HYKK,0.5216158399467196
IARS,1169.028306280989
IARS2,62.083590544859774
ICK,8.92898531411154
ICMT,31.404002165062053
IDH1,35.669830500799016
IDH2,48.34154224203269
IDH3A,1419.070186892498
IDH3B,209.48761183032425
IDH3G,109.39793699967097
IDI1,37.2094088995398
IDI2,2.1272734354694633
IDO1,0.4654984722890742
IDO2,0.0650322570798734
IDS,42.396612436721384
IDUA,2.326769004366794
IGF1R,1.5164786604130653
IKBKB,10.161355357818548
IKBKE,0.3354345050980549
IL4I1,0.11066829998702254
ILK,20.369369642655
ILKAP,17.902691008220074
IMPA1,259.6673107020046
IMPA2,59.23890721860392
IMPDH1,29.435540185311897
IMPDH2,97.31471109193593
INMT,0.005387825398757615
INPP1,162.8413624507954
INPP4A,1.969336534138382
INPP4B,0.028074267792732335
INPP5A,1.6742947833954573
INPP5B,2.9228697114700153
INPP5D,0.005387825398757615
INPP5E,8.190385730850382
INPP5F,0.3067398757776339
INPP5J,0.017026102701259208
INPPL1,8.279370033888663
INSL3,0.17394553868855028
INSR,0.6410051088398311
INSRR,0.018336021131674245
IP6K1,9.339376638659653
IP6K2,41.94620772670536
IP6K3,0.0010614416590847085
IPMK,1.4802963903810238
IRAK1,98.36918273133557
IRAK2,0.6350528906464068
IRAK3,0.001795732098997252
IRAK4,3.2645162754260966
IREB2,8.91809956030336
ISYNA1,2.7463792512470655
ITK,0.00043205303451044236
ITPA,389.17670281462296
ITPK1,4.899743922677026
ITPKA,0.6439859751026984
ITPKB,2.9313045644439213
ITPKC,1.9385776580905254
IVD,375.4837360563207
JAK1,20.806237703358327
JAK2,0.8632780945306048
JAK3,0.01083826295797945
JMJD7-PLA2G4B,0.3397528127730195
KALRN,1.7189657455516387
KANSL3,6.227609761559575
KARS,364.6224286972103
KAT2A,12.38240873416243
KAT2B,2.031184367043646
KAT5,7.6134862294613095
KAT6A,3.2472305731671267
KAT6B,2.6024464977551593
KAT7,9.229527118759146
KAT8,12.294481714243826
KCNJ11,0.00043205303451044236
KCNJ8,0.1027621983974426
KDR,0.018336021131674245
KDSR,9.60975709718242
KHK,0.03556201034578978
KIT,2.1876874420738925
KL,0.022851875925749117
KMO,0.02102039568313161
KMT2A,4.696683335340554
KMT2B,1.0995884370680156
KMT2C,6.092602063758122
KMT2D,7.315666844203623
KMT2E,10.021399679900965
KMT5A,23.717527916623116
KMT5B,4.291975239136632
KMT5C,7.015445074545188
KPNA6,28.204943912627066
KYAT1,4.319616379600839
KYAT3,9.820647676878107
KYNU,0.055014487083321906
L1CAM,0.5502115787612013
L2HGDH,2.2430844282372293
LALBA,0.09996023381633702
LAP3,695.249307079658
LARS,294.14418406893276
LARS2,4.677894420398692
LATS1,0.24146134648843262
LATS2,1.8697785349870952
LBR,50.8418908706274
LCAT,5.143100689039725
LCK,1.381302978240569
LCLAT1,1.3094719772259094
LCT,0.00043205303451044236
LDHA,29929.3402185348
LDHAL6A,0.0010614416590847085
LDHAL6B,0.001795732098997252
LDHB,1181.1941010428977
LDHC,2.21139017809871
LDHD,0.02102039568313161
LDLR,6.088496103763298
LGALS13,0.16621830202908744
LGMN,51.863330689222636
LGSN,0.00043205303451044236
LHPP,37.813892892413925
LIAS,0.40119687235688845
LIMK1,26.979230428713514
LIMK2,6.504699299343313
LIPA,81.9462366037795
LIPC,0.001795732098997252
LIPE,0.9308402254283414
LIPF,1.3406968406403874
LIPG,5.133506639280515
LIPT1,0.8346840791828181
LIPT2,0.245262156356883
LMTK2,1.663169249993488
LMTK3,0.11467097208071104
LOC102724197,0.3354345050980549
LOC286297,0.12073523143305817
LOC344967,0.00855621754033908
LOX,66.69461384112813
LOXL2,585.2504946475472
LPCAT1,3.849942265699089
LPCAT2,3.5747728160434122
LPCAT3,22.30466617149676
LPCAT4,1.1696467558814645
LPIN1,15.348892199764794
LPIN2,7.217001690340122
LPIN3,0.10867924669077839
LPL,1.0760503853847923
LPO,0.017026102701259208
LRAT,0.18498215550449723
LRP1,2.55892079081789
LRP2,0.01083826295797945
LRRK1,0.0946370497469129
LRRK2,0.07438455261101179
LRSAM1,1.4802963903810238
LRTOMT,2.419220003090481
LSS,203.0580584313146
LTA4H,137.80211554115965
LTC4S,0.00855621754033908
LTK,0.00855621754033908
LYN,0.09499297153011121
LYPLA1,128.38448089739475
LYPLA2,73.17009816332943
LYZL1,1.4145390562382973
MACROD1,1.089011457965908
MACROD2,0.5617468208488902
MAGEA2B,13.20393603272254
MAK,0.004411645576314643
MAN1A1,0.7150897327208457
MAN1A2,2.5222531752639163
MAN1B1,6.59528522865947
MAN1C1,1.1811619493117091
MAN2A1,20.406132876213853
MAN2A2,6.784517107632917
MAN2B1,23.6834967871602
MAN2C1,32.54836630316498
MANBA,11.130349889984714
MANSC1,4.186395610731333
MAOA,20.459754821534588
MAOB,1.8204469370837328
MAP2K1,394.13640834023926
MAP2K2,322.1455364491014
MAP2K3,9.0903493548047
MAP2K4,16.422124100715916
MAP2K5,2.4921428388261866
MAP2K6,0.7048883052514625
MAP2K7,0.9964755318383711
MAP3K1,0.24765611571478705
MAP3K10,4.328839107887496
MAP3K11,9.010725160463831
MAP3K12,10.782373835074457
MAP3K13,15.930614233157034
MAP3K14,3.182596996658422
MAP3K15,0.005387825398757615
MAP3K2,3.6411351129018215
MAP3K20,4.227637678485129
MAP3K21,0.2333729640773325
MAP3K3,15.552549145529245
MAP3K4,4.885513293842901
MAP3K5,7.876948385749174
MAP3K6,11.153256069212205
MAP3K7,0.47714934112931606
MAP3K8,0.48776972210992203
MAP3K9,0.6143208791592955
MAP4K1,0.09692213048414376
MAP4K2,2.105191811100502
MAP4K3,3.5571235001809867
MAP4K5,30.82023977176992
MAPK1,231.07492654068193
MAPK10,0.31663771184887424
MAPK11,2.358832278579212
MAPK12,6.748754581296045
MAPK13,0.29411977214984186
MAPK14,42.794051057272746
MAPK15,0.5060700342624488
MAPK3,83.51204889562808
MAPK4,0.00043205303451044236
MAPK6,31.840231427007563
MAPK7,9.926484291916958
MAPK8,16.50470723847945
MAPK9,8.27588139174237
MAPKAPK2,1.5514892863408092
MAPKAPK3,4.947247622532151
MAPKAPK5,8.404564404561834
MARCH1,1.0962187322977706
MARCH10,0.006406403172354093
MARCH11,0.007982758707868126
MARCH2,1.451495359964133
MARCH3,0.12277242036942371
MARCH4,0.001795732098997252
MARCH5,7.396230789257511
MARCH6,31.556525700754143
MARCH7,16.59247524895977
MARCH8,6.282806331955902
MARCH9,4.291975239136632
MARK1,0.001795732098997252
MARK2,8.275924467971219
MARK3,32.088037678589565
MARK4,6.9794070195516476
MARS,140.74368435451618
MARS2,0.8000383438463242
MAST1,0.1827434519078653
MAST2,17.896059081569884
MAST3,0.41358305451008487
MAST4,0.4462088196018725
MASTL,0.10245998748796724
MAT1A,0.00043205303451044236
MAT2A,384.81136032833257
MAT2B,134.67318531667533
MATK,0.6982487208119776
MBOAT1,2.6600679603733366
MBOAT2,6.601058377378537
MCAT,9.622172415446792
MCCC1,9.859609901825825
MCCC2,25.62419638289788
MCEE,5.39882330877143
MDH1,7228.471357847092
MDH1B,0.3320436705677663
MDH2,6690.215357797584
MDM2,0.007209877820509921
MDP1,91.0075698890794
ME1,1.8901985684831648
ME2,17.546662368308294
ME3,0.08174450622340061
MECR,8.657758096405047
MED1,0.5551487741496361
MELK,0.9098479440450773
MERTK,0.026626786289672556
MET,11.052862112505762
METTL1,26.129095101125394
METTL3,14.619645434231215
MGAM,0.06418939337497791
MGAT1,65.64433680744935
MGAT2,5.164646829157748
MGAT3,0.018336021131674245
MGAT4A,0.0010614416590847085
MGAT4B,107.29114939769707
MGAT4C,0.02102039568313161
MGAT4D,0.02696149145334556
MGAT5,15.293456207834032
MGAT5B,10.993139670621241
MGLL,6.052730233226
MGMT,0.010333076329753806
MGRN1,18.19660824383114
MGST1,1793.7908134025135
MGST2,18.39094520265584
MGST3,101.3012849994423
MIA3,23.731143498666757
MIB1,3.623411209255779
MIB2,12.741447235435219
MID1,8.863716429321487
MIF,3038.8286015278486
MINK1,0.18658245595917916
MINPP1,15.775418330843237
MIOX,0.0010614416590847085
MIP,0.007463560058137129
MKNK1,6.428856177466678
MKNK2,18.369780499979928
MKRN1,30.33390209349251
MKRN2,5.809832904152364
MKRN3,1.5382835389526865
MLKL,3.733044844453553
MLYCD,2.310775117751179
MMAA,0.40551610296767926
MOCS1,2.2470534549235155
MOCS2,32.38744619359472
MOGAT1,0.001795732098997252
MOGAT2,0.06171353466959499
MOGAT3,0.06832763191888709
MOGS,64.25408840745558
MOK,23.47954523202021
MOS,0.09191795284698573
MOXD1,17.36811889335631
MPC1,11.642539717488477
MPC2,41.63622665349135
MPI,23.635872001122998
MPO,0.015738862289751448
MPST,507.50696027448583
MRPL58,25.765670368664377
MSMO1,58.89569829198135
MSRA,11.596285215127688
MST1R,0.001795732098997252
MT1A,0.015738862289751448
MT2A,386.6583791349511
MT3,0.04504682327499366
MT4,0.3354345050980549
MTAP,756.365652528772
MTFMT,5.258547694995214
MTHFD1,453.24877874691333
MTHFD1L,7.482529046918858
MTHFD2,7.143079104743108
MTHFD2L,0.9243558270840502
MTHFD2P1,0.018336021131674245
MTHFR,1.055968176519185
MTHFS,26.902134036530274
MTMR1,1.747081542626202
MTMR14,4.833415536614318
MTMR2,0.8395277989999168
MTMR3,0.1627177380130072
MTMR6,1.899894080405807
MTMR7,0.12481737457104106
MTMR8,0.02378573819259857
MTPAP,1.552859581120496
MTR,0.3934698163843282
MTRR,13.460500491551494
MTTP,0.002607685412780668
MUL1,23.13375718774364
MUSK,0.02328751946053523
MUT,0.3354345050980549
MVD,122.29172207286953
MVK,10.386203528335214
MYBBP1A,56.095767221780434
MYCBP2,0.1925965047703167
MYLIP,8.793132389167637
MYLK,8.544842449872325
MYLK2,0.05164163166635752
MYLK3,0.003482753593280577
MYLK4,0.026626786289672556
MYO3A,0.07299247231635841
MYO3B,0.002607685412780668
MYO5B,0.028074267792732335
NAA10,114.21619555247543
NAAA,0.7688370821362647
NADK,27.09146067192132
NADSYN1,10.133328714146371
NAGA,11.227775473570045
NAGK,40.49389764744096
NAGLU,22.95116954130517
NAGPA,8.238511422830213
NAGS,0.20770465737991503
NAMPT,500.8148183060932
NANP,1.7003201473800553
NANS,810.8211066757377
NAPRT,5.903747137944744
NAPSA,0.006406403172354093
NARS,2722.788332928601
NARS2,3.588022906646952
NAT1,8.004308736206845
NAT2,0.07672456450553738
NCOA1,2.459671526475963
NCOA2,0.1484696963203003
NCOA3,0.8088952516944788
NCOA6,6.408665778750708
NCOR1,0.07305944553337493
NCOR2,1.470311719000092
ND1,5.529586507238447
ND2,4724.755678620026
ND3,4380.415913334527
ND4,13232.137127866232
ND4L,17468.442298602367
ND5,886.9601643768696
ND6,1334.13269060088
NDST1,26.301128349230023
NDST2,5.854275632664472
NDST3,0.47382225111523535
NDST4,0.015738862289751448
NDUFA1,239.1692827995709
NDUFA10,100.15024073450142
NDUFA11,318.242965844569
NDUFA12,17.122088542043315
NDUFA13,835.4390454869149
NDUFA2,18.053896162532904
NDUFA3,21.153637621850933
NDUFA4,33.372645514741166
NDUFA5,52.22715019288046
NDUFA6,44.22536807963915
NDUFA7,5.300734155816031
NDUFA8,131.2486896298386
NDUFA9,43.276922317128225
NDUFAB1,257.1237813696862
NDUFB1,655.5396509716376
NDUFB10,138.35896831661543
NDUFB2,562.1910305534014
NDUFB3,124.33696745850244
NDUFB4,376.784918291151
NDUFB5,208.5449382779234
NDUFB6,14.107852718584326
NDUFB7,116.19064941802404
NDUFB8,73.806748288357
NDUFB9,27.91165265487603
NDUFC1,116.1316884730014
NDUFC2,167.89040789558302
NDUFS1,72.66070996973419
NDUFS2,52.13895605435183
NDUFS3,176.52998673434087
NDUFS4,79.22644346481056
NDUFS5,914.0030714450548
NDUFS6,15.812162080892369
NDUFS7,21.01834526883481
NDUFS8,69.93880431893291
NDUFV1,35.2056204396226
NDUFV2,174.43767505956637
NDUFV3,22.533152310119053
NEDD4,4.8711746515879675
NEDD4L,2.2949997814349348
NEK1,2.6271060412854585
NEK11,1.4085383634706041
NEK2,18.1453701277141
NEK3,0.7103511096745938
NEK4,7.792417597146079
NEK5,0.09670335925321749
NEK6,0.7841618123405801
NEK7,28.28621021289061
NEK8,0.9114182486279091
NEK9,1.5560823479462347
NEU1,83.31396328419406
NEU2,0.07868648115252536
NEU3,0.9438400437116149
NEU4,0.003482753593280577
NEURL1,0.005387825398757615
NEURL1B,1.756395864514065
NGLY1,9.300895485883926
NHLRC1,0.0010614416590847085
NIT2,616.9434030972499
NKTR,14.45532395094812
NLK,3.4955088819321034
NLN,90.30734953740064
NME1,13040.901408558131
NME2,4290.802332097872
NME3,13.23966781064415
NME4,153.59043838752817
NME6,0.6255111130063368
NME7,2.568302448691817
NMNAT1,2.4475199614202063
NMNAT2,0.5444645735930282
NMNAT3,0.04182869521897656
NMRK1,7.876948385749174
NMT1,63.40165569301396
NMT2,3.7148988920927155
NNMT,43.85622232999268
NNT,43.45702726411671
NOL9,1.6372759089517241
NOS1,0.09333363066032216
NOS2,0.0010614416590847085
NOS2P1,0.3354345050980549
NOS2P2,0.3354345050980549
NOS3,0.03556201034578978
NOX1,0.0010614416590847085
NOX3,0.002607685412780668
NOX4,0.0547863153655012
NOX5,0.004411645576314643
NPAS2,11.839589834766915
NPC1,13.346995504680516
NPC1L1,0.0010614416590847085
NPR1,0.03251858586034271
NPR2,5.775320013394598
NQO1,2869.033285384532
NQO2,227.81127576350264
NR1D1,6.152521870952689
NRF1,0.9599132226535185
NSD1,4.932985503524123
NSD2,0.2625136432321805
NSD3,13.07904917076324
NSDHL,1208.810450766791
NSF,112.88692074937539
NT5C,96.61682651740824
NT5C1A,0.058725969276404735
NT5C1B,0.007463560058137129
NT5C1B-RDH14,0.00043205303451044236
NT5C2,120.3414899851997
NT5C3A,12.235943481239765
NT5DC3,3.641346977839533
NT5E,3.1525367845633383
NT5M,1.1845896309774047
NTAN1,1.4323233311979144
NTRK1,0.12687002477806983
NTRK2,6.383448238330817
NTRK3,0.03556201034578978
NUAK2,1.0962187322977706
NUDT10,0.1027621983974426
NUDT11,3.0159573593584708
NUDT12,2.7014021004952116
NUDT2,8.657758096405047
NUDT3,4.082946421116766
NUDT4,46.76909106794222
NUDT5,134.0552484555751
NUDT9,12.874583394549626
OARD1,12.676529314776516
OAT,414.3287957683803
OBSL1,1.7780760693335365
OCRL,11.176173018956852
ODC1,7.3902842900819765
OGA,35.162450229755976
OGDH,393.2460499864705
OGT,33.127065256398716
OLAH,0.003482753593280577
OPLAH,0.7937754186028415
OTC,2.3305572451444374
OTUD5,25.488508877036676
OXCT1,228.95278073403813
OXCT2,0.001795732098997252
OXSM,6.5097627362109485
OXSR1,13.197982885491173
P4HA1,309.79738776094007
P4HA2,263.2328166705375
P4HA3,0.07988968707464672
P4HB,1881.4994576598192
PADI1,0.007463560058137129
PADI2,0.014475288728011012
PADI3,0.006406403172354093
PADI4,0.7398228267533881
PADI6,0.3354345050980549
PAFAH1B2,395.8279579179047
PAFAH1B3,336.8507805249676
PAFAH2,2.2430844282372293
PAH,1.0237857162607364
PAICS,507.4119516043736
PAK1,13.578536121820852
PAK2,110.76339953587632
PAK3,0.015029764225540436
PAK4,0.7496349497772149
PAK5,0.1843105272396382
PAK6,0.012023675940693437
PAM,3.8170351488089986
PAN2,13.001874623504083
PANK1,2.2709012651570695
PANK2,12.22424351138142
PANK3,5.515548552424664
PANK4,6.343147569113267
PAOX,0.7066414975510902
PAPOLA,6.076833284319605
PAPOLB,0.0008384151882339411
PAPOLG,1.704045542020052
PAPSS1,112.22068547935145
PAPSS2,16.78719679709132
PARP1,134.83060580163186
PARP10,2.3961818197881875
PARP11,0.2286554484620876
PARP12,1.550147298075485
PARP14,7.310466306454404
PARP15,0.00043205303451044236
PARP16,2.7096863961528124
PARP2,17.670717590508396
PARP3,23.496571411161778
PARP4,1.737504787970609
PARP6,14.049410558619547
PARP8,0.4298250884603366
PARP9,12.388275630027639
PARS2,0.6951379897028214
PASK,1.7077728013622833
PBK,16.94064223304949
PC,38.37872449948588
PCBD1,2.4272980165589804
PCBD2,4.154669219827731
PCCA,1.295455740088257
PCCB,5.895161749357866
PCK1,0.31657172263754174
PCK2,4.241405564206524
PCMT1,694.9595523217693
PCYOX1,51.399493897715985
PCYT1A,39.87164827575758
PCYT1B,4.913984015898647
PCYT2,25.86283867990034
PDE10A,0.0010614416590847085
PDE11A,0.00043205303451044236
PDE1A,0.018336021131674245
PDE1B,0.00043205303451044236
PDE1C,24.373083049668818
PDE2A,0.014475288728011012
PDE3A,0.9275967296166404
PDE3B,0.003482753593280577
PDE4A,0.8856690890073464
PDE4B,7.834656902912155
PDE4C,0.00855621754033908
PDE4D,2.042829370999649
PDE5A,14.376358097045998
PDE6A,0.00043205303451044236
PDE6B,0.05064967250254408
PDE6C,0.009681832511684923
PDE6H,1.0083333333333333
PDE7A,4.342681633774802
PDE7B,0.5444645735930282
PDE8A,8.281291149206112
PDE8B,0.09116152625675358
PDE9A,0.06147420370327074
PDF,2.066164963612998
PDGFRA,10.521650638578427
PDGFRB,8.923542057352032
PDHA1,1042.9179119487949
PDHA2,8.963593332760542
PDHB,47.861364431959544
PDHX,10.80459750910703
PDIA2,0.04024037798518834
PDIA3,7111.902190548583
PDIA4,2699.679773982187
PDIA5,101.86379030581554
PDIA6,1666.3047491488662
PDK1,0.6263999062262028
PDK2,4.932985503524123
PDK3,19.195526804377494
PDK4,0.21232038950876295
PDP1,4.518889098213773
PDP2,2.5532877532975586
PDPK1,1.226796126308329
PDPR,5.647543147012268
PDXK,26.050470682642974
PDXP,58.1109658675388
PDZD4,0.9503553860679084
PEAK1,8.539027853111522
PECR,78.35539010558114
PEMT,14.613551880918191
PEPD,29.90811017354968
PEX11A,1.6742947833954573
PFAS,99.60536144625576
PFKFB1,0.013236482267960575
PFKFB2,2.203482773572741
PFKFB3,50.20038870736506
PFKFB4,28.418079917668397
PFKL,133.94312941489588
PFKM,37.662816518486494
PFKP,991.9241123434236
PGAM1,738.675120172783
PGAM2,0.00855621754033908
PGAM5,24.09254787795869
PGAP1,1.3094719772259094
PGD,1850.48527071785
PGGHG,4.085973218663033
PGK1,3333.0269482110198
PGK2,23.296392096478
PGLS,560.6046497224163
PGLYRP1,0.32538737203659523
PGLYRP2,13.13342928945454
PGLYRP3,0.01572942767765221
PGLYRP4,0.2601296063498426
PGM1,632.9855971070814
PGM2,189.25859451643868
PGM2L1,2.4151833085877343
PGM3,162.82851938363748
PGP,39.37640327103386
PGS1,10.032579770890313
PHEX,0.11066829998702254
PHGDH,1025.5096189947192
PHKA1,0.2124113211001264
PHKA2,7.5191446108220035
PHKB,12.323774785417093
PHKG1,0.306643746403502
PHKG2,23.45238222012112
PHLPP1,2.6600679603733366
PHLPP2,3.429767980510107
PHOSPHO1,0.004411645576314643
PHPT1,136.9757447710605
PHYH,8.3830956615809
PHYKPL,5.210373529331482
PI4K2A,0.8708214481101829
PI4KA,1.4717800513937418
PI4KB,1.1574402556038972
PIGA,3.6766421630057278
PIGB,7.813530718346002
PIGC,21.210115715200306
PIGF,7.839940487963095
PIGG,25.184426010795878
PIGH,8.809409547249047
PIGK,39.25191475955713
PIGL,10.77669044346403
PIGM,2.023429504674824
PIGN,9.449522631039674
PIGO,9.010725160463831
PIGP,20.450196242695835
PIGQ,16.36700172673197
PIGS,34.189289047602976
PIGT,14.436764682888418
PIGU,2.209505178760297
PIGV,5.258547694995214
PIGW,0.3354345050980549
PIGX,3.5803717740335275
PIGY,0.3354345050980549
PIGZ,2.500275867050067
PIK3C2A,0.6802782672457454
PIK3C2B,0.5588578805552165
PIK3C2G,0.08873409730034958
PIK3C3,0.17234399982557394
PIK3CA,4.616949800923518
PIK3CB,0.5375748177207603
PIK3CD,0.8473653116287719
PIK3CG,0.0010614416590847085
PIK3R1,1.9861410872310936
PIK3R2,9.909755999169723
PIK3R3,4.819229273402572
PIK3R4,36.76498803862954
PIK3R5,0.36380950858454103
PIKFYVE,2.294806523761941
PIM1,7.4616242493687
PIM2,2.7387270427418327
PIM3,12.535154267678458
PIN1,926.3673778800655
PIN4,36.34390894428215
PINK1,8.490564771602772
PIP4K2A,3.416654158323857
PIP4K2B,0.3354345050980549
PIP4K2C,19.592364157039057
PIP5K1A,0.8905528084730223
PIP5K1B,0.0006158733115304442
PIP5K1C,6.570594181656407
PIP5KL1,0.9017425379292658
PIPOX,0.1372463925165223
PISD,0.9815891304539174
PJA1,17.412503971837996
PJA2,21.382798785781
PKLR,0.00043205303451044236
PKM,8054.0565799789865
PKMYT1,23.282776644041878
PKN1,13.652162316463004
PKN2,3.30983593954009
PKN3,1.6262072999694361
PLA2G10,0.001795732098997252
PLA2G12A,1.2409084528838235
PLA2G12B,1.1304561412675453
PLA2G15,25.61314665261725
PLA2G16,6.535093434388357
PLA2G1B,0.03449129925337993
PLA2G2A,7.81967631805218
PLA2G2C,0.3354345050980549
PLA2G2D,0.02500478423298345
PLA2G2E,0.10480083352838437
PLA2G2F,0.017105401618544066
PLA2G3,0.015738862289751448
PLA2G4A,13.207026589014234
PLA2G4B,0.6951379897028214
PLA2G4C,0.3269268465971618
PLA2G4D,0.001795732098997252
PLA2G4E,0.008146921125803865
PLA2G4F,0.3354345050980549
PLA2G5,0.08450148530759376
PLA2G6,2.3628472376377556
PLA2G7,0.025197096145693904
PLB1,0.1027621983974426
PLCB1,2.3027876532424423
PLCB2,0.10669848953466891
PLCB3,0.7582671542618603
PLCB4,0.8664687618675732
PLCD1,4.56552458468003
PLCD3,8.294328951140047
PLCD4,2.254996321581491
PLCE1,2.266922631796206
PLCG1,3.272780813166361
PLCG2,0.005387825398757615
PLCH1,0.04831846819204153
PLCH2,0.00043205303451044236
PLCL1,0.001795732098997252
PLCL2,0.005387825398757615
PLCXD2,0.0010614416590847085
PLCZ1,0.07175189323406331
PLD1,0.4271081637811105
PLD2,3.8239355664172496
PLD3,19.17224443116736
PLD4,0.025197096145693904
PLD6,0.41089003281446695
PLG,0.007463560058137129
PLIN1,0.00855621754033908
PLIN2,3.212722322865882
PLIN3,63.427393006820324
PLIN4,0.08736658754079518
PLK1,11.567765212630249
PLK2,8.84741634702146
PLK3,1.215540544420994
PLK4,9.070775829514897
PLOD1,97.56426426589412
PLOD2,274.33263708431303
PLOD3,93.691902454401
PLPBP,18.807572586996233
PLPP1,47.16706192067082
PLPP2,34.47123938499248
PLPP3,12.212546103534022
PLPP4,0.004411645576314643
PLPP5,16.743181998863594
PLPP6,1.0995884370680156
PLPP7,0.41358305451008487
PLPPR2,20.364693072431606
PLPPR3,0.10669848953466891
PLPPR4,0.004411645576314643
PLPPR5,0.012456429933028047
PLTP,7.597743946825942
PLXNB3,33.208568638535155
PMM1,8.715595316487445
PMM2,126.95008938864187
PMPCA,49.28816005416147
PMVK,129.2467985202085
PNCK,0.6559409693503381
PNKP,24.53838108521897
PNLIP,0.01735944451270558
PNLIPRP1,0.04876262171622993
PNLIPRP2,0.3354345050980549
PNLIPRP3,0.018139233522564087
PNMT,2.440112339582005
PNP,479.34416738930054
PNPLA2,16.906798628797404
PNPLA3,0.24287353240246679
PNPLA4,9.119975979847156
PNPLA6,0.9675224222000367
PNPLA7,0.1330734807007993
PNPLA8,9.571023406391717
PNPO,7.755501126509815
PNPT1,3.4589425959212137
POLA1,6.470006120671844
POLA2,5.94157065787324
POLB,13.037803347517741
POLD1,2.335528262985441
POLD2,24.11750872106331
POLD3,0.7239881616736894
POLD4,59.659630890286216
POLE,0.13675729666729816
POLE2,5.215186377238405
POLE3,66.0063034710516
POLE4,5.765112231443628
POLG,14.224779567517722
POLG2,4.1680955505997845
POLH,4.379644389026215
POLI,4.866553870276615
POLK,4.486309598455254
POLL,3.425395429241367
POLM,5.755619513405938
POLN,0.03866628114270494
POLQ,3.4210241548844187
POLR1A,1.4501726881617194
POLR1B,0.33306540535109497
POLR1C,22.099852796265537
POLR1D,45.22442833314203
POLR1E,13.897023099489564
POLR2A,1.7359213589162128
POLR2B,14.220932239115678
POLR2C,85.4915699543634
POLR2D,18.05938597639022
POLR2E,126.55306830673263
POLR2F,126.00626333534593
POLR2G,25.651657058150576
POLR2H,414.078883618087
POLR2I,25.58014971391221
POLR2J,34.60045260339731
POLR2K,89.5826558097456
POLR2L,146.70242584223482
POLR3A,0.15086749525819962
POLR3B,0.6897143547938756
POLR3C,0.8759247824337596
POLR3D,15.521652578424671
POLR3E,7.9351840907874065
POLR3F,4.842878343360983
POLR3G,0.8607723364785712
POLR3GL,18.305598872075606
POLR3K,12.558691561836755
POLRMT,3.320795310202824
POMGNT1,41.94620772670536
POMT1,19.306136846666398
POMT2,5.080812790062466
PON3,9.564900186546879
POR,141.27144822484456
PPA1,898.9854869312765
PPA2,284.56625274655113
PPARA,1.756395864514065
PPAT,10.726013041269658
PPCDC,4.463071607672987
PPCS,58.88733091519622
PPEF1,0.0044051276852017235
PPEF2,0.0475767992202525
PPIA,8358.359183722285
PPIAL4A,0.3354345050980549
PPIAL4C,0.3354345050980549
PPIAL4E,0.3354345050980549
PPIAL4G,14.599809906673197
PPIB,8498.926361603573
PPIC,82.86651168005751
PPID,501.0775836722872
PPIE,25.267466309884057
PPIF,567.7183927070517
PPIG,11.348867423708572
PPIH,1855.5415236880465
PPIL1,102.89954363146875
PPIL2,1.183303994246766
PPIL3,75.58926719582784
PPIL4,3.0291694403678595
PPIL6,0.03556201034578978
PPIP5K1,4.37502012634113
PPIP5K2,10.53860972355317
PPM1A,2.968059869986139
PPM1B,7.687048615459795
PPM1D,3.1697060559656483
PPM1E,0.002607685412780668
PPM1F,19.01737637350778
PPM1G,16.18198804061798
PPM1K,1.4085383634706041
PPM1M,4.218464782883467
PPOX,4.177243287401621
PPP1CA,164.92600061194247
PPP1CB,148.28618633262045
PPP1CC,43.55088033248671
PPP1R1A,0.00043205303451044236
PPP1R1B,0.00855621754033908
PPP1R2,55.26540110646583
PPP1R3A,0.06646892507772041
PPP1R3B,7.524378742760309
PPP1R3C,26.252346362885465
PPP2CA,151.2237329013369
PPP2CB,56.33524875203632
PPP2R1A,400.34994509530014
PPP2R1B,11.607603165725413
PPP2R2A,130.68899848819896
PPP2R2B,10.544264140493103
PPP2R2C,0.002607685412780668
PPP2R3A,3.482337874872883
PPP2R3B,8.787708201067144
PPP3CA,344.02453439183506
PPP3CB,20.16113245101482
PPP3CC,5.908699523306959
PPP3R1,92.33026313457901
PPP3R2,0.00043205303451044236
PPP4C,104.60515049956983
PPP5C,45.53852571499947
PPP6C,167.1634928285031
PPT1,12.975135955318512
PPT2,4.852345383215766
PPWD1,16.311475076605568
PRAG1,0.3354345050980549
PRDX1,31635.523157578224
PRDX2,4854.242137978793
PRDX3,100.7038131201321
PRDX6,643.3306214722551
PREP,103.88370034387434
PRKAA1,30.79606624275658
PRKAA2,0.2841874936319071
PRKAB2,4.090525744092842
PRKACA,530.0524653024866
PRKACB,37.0461173886114
PRKACG,5.25292276820224
PRKAG2,4.857080489157941
PRKAR1A,27.581197919648577
PRKAR1B,2.6889865530333896
PRKAR2A,20.220735348119284
PRKAR2B,23.42626850851954
PRKCA,7.32086822809205
PRKCB,0.002607685412780668
PRKCD,0.6261924301259199
PRKCE,0.5791516155265599
PRKCG,0.001795732098997252
PRKCH,2.4111481574344853
PRKCI,4.001727533971363
PRKCQ,0.002607685412780668
PRKCSH,691.9357824482162
PRKCZ,0.1027621983974426
PRKD1,0.5088973588504483
PRKD2,8.051949015560554
PRKD3,6.845924712195291
PRKDC,6.338093865535689
PRKG1,0.1372463925165223
PRKG2,0.007463560058137129
PRKN,0.006406403172354093
PRKX,0.45170105563222246
PRKY,1.295455740088257
PRODH,0.002607685412780668
PRODH2,0.047452249121563574
PRPF19,250.19879901102996
PRPF4,211.43823876254396
PRPF4B,30.087300877068756
PRPS1,991.9856553944951
PRPS1L1,0.003482753593280577
PRPS2,24.83301514006715
PRRT2,5.171907405298079
PSAP,28.856364775102012
PSAT1,218.7464861785571
PSKH1,8.334836991245945
PSKH2,0.11813839957802594
PSPH,1374.3614993028593
PSPHP1,0.3354345050980549
PTDSS1,47.38228653066664
PTDSS2,5.6524455226235375
PTEN,0.05638667915495481
PTGDS,0.5966769460909964
PTGES,6.048405503801438
PTGES2,63.621506346017206
PTGES3,4958.1031057363725
PTGIS,8.16268100393918
PTGR1,427.0124699381772
PTGS1,0.5399729569741384
PTGS2,0.09307273698921846
PTK2,3.2914211718175617
PTK2B,0.2548697276460437
PTK6,0.03403251133699988
PTK7,3.863567541758422
PTP4A2,3.269056675080089
PTP4A3,0.3167481397245338
PTPDC1,2.274881494295843
PTPMT1,30.04629491321326
PTPN1,28.32000220472113
PTPN11,13.96611382269749
PTPN12,3.9650847046587576
PTPN13,3.041460300225231
PTPN14,5.496054719283848
PTPN18,6.524958453867967
PTPN2,13.568415531522207
PTPN21,1.1198561888892962
PTPN22,0.06718772976653191
PTPN23,4.2464788305413625
PTPN3,0.6559409693503381
PTPN4,1.3235226308068226
PTPN5,0.10542850184070834
PTPN6,0.015738862289751448
PTPN7,0.00855621754033908
PTPN9,0.33427726987315803
PTPRA,0.2831304201805208
PTPRB,0.6921044345934859
PTPRC,0.02102039568313161
PTPRD,0.05164163166635752
PTPRE,0.7073024634205005
PTPRF,7.020596833231299
PTPRG,1.451495359964133
PTPRH,0.0434309373356292
PTPRJ,2.1365330872053963
PTPRK,5.466843622046249
PTPRM,0.00855621754033908
PTPRN,0.014475288728011012
PTPRN2,0.0010614416590847085
PTPRO,0.001795732098997252
PTPRQ,0.02378573819259857
PTPRR,6.147523431931736
PTPRS,13.85046052031212
PTPRT,0.028356430289326568
PTPRU,0.21695920013739353
PTPRZ1,1.567467000463803
PTRH1,4.310331958164543
PTRH2,1314.3282703146438
PTS,36.40396650753128
PUS1,4.26124720419033
PXDN,4.379278368711374
PXDNL,0.00043205303451044236
PXYLP1,11.480833703550616
PYCR1,71.4586479884607
PYCR2,397.4239088221917
PYCR3,4.126987639942214
PYGB,1060.9345605623316
PYGL,103.84235996147137
PYGM,0.003482753593280577
PYURF,31.33868674543731
QARS,379.12825783799406
QDPR,385.2638161574106
QPCT,0.018336021131674245
QPRT,1.2432048451825024
QTRT1,16.32324177370458
QTRT2,5.384272923676232
RAD1,4.040847859663616
RAD18,4.621631348896677
RAD9A,3.9409089942345257
RAF1,0.2918338356697727
RAG1,0.001795732098997252
RALBP1,15.490770078708124
RARS,400.8564418032196
RARS2,10.2779488121733
RBBP6,0.49300322980177586
RBKS,0.48776972210992203
RBP1,41.30758256130098
RBP2,0.44262896504099397
RBP4,0.006406403172354093
RCHY1,9.174714131233426
RCL1,4.601282619498332
RDH10,2.935524075677682
RDH11,434.4254772143238
RDH12,0.001795732098997252
RDH13,5.106289064791565
RDH14,10.150715686340565
RDH16,0.00043205303451044236
RDH5,5.844392775678566
RDH8,0.3354345050980549
REG3A,15.598236131061894
RENBP,0.015738862289751448
RET,0.00043205303451044236
REV3L,3.373024667197744
RFC5,58.0156521835967
RFK,28.202619649102402
RFWD3,14.388500244954994
RGL1,2.631221133401512
RHAG,0.00043205303451044236
RHBG,0.3354345050980549
RHCG,0.587640410203488
RING1,24.01748286940391
RIOK1,0.41533264815314475
RIOK2,0.292070366701597
RIOK3,10.228691471706679
RIPK1,4.981906237086859
RIPK2,1.4394466202469631
RIPK3,1.3679290428211677
RIPK4,0.4821796283695203
RIPOR1,18.768849126681022
RNF103,12.159939508820806
RNF115,0.3354345050980549
RNF123,5.133506639280515
RNF125,0.015738862289751448
RNF126,11.706208365734014
RNF128,0.002607685412780668
RNF13,14.516134187457947
RNF130,19.44913000855336
RNF133,0.012023675940693437
RNF138,7.451176872058314
RNF139,7.802972523627898
RNF14,38.59620906578599
RNF144A,1.9886169208452686
RNF144B,0.5102761895394812
RNF146,14.121916654950091
RNF149,0.026626786289672556
RNF152,0.07438455261101179
RNF167,59.39913719079677
RNF180,0.017556444376877818
RNF182,6.383448238330817
RNF185,9.943219038293128
RNF187,180.01303677850882
RNF19A,3.44727093706285
RNF19B,2.484015879872837
RNF2,5.463310156906773
RNF20,3.8988854415466037
RNF216,14.418865872822131
RNF217,3.2991505318212355
RNF25,11.973316058555161
RNF31,13.32909379162618
RNF40,2.565343048061568
RNF41,12.25935110167554
RNF5,23.66308347842653
RNF8,12.130736096885899
RNGTT,4.637371407152576
RNMT,38.532235028595856
ROCK1,2.792152804780701
ROCK2,6.727011776541546
ROR1,7.056683351609241
ROR2,8.35004149689438e-05
RORA,0.8664687618675732
ROS1,0.07620958327800752
RPAP2,3.477950069125628
RPE,124.12062053239683
RPE65,0.011728131313476612
RPIA,16.885025414189
RPL14,825.8979715542948
RPN1,1400.629912935298
RPN2,1060.0480991469467
RPP14,49.423526148487184
RPS6KA1,6.933823390773432
RPS6KA2,0.008752681055631595
RPS6KA3,1.9931460891560395
RPS6KA4,0.6050777366169559
RPS6KA5,2.160108367692852
RPS6KA6,1.0127564713879473
RPS6KB1,2.6820782736086315
RPS6KB2,12.429361696848781
RPS6KC1,0.49429006498863853
RPUSD4,0.4788799849095069
RRM1,55.14202909278338
RRM2,62.53456201991004
RRM2B,3.552714296730241
RTCA,15.967912916866904
RWDD2A,0.7844022102917387
RXRA,11.067413530798158
RYK,29.68734572979196
SACM1L,11.839589834766915
SAE1,629.3681775159678
SAP130,0.5040265188556708
SARDH,0.019880359025563895
SARS,263.26666585192896
SARS2,8.663163827913207
SAT1,277.70323272329233
SAT2,54.77201500160403
SBK1,0.007463560058137129
SC5D,18.736593534882342
SCARB1,27.74589989120962
SCARF2,7.566281771742732
SCD,856.706662893369
SCD5,2.504344653788295
SCLY,3.7612858501407045
SCP2,350.33904817160993
SDC1,10.73005622507028
SDHA,189.18944766472598
SDHB,274.29637534143467
SDHC,58.91428894531063
SDHD,3.626285687532607
SDR16C5,1.083761843235447
SDR42E1,0.8728581640256989
SDR42E2,0.001795732098997252
SDR9C7,0.001795732098997252
SDS,0.03556201034578978
SDSL,2.294806523761941
SEC11A,620.5945734152868
SEC11C,2.7290316476259404
SELENOI,2.7262723777520588
SEPHS1,996.7197250606432
SEPHS2,38.81703650957895
SERPINA1,1.9924781500965085
SERPINA3,6.835681323300245
SETD1A,0.12709546395452392
SETD1B,1.8393848882688337
SETD2,0.029593462057010023
SETD5,23.275998284643364
SETD7,3.5846764615281175
SETDB1,0.35303125804414
SETDB2,0.5966769460909964
SETMAR,7.310466306454404
SFXN3,1424.242263272951
SGK1,70.08610319540378
SGK2,0.007463560058137129
SGK3,0.3500941805364188
SGMS1,2.132609637298835
SGMS2,2.1916338362983665
SGPL1,12.967683739204652
SGPP1,3.9861125053032165
SGPP2,0.04182869521897656
SGSH,20.069355506084932
SH3RF1,1.8318043267584612
SH3RF2,1.3164930144409515
SH3RF3,0.003482753593280577
SHMT1,227.91962724317992
SHMT2,1298.3467670261523
SHPK,2.326769004366794
SHPRH,0.989661115751358
SI,0.18373547314711697
SIAE,6.032816810062636
SIAH1,8.431417989326858
SIAH2,11.158984297381025
SIK2,1.4947452945612003
SIK3,1.0219444112075509
SIN3A,4.6628844987037885
SIN3B,0.10476031918543606
SIRT1,4.649743410518058
SIRT2,28.474852215933762
SIRT3,12.353083798898117
SIRT5,2.0079401799920547
SIRT6,13.862499593962093
SIRT7,10.026989368814226
SLC10A1,0.7013693927428878
SLC10A2,0.058748703153154044
SLC10A6,0.11880179429376408
SLC11A1,0.017026102701259208
SLC11A2,8.885460546031625
SLC12A1,0.12604246262781418
SLC12A2,1.2245348576175148
SLC12A3,0.00043205303451044236
SLC12A4,0.40430574996192514
SLC12A5,0.319285899825604
SLC12A6,0.02334573884294581
SLC12A7,0.35555648529212075
SLC13A1,1.3898493503991496
SLC13A2,0.9791894450655247
SLC13A3,0.014475288728011012
SLC13A4,0.11870587855101114
SLC13A5,0.11163659041069766
SLC14A1,0.006406403172354093
SLC14A2,0.003482753593280577
SLC15A1,0.001795732098997252
SLC15A2,0.012023675940693437
SLC15A3,1.0626526210909095
SLC15A4,3.7033240839507733
SLC16A1,69.12118585927867
SLC16A10,0.037106715863966674
SLC16A2,8.972558687675606
SLC16A3,5.579012329440381
SLC16A7,0.6559409693503381
SLC16A8,0.005387825398757615
SLC17A1,0.06505057075080632
SLC17A2,0.014797084619435076
SLC17A3,0.0480606884147512
SLC17A4,0.016758172785412122
SLC17A5,1.327040648432713
SLC17A6,0.03561924497624714
SLC17A7,0.015738862289751448
SLC17A8,0.023326127399307364
SLC18A1,0.058656845323138175
SLC18A2,0.3167481397245338
SLC18A3,0.06214561646399096
SLC19A1,4.126987639942214
SLC19A2,1.9002856659768672
SLC19A3,0.055014487083321906
SLC1A1,0.2008249390150498
SLC1A2,0.04182869521897656
SLC1A3,1.1300217266827486
SLC1A4,0.6414579225190636
SLC1A5,131.03685986045184
SLC1A6,0.07694788869193199
SLC1A7,0.00043205303451044236
SLC20A1,93.33722656787467
SLC20A2,7.59249817677756
SLC22A1,0.005387825398757615
SLC22A10,0.10034501076203277
SLC22A11,0.20377100608576706
SLC22A12,1.368484858340572
SLC22A13,0.00043205303451044236
SLC22A16,0.004411645576314643
SLC22A18,5.559467323897883
SLC22A2,0.6215418871526734
SLC22A3,0.00043205303451044236
SLC22A4,1.1777365423881678
SLC22A5,1.4299799481254396
SLC22A6,0.3332262579895881
SLC22A7,0.3754031874781076
SLC22A8,0.6796964855365107
SLC22A9,0.11807453767167743
SLC23A1,0.014475288728011012
SLC23A2,8.706437450432917
SLC24A1,1.5128514515648865
SLC24A2,0.11485961790308995
SLC24A3,0.26971900266131565
SLC24A4,0.024774884737994034
SLC25A1,595.2622205940133
SLC25A10,17.76214245570088
SLC25A11,619.0583495411119
SLC25A12,179.53127461472792
SLC25A13,186.10793222727315
SLC25A14,15.023098892034355
SLC25A15,2.751194682425514
SLC25A16,4.126987639942214
SLC25A17,11.936255195315612
SLC25A18,0.04667608533516155
SLC25A19,1.5821056380609044
SLC25A2,0.01083826295797945
SLC25A20,5.839452780532067
SLC25A21,0.0010614416590847085
SLC25A22,8.92898531411154
SLC25A26,4.356534264251254
SLC25A27,1.2536155563168958
SLC25A28,7.8188110405448095
SLC25A29,9.842907482784264
SLC25A3,1554.021483199291
SLC25A37,10.827865633737444
SLC25A4,169.4273770004113
SLC25A5,5832.426581775491
SLC25A6,373.123078481523
SLC26A1,0.35269056445005614
SLC26A11,4.37502012634113
SLC26A2,2.431339332739622
SLC26A3,0.16226921407916228
SLC26A4,0.22396010199142408
SLC26A6,16.379509492839553
SLC26A7,0.0010614416590847085
SLC26A8,0.08247602875918052
SLC26A9,0.02378573819259857
SLC27A1,3.3695711515428384
SLC27A2,0.002607685412780668
SLC27A3,20.806237703358327
SLC27A4,2.2339568692076592
SLC27A5,1.7488950974038946
SLC27A6,0.03251858586034271
SLC28A1,0.00043205303451044236
SLC28A2,0.0599989594938462
SLC28A3,0.002607685412780668
SLC29A1,11.694626339498736
SLC29A2,0.09116152625675358
SLC29A3,0.01966772325788445
SLC29A4,0.4766043261838817
SLC2A1,43.189885637256275
SLC2A10,8.238511422830213
SLC2A11,3.416654158323857
SLC2A12,3.251550029434643
SLC2A13,0.759532409821747
SLC2A14,0.009681832511684923
SLC2A2,0.7271472329221568
SLC2A3,14.15820170153594
SLC2A4,0.018336021131674245
SLC2A5,0.05671901983089594
SLC2A6,7.185908095434046
SLC2A7,0.0010614416590847085
SLC2A8,8.592949630455252
SLC2A9,0.04182869521897656
SLC30A1,5.1767121019359035
SLC30A6,4.444501123004638
SLC30A7,15.558437834990523
SLC31A1,21.53582344385551
SLC32A1,1.4740945089441455
SLC33A1,1120.417083852073
SLC34A1,0.0010614416590847085
SLC34A2,0.0010614416590847085
SLC34A3,0.005387825398757615
SLC35A1,6.66717451647443
SLC35A2,40.80191727461472
SLC35A3,5.389122053520712
SLC35B2,2.1499426206976304
SLC35B4,6.282806331955902
SLC35C1,2.403082490780398
SLC35D1,5.234447929892792
SLC35D2,6.753860864603913
SLC36A1,2.2232634229206942
SLC36A2,0.07419499914014951
SLC36A4,6.682453472391802
SLC37A1,0.001795732098997252
SLC37A4,6.277783859202893
SLC38A1,17.11498861672515
SLC38A2,336.16399618708215
SLC38A3,22.03654331335995
SLC38A4,1.055968176519185
SLC38A5,0.13515625115232066
SLC39A7,58.28931522961472
SLC3A1,0.007463560058137129
SLC3A2,155.9815943614448
SLC40A1,1.1811619493117091
SLC41A1,16.06124684356069
SLC41A2,1.7451474707034902
SLC43A1,0.06718772976653191
SLC43A2,4.842878343360983
SLC46A1,2.0195546208451978
SLC47A1,1.0193774644781335
SLC47A2,0.031020623161175192
SLC4A1,13.592771879362395
SLC4A10,0.11066829998702254
SLC4A2,52.74437500904534
SLC4A3,1.5821056380609044
SLC4A4,0.09116152625675358
SLC4A5,0.0010614416590847085
SLC4A7,1.6345758759086932
SLC4A8,1.295455740088257
SLC4A9,0.011197717867538634
SLC51A,1.422824520472717
SLC51B,0.005387825398757615
SLC52A1,0.015738862289751448
SLC52A2,35.669830500799016
SLC52A3,0.08736658754079518
SLC5A1,0.03392241896355308
SLC5A10,0.00043205303451044236
SLC5A11,0.014475288728011012
SLC5A12,0.00043205303451044236
SLC5A2,0.02102039568313161
SLC5A3,1.4335607394387737
SLC5A5,0.00043205303451044236
SLC5A6,5.711349807237868
SLC5A7,0.07302190367296232
SLC5A8,0.00043205303451044236
SLC5A9,0.001795732098997252
SLC6A1,0.47048010012030994
SLC6A10P,0.3354345050980549
SLC6A11,0.00043205303451044236
SLC6A12,0.013236482267960575
SLC6A13,0.06160939658238241
SLC6A14,0.3354345050980549
SLC6A18,0.020564936803086797
SLC6A19,0.1185497404542115
SLC6A2,0.05126577654728052
SLC6A20,0.043270739804743864
SLC6A3,0.11152113387915114
SLC6A4,0.00855621754033908
SLC6A5,0.10319845039380167
SLC6A6,0.835108585604829
SLC6A7,0.22971773402178103
SLC6A8,100.77015892797996
SLC6A9,3.949940252475706
SLC7A1,5.452251444915815
SLC7A10,0.07438455261101179
SLC7A11,3.8643350200492654
SLC7A2,0.02378573819259857
SLC7A3,0.04448941571177317
SLC7A5,16.144538582576363
SLC7A6,3.610131283763346
SLC7A7,0.13099814350685146
SLC7A8,0.5762423925358353
SLC7A9,0.001795732098997252
SLC8A1,0.8953052223948229
SLC8A2,0.018336021131674245
SLC8A3,0.23722842177089118
SLC8B1,2.594238493186861
SLC9A1,10.313004436036985
SLC9A2,0.1184333219309036
SLC9A3,0.01083826295797945
SLC9A4,0.00043205303451044236
SLC9A5,1.1811619493117091
SLC9A7,0.7471666733791396
SLC9A8,2.822088187926762
SLCO1A2,0.1835430545458555
SLCO1B1,0.5745214485775751
SLCO1B3,0.00043205303451044236
SLCO1C1,0.09307273698921846
SLCO2A1,0.015738862289751448
SLCO2B1,0.12648687112823614
SLCO3A1,9.85404170881452
SLCO4A1,0.2966149850272245
SLK,7.0430637204122535
SMARCD3,16.85012090960259
SMG1,0.7469036027181412
SMPD1,46.39570363065203
SMPD2,1.5413166139477916
SMPD3,0.05671901983089594
SMPD4,8.033210487463043
SMS,633.7774906490855
SMURF1,7.134153824359131
SMURF2,4.828685722059988
SMYD3,11.178349537114
SNRK,1.7376577417132197
SOAT1,12.997081002161838
SOAT2,0.00855621754033908
SOD1,3624.725540004286
SOD2,36.94550283829329
SOD3,47.10333475518544
SORD,5.676971989183423
SPCS1,194.1870249578366
SPCS2,621.4671827770865
SPCS3,264.0537794310764
SPEG,16.950911386859772
SPHK1,27.59781120548247
SPHK2,1.8808771946700622
SPR,106.78563746099614
SPRYD3,10.363668115438331
SPTLC1,51.23862271075837
SPTLC2,0.9029686723999543
SPTLC3,3.895823826688521
SQLE,0.8779045933282735
SRC,5.633491367711463
SRD5A1,10.183789418625619
SRD5A2,0.3354345050980549
SRD5A3,2.5369493150585227
SREBF1,147.81896472491755
SRM,426.15696530270714
SRMS,0.002607685412780668
SRPK1,5.335459134904842
SRPK2,23.25566591687332
SRPK3,0.18722707642690478
SSH1,4.509575166609667
SSH2,10.043762713668963
SSH3,3.931882469698854
SSR4,2114.813210688467
SSU72,72.71407522589163
ST3GAL1,10.697195060776084
ST3GAL2,10.116521235376362
ST3GAL3,4.481659791627739
ST3GAL4,32.38744619359472
ST3GAL5,0.7657326450854929
ST3GAL6,9.681785908255332
ST6GAL1,0.3894922735777682
ST6GALNAC1,0.023624521325211666
ST6GALNAC2,2.0856574979383398
ST6GALNAC3,0.006406403172354093
ST6GALNAC4,9.394412693918621
ST6GALNAC5,0.028074267792732335
ST6GALNAC6,14.194508040831435
ST8SIA1,3.7255926858592625
ST8SIA4,0.07988968707464672
ST8SIA5,0.02102039568313161
STAMBP,22.286498677610435
STAMBPL1,1.4694808355986635
STARD3,30.976391274883326
STK10,0.29326111604726246
STK11,25.1430249626198
STK16,1.5230507299989604
STK17A,53.21073559712343
STK17B,0.716457386439914
STK19,9.928855097561478
STK24,19.2671806625601
STK25,4.642813329330106
STK26,1.1436083796698142
STK3,6.623114508390136
STK31,0.013236482267960575
STK32A,0.09116152625675358
STK32B,0.00855621754033908
STK32C,2.358832278579212
STK33,0.46273140153475767
STK35,3.8104907070642744
STK36,9.05438932453537
STK38,7.860924947561066
STK38L,24.421043486798897
STK39,7.805403819161087
STK4,1.257505726308922
STRA6,1.9847574064824192
STS,2.105191811100502
STT3A,59.82548067972995
STT3B,65.67871154967929
STUB1,62.41505546338378
STYK1,0.031020623161175192
STYXL1,17.972686064388302
SUCLA2,105.34215463222496
SUCLG1,507.04782407713253
SUCLG2,544.4237174368553
SULT1A1,0.49337451522648285
SULT1A2,0.02239329489562442
SULT1A3,6.994846699134481
SULT1B1,11.156590094172376
SULT1C2,0.005387825398757615
SULT1C4,0.001795732098997252
SULT1E1,1.3273511575593253
SULT2A1,3.553854432798619
SULT2B1,0.02102039568313161
SULT4A1,0.015738862289751448
SUOX,6.012918417380131
SUV39H1,6.117552339185781
SUV39H2,2.8430174829032517
SYK,0.0010614416590847085
SYNJ1,0.05293172249405869
SYNJ2,0.05110854437742775
SYVN1,0.2544521739924524
TAF1,11.665682758293872
TALDO1,129.27805479152832
TAOK1,1.7972975443574815
TAOK2,16.510972848003977
TAOK3,10.150142574766122
TARS,680.8117092714813
TARS2,0.9535576683650419
TARSL2,1.6061398619355476
TAT,0.28571233464989304
TBCB,219.39582515038222
TBK1,0.8998928779865496
TBL1X,10.792073619630163
TBL1XR1,6.292368977510592
TBXAS1,4.999622497803595
TCIRG1,13.858016977580348
TDO2,6.943411497083579
TECR,152.84634727266695
TECRL,0.11400593534832566
TENT2,12.765072551148476
TENT4A,15.707242462555245
TESK1,12.119059233166706
TESK2,0.7471666733791396
TFRC,340.8483921745574
TGDS,3.667758011377704
TGFBR1,6.769185014749165
TGFBR2,3.8823214638674246
TGM1,0.14780556640498202
TGM2,16.963519861666672
TGM3,0.12124668710309891
TGM4,0.002607685412780668
TGM5,0.04504682327499366
TGM6,0.018105422639918517
TGM7,0.0010614416590847085
TGS1,4.734312776783066
TH,0.3942180720015461
THNSL1,0.37361792138502653
THTPA,5.211629230192687
TIAM2,1.4694808355986635
TICRR,3.588022906646952
TIPARP,18.241468698079508
TK1,202.00933044778702
TK2,5.461978571406743
TKFC,9.521275618102916
TKT,286.2437836331152
TKTL1,0.09499297153011121
TKTL2,0.002607685412780668
TLK1,4.076871649860738
TLK2,0.5608186843397126
TM7SF2,1.0293274227455351
TMEM91,1.8850179774263525
TMLHE,2.251024086550247
TMX3,20.65441852612969
TNFRSF21,4.117865226999591
TNIK,6.398576032521829
TNK1,0.3894922735777682
TNK2,20.121787741847392
TNKS,5.018699149371294
TNKS2,5.442528288006118
TNNI3K,0.3354345050980549
TNS2,13.388787535932282
TOPORS,3.85534897164857
TP53RK,5.200750885387612
TPH1,0.004411645576314643
TPH2,0.08567194949607831
TPI1,32337.465170672025
TPI1P2,0.2718831591575608
TPK1,0.686046450623832
TPMT,13.82037331337223
TPO,0.00043205303451044236
TPP1,39.55775290260614
TPSAB1,2.5897220236973384
TPSB2,0.3354345050980549
TPSD1,5.340733439554472
TPST1,48.25342757338745
TPST2,7.79769465170755
TPTE,0.3354345050980549
TPTE2,0.3354345050980549
TRAF7,27.618955624676712
TRDMT1,0.8728581640256989
TREH,0.005387825398757615
TREX1,3.9734468609295264
TREX2,0.16506273456528447
TRHDE,0.00043205303451044236
TRIB3,7.472074975169107
TRIM11,6.8100882198626165
TRIM32,1.5396199592591828
TRIM33,2.5579560235484298
TRIM63,0.5828185949801588
TRIO,2.831372715846878
TRIP12,13.342383776168159
TRIT1,4.537530141793365
TRMT1,3.617630266282603
TRMT11,5.3551991443017695
TRMT1L,3.8239355664172496
TRMU,22.897133154089982
TRPM6,0.021831780053528836
TRPM7,6.2627219586026905
TSSK1B,0.20447763106973466
TSSK2,0.0231714118888251
TSSK3,0.2548697276460437
TSSK4,0.36573785822818083
TSSK6,0.1827434519078653
TST,3.1439601591852764
TSTA3,164.08497990040235
TTC3,59.49994251501139
TTK,0.44801032412623343
TTL,1.719857833419743
TTLL10,0.015657737481541003
TTN,0.00855621754033908
TUSC3,3.591184863137615
TUT1,0.18125621512793028
TUT4,12.753258641383079
TUT7,3.900326996959675
TXN,3589.0393911791652
TXN2,35.06977129440636
TXNRD1,185.18167977000076
TXNRD2,7.2636995969307225
TXNRD3,0.699030963064512
TYMP,0.7564366243241106
TYMS,539.1603436098305
TYR,0.1046323172264974
TYRO3,3.7077753594890512
TYRP1,0.00855621754033908
UAP1,49.301276237955484
UAP1L1,13.346995504680516
UBA1,558.6994355128804
UBA2,170.25569953066812
UBA3,55.32666579990971
UBA6,105.11569816250135
UBA7,15.676275785164119
UBE2A,106.00291014358525
UBE2B,79.6393575173614
UBE2C,84.62050954014008
UBE2D1,5.301990989621734
UBE2D2,24.37419228960807
UBE2D3,1461.7571930393435
UBE2D4,5.623045882652195
UBE2E1,47.342413208938495
UBE2E2,2.3088322610382077
UBE2E3,16.127934711509095
UBE2F,1.6206953368964723
UBE2G1,15.101706741067725
UBE2G2,9.454941250531226
UBE2H,244.67963752317203
UBE2I,1767.354716240905
UBE2J1,5.355172517985291
UBE2J2,23.642674198702817
UBE2K,1089.696406496378
UBE2L3,1826.9610109342457
UBE2L6,23.874040525074488
UBE2M,136.82374547786202
UBE2N,99.90844452982898
UBE2NL,0.3354345050980549
UBE2O,8.345555628752116
UBE2Q1,6.971022582778739
UBE2Q2,1.0930406269046808
UBE2QL1,0.02621204836689679
UBE2R2,5.390902157666319
UBE2S,416.61073204974053
UBE2T,19.511156409835333
UBE2U,0.023784263818109993
UBE2W,4.937738496173565
UBE2Z,77.77242239294905
UBE3A,15.943311518591257
UBE3B,5.623045882652195
UBE3C,6.378185113618002
UBE4A,0.3970477927262753
UBE4B,4.273010454244255
UBLCP1,51.844639233993036
UBR1,0.3639850171408345
UBR2,1.5313035663934569
UBR3,0.022758647822832052
UBR4,17.61611552068245
UBR5,1.1200548663734997
UBR7,26.45457791714488
UCK1,14.72353649841354
UCK2,7.760071700356304
UCKL1,21.575783947366265
UCP1,0.058364989262093596
UCP2,9.262450732136772
UCP3,0.11066829998702254
UEVLD,3.3773818368128996
UGCG,5.061682286783911
UGDH,112.53515491537163
UGGT2,6.9845527118655895
UGP2,2403.480425535714
UGT1A1,0.01083826295797945
UGT1A10,0.001795732098997252
UGT1A3,1.0114790584917612
UGT1A4,0.0951329295757727
UGT1A5,0.00043205303451044236
UGT1A6,0.15508814451034517
UGT1A7,0.817507176308654
UGT1A8,0.1293154038699776
UGT1A9,0.11549856641655931
UGT2A1,0.3354345050980549
UGT2A3,0.0010614416590847085
UGT2B10,1.2536713325042186
UGT2B11,0.23720441855058141
UGT2B15,0.6704297803167216
UGT2B17,0.6033232516115735
UGT2B28,0.6936387983112186
UGT2B4,0.7544150219594951
UGT2B7,0.003482753593280577
UGT3A1,0.12021469926971337
UGT3A2,0.004411645576314643
UGT8,0.04504682327499366
UHMK1,18.446866235271827
UHRF1,0.3354345050980549
UHRF2,8.14244289946297
ULK1,4.351915599104868
ULK3,8.836553441309691
ULK4,0.7012141901644189
UMPS,220.12158340135963
UPB1,0.0010614416590847085
UPP1,15.48602224980143
UPP2,0.3354345050980549
UPRT,6.702655365545405
UQCR10,48.831676814895246
UQCR11,66.18621665164395
UQCRB,705.3718268874944
UQCRC1,1669.3289173496487
UQCRC2,2808.507541769402
UQCRFS1,273.0413362302266
UQCRH,234.58458354890908
UQCRQ,210.52026059487088
UROC1,0.005387825398757615
UROD,106.73530271159085
UROS,35.34879367078411
USP1,19.150420286430858
USP10,6.5934724359609405
USP11,44.07574282839174
USP12,2.8597863544324573
USP13,7.372928533045123
USP14,118.24957275269834
USP15,3.855211616049662
USP16,16.267018405108633
USP17L2,0.001795732098997252
USP17L22,0.04998256910149056
USP17L30,0.050968258904732194
USP17L5,0.050968258904732194
USP17L9P,0.3354345050980549
USP18,4.809777069106261
USP19,0.823607053038421
USP2,0.36573785822818083
USP20,4.602911675722518
USP21,9.681785908255332
USP22,68.19044584955334
USP24,0.8989193919224198
USP25,0.10349448846920276
USP26,0.08118014005684498
USP28,6.307932471938691
USP29,0.08228852752006045
USP3,0.6065268492018062
USP30,0.1568139400510391
USP31,1.1845896309774047
USP32,0.862474375654564
USP33,20.075907823215232
USP34,26.629199961973573
USP35,1.5419245991195627
USP36,10.98743104062092
USP37,1.365879117562753
USP38,1.2884605905275632
USP4,2.0918777909293387
USP40,0.4781846865561278
USP41,4.937738496173565
USP42,2.0895610250432433
USP43,0.00043205303451044236
USP44,0.00043205303451044236
USP45,1.8697785349870952
USP46,1.6928749610714864
USP47,3.8534747068957875
USP48,0.46959760281977075
USP49,0.6739671919521948
USP51,0.13547026335079093
USP6,0.017026102701259208
USP7,28.497697394949792
USP8,0.7595415961987106
USP9X,6.225571086134129
USP9Y,10.510348055488432
UST,1.1130908645999535
UXS1,41.60525750810903
VARS,124.78395003182011
VARS2,51.618103041513216
VKORC1,433.47615403050406
VNN1,0.0010614416590847085
VNN2,0.0010614416590847085
VNN3,0.3354345050980549
VRK1,64.65315635899658
VRK2,3.656528263491261
VRK3,15.999010392437894
WARS,1080.8590569397163
WARS2,5.274333444503244
WDYHV1,12.523389410982274
WEE1,9.482623959191141
WEE2,0.017169555008959787
WNK1,3.953533696010062
WNK2,0.02378573819259857
WNK3,0.5444645735930282
WNK4,0.07620958327800752
WWOX,6.570594181656407
WWP1,6.097590251712852
WWP2,0.18916976845933028
XDH,0.10528050456537424
XPO6,0.6700948208337457
XPO7,22.64085926064882
XYLB,1.0995884370680156
XYLT1,0.0010614416590847085
XYLT2,14.631834284521734
YARS,1942.5041746369402
YARS2,14.899892789998537
YES1,18.58838159996051
ZADH2,2.3909956010260696
ZAP70,0.325801167368718
ZC3HAV1,3.0161957960984855
ZNRD1,3.3887582694780503
ZNRF1,4.190973490643327
ZNRF2,3.291574914223276
ZSWIM2,0.017026102701259208
