A4GALT,17.19814860725081
A4GNT,0.0019975926330591375
AACS,250.81780290083015
AADAC,0.1928827681946058
AADAT,0.5129596936694074
AAK1,36.029953247874644
AANAT,0.003926349785449331
AARS,871.97169123314
AARS2,3.5010980353662777
AASDH,2.8425163206770914
AASDHPPT,9.196792620633808
AASS,0.27657059684712787
AATK,0.06404614868475379
ABAT,2.122089538724146
ABCA1,3.5225680557097534
ABCA3,19.178627603950858
ABCA4,0.003926694048349308
ABCA8,0.016864802194571423
ABCB1,0.44491249184272047
ABCB11,0.0005587296085264936
ABCB4,0.06529203652464974
ABCB6,1.1742213053710027
ABCC1,0.2707659924174301
ABCC11,0.00906989131623216
ABCC2,0.010008207525740909
ABCC3,0.180081005430628
ABCC4,10.450324700410796
ABCC5,41.91417687740256
ABCC8,0.7844621664175246
ABCC9,0.4020342677312073
ABCD1,8.751731984628195
ABCD2,0.06430811801512011
ABCD3,90.64936048780193
ABCG2,0.8950878606227943
ABCG5,0.011391719544938476
ABCG8,0.007012652680831119
ABHD12,97.91048434327152
ABHD5,7.404435236195943
ABHD6,27.775237912463798
ABL1,19.31501430784711
ABL2,0.2789378634523715
ABO,1.6708412828712063
ACAA1,95.49978777564414
ACAA2,190.95492798385195
ACACA,6.80886010489248
ACACB,18.455634904443684
ACAD10,15.499701367399757
ACAD11,0.06763942085733207
ACAD8,52.88961228133774
ACAD9,339.2543292403792
ACADL,17.961207387061002
ACADM,54.88123491837058
ACADS,197.2101471690225
ACADSB,118.58079397575534
ACADVL,681.7279321559838
ACAT1,363.3121368274588
ACAT2,5.2772041525023745
ACE,1.6736126841821728
ACE2,0.002023236794820652
ACER1,0.16791837461055348
ACER2,0.08552013383207849
ACER3,2.551593481844587
ACHE,2.882400914465886
ACLY,9.732444013298005
ACMSD,0.10128708703117019
ACO1,42.73959673907645
ACO2,251.35252553343284
ACOT1,14.904274376124459
ACOT11,26.989266397300238
ACOT12,0.09846384054416166
ACOT13,3.8710187856210445
ACOT2,23.038045784203636
ACOT4,15.126370913236672
ACOT6,1.3407404194395418
ACOT7,27.834988153013416
ACOT8,42.304059722638264
ACOX1,1.9747717063138797
ACOX2,0.05408029258052335
ACOX3,13.462401842941896
ACP1,7715.122521533003
ACP2,10.468460504746862
ACP4,0.0036202735317779565
ACP5,4.5490780785184395
ACP6,11.59316160003021
ACP7,0.44999467512671487
ACPP,0.0074389460638281755
ACSBG1,0.0878172939194991
ACSBG2,0.016703338937985132
ACSF2,11.121282867238614
ACSF3,7.441281360581456
ACSL1,855.1277751683994
ACSL3,10.884062969524527
ACSL4,3.9930186113260024
ACSL5,0.9707889095998818
ACSL6,0.17144068887534483
ACSM1,0.013075302792198063
ACSM2A,0.012552942474027556
ACSM2B,0.013214451738210628
ACSM3,2.125628275517323
ACSM4,0.04436778413537051
ACSM5,0.1288015321950295
ACSS1,106.52461471598788
ACSS2,67.56771374170168
ACSS3,0.2607871721194215
ACVR1,61.980822677276386
ACVR1B,29.254618201564327
ACVR1C,0.08267707044194936
ACVR2A,5.173505719881341
ACVR2B,0.32839604053490334
ACVRL1,2.705961965932003
ACY1,46.566094110978916
ACY3,0.8091597480556664
ACYP1,12.423631372465787
ACYP2,17.44416005668264
ADA,0.20641745292636424
ADCY1,28.082951155215454
ADCY10,0.003751854422781637
ADCY2,0.030639511069838875
ADCY3,0.9729009555008901
ADCY4,1.0564522747632055
ADCY5,0.02722698151938128
ADCY6,14.440501575444268
ADCY7,10.079624403029813
ADCY8,0.0006793384307286822
ADCY9,14.034096113590136
ADH1A,15.260920881477592
ADH1B,0.006955608051435526
ADH1C,0.0025309721589936644
ADH4,0.0017320441999436624
ADH5,332.56213713372557
ADH6,1.8200515029040716
ADH7,0.20439822093662713
ADHFE1,9.954491181095538
ADI1,260.2832599235935
ADK,17.521165488978586
ADO,9.864571999139175
ADPGK,61.35285846842205
ADPRH,4.65748413348015
ADSL,251.95948761226282
ADSS,182.96526198998868
ADSSL1,2.5258929186637746
AFMID,0.6789459891181107
AGA,90.85254860616857
AGK,9.94711593822784
AGL,0.8100614525852841
AGMAT,0.23550308279959684
AGPAT1,0.9200758607850865
AGPAT2,274.0047544134872
AGPAT3,52.65702457427136
AGPAT4,0.720393460293641
AGPAT5,349.6949277996495
AGPS,14.560701616390817
AGT,0.14521956636681987
AGXT,0.03295109798089259
AGXT2,0.013461880901532395
AHCY,2747.6340172667565
AHCYL1,45.75162182246687
AHCYL2,15.548662617742309
AICDA,0.02460038993500046
AK1,2806.912185653271
AK2,381.31821299451997
AK3,19.34397522754315
AK4,2.2081791136506896
AK5,0.01063791624585868
AK7,0.08609581245326858
AKR1A1,169.16455051675166
AKR1B1,154.36531054223428
AKR1B10,1.7328366357799747
AKR1B15,2.0793115605776
AKR1C1,183.36864495924698
AKR1C2,6.903291422713356
AKR1C3,4.278138418951228
AKR1C4,0.01971124715494576
AKR1C8P,0.3354345050980549
AKR1D1,0.07598534299210133
AKR7A2,125.23151203481115
AKR7A3,71.09313820544166
AKT1,14.98405550396266
AKT2,4.322709201696037
AKT3,7.88910808368141
ALAD,276.9817591969331
ALAS1,97.79970291656676
ALAS2,0.0015721475932787559
ALB,0.006033542362021236
ALDH18A1,101.17177605217003
ALDH1A1,98.76271514242599
ALDH1A2,91.645492317489
ALDH1A3,5.259582287287655
ALDH1B1,2.244388349580718
ALDH1L1,98.61583295504506
ALDH1L2,0.015517649833387413
ALDH2,82.73278067782014
ALDH3A1,0.014622308691969437
ALDH3A2,86.99651700768361
ALDH3B1,0.6195436394174484
ALDH3B2,0.0011682451776959216
ALDH4A1,12.506262524507196
ALDH5A1,3.5037203220693005
ALDH6A1,7.660749841623203
ALDH7A1,7.603283826260288
ALDH9A1,413.86900049600195
ALDOA,27470.007815428828
ALDOB,0.624687515687213
ALDOC,0.6477201249984795
ALG1,7.213388382773628
ALG10,0.5851592334833384
ALG11,0.682974979513438
ALG12,30.270293248517877
ALG13,3.616379103883834
ALG14,6.044116267532214
ALG1L,0.5974068367216039
ALG1L2,0.3354345050980549
ALG2,124.16104632694235
ALG3,1.8830785550821991
ALG5,33.050981694939566
ALG6,2.4880470904351966
ALG8,15.001415705450098
ALG9,3.091803968782858
ALK,0.008577648238433707
ALLC,0.0025964487229571866
ALOX12,0.22131964850360727
ALOX12B,0.0012815731153918617
ALOX15,0.0011710413965155958
ALOX15B,0.08337633601968447
ALOX5,0.6714455391733883
ALPG,2.1334538652401167
ALPI,0.09522613776587274
ALPL,2.7838959060810016
ALPP,0.0010759137724299097
AMACR,28.479386721816503
AMD1,12.04392310636372
AMDHD1,0.006439227129399677
AMDHD2,12.989450095772714
AMFR,2.628389436736708
AMHR2,0.06348622862741445
AMN,0.06991209415724413
AMPD1,0.11167496795558433
AMPD2,1.0299492105406942
AMPD3,29.623219541062902
AMT,5.129107786416191
AMY1A,0.00041060937391211496
AMY1B,2.6438139326066277
AMY1C,2.6438139326066277
AMY2A,0.03207193810914217
AMY2B,1.5894740005449468
ANAPC11,56.46559170744522
ANGPTL4,2.839995183331892
ANKRD1,0.007125792796997629
ANPEP,0.08155218188518248
ANXA3,692.0786598891381
AOAH,0.3749341172822979
AOC1,0.022327631781835014
AOC2,0.14815903300780817
AOC3,2.1811793117792933
AOX1,0.6279562027939737
APOA1,0.004786105241712355
APOA2,0.04465277447841798
APOA5,0.11645175048604357
APOB,0.0008235445164493161
APOC1,355.11525836424283
APOC2,27.211319250515267
APOC3,46.87519708233557
APOE,3369.7999016369217
APRT,3365.4747309349527
AQP1,46.43241114892186
AQP10,0.001968984882929614
AQP2,2.053743019254548
AQP3,0.9570192542489317
AQP4,0.001214756881601002
AQP5,0.01523363697717134
AQP7,2.4846029082193515
AQP8,0.007181823647488287
AQP9,0.005969482834016331
ARAF,1.1713880970843342
ARCN1,276.82787379818825
ARG1,0.006043905421002236
ARG2,56.05442243915389
ARSA,13.877849943997143
ARSB,1.1703151262742846
ART1,0.00715371065938169
ART3,0.0020616681172246484
ART4,0.6605953935056178
ART5,0.7491262624770008
AS3MT,0.42272305770671587
ASAH1,161.93979754468552
ASAH2,0.03628414613805233
ASH1L,0.0075934022295437355
ASL,418.1725065450965
ASMT,0.0566304971118221
ASNS,441.98789548529004
ASPA,0.0744245571383173
ASPG,0.025151053831313528
ASPH,19.325529612822212
ASRGL1,1.8874990407714354
ASS1,16.702392294989437
ATE1,2.8745454693195494
ATIC,316.42719849158317
ATM,0.3939565946673602
ATP10A,0.02479669444251732
ATP11A,1.163884453148921
ATP11C,2.6787388957766405
ATP1A1,1018.990152869318
ATP1A2,1.2181983055662073
ATP1A3,1249.692004201571
ATP1A4,0.2108862394354302
ATP1B1,4433.400860751168
ATP1B2,0.2429034450590942
ATP1B3,38.24119251750746
ATP1B4,0.022899969837447232
ATP2B1,11.137130920389136
ATP2B2,20.205766866650176
ATP2B3,0.005356252431016375
ATP2B4,16.63662711170298
ATP4A,0.00644155124516594
ATP4B,0.024763264440124753
ATP5F1A,124.53265572432873
ATP5F1B,167.30632217246165
ATP5F1C,21.50971022167614
ATP5F1D,155.46511749348954
ATP5F1E,125.55773209538297
ATP5MC1,4.311892001287344
ATP5MC2,2.868050998110428
ATP5MC3,5.997867959791037
ATP5ME,117.38991896387836
ATP5MF,1.481717785000078
ATP5MG,179.57272888452187
ATP5MGL,23.718922705117464
ATP5PB,5.524565248774745
ATP5PD,6.7181129554220975
ATP5PF,4.959033242795014
ATP5PO,42.13932100131758
ATP5S,0.3354345050980549
ATP6V0A1,0.5249891739785774
ATP6V0A2,0.6155516167527199
ATP6V0A4,483.46239255842613
ATP6V0B,2046.7925025099457
ATP6V0C,6487.096721398016
ATP6V0D1,1254.243466657134
ATP6V0D2,2091.6619678347874
ATP6V0E1,1175.6867360679223
ATP6V1A,1352.0479813179861
ATP6V1B1,4848.54981976228
ATP6V1B2,493.39487506156917
ATP6V1C1,21.86880277699324
ATP6V1C2,64.90768297440773
ATP6V1D,379.70545824187593
ATP6V1E1,367.4040634221911
ATP6V1E2,0.6092415397862215
ATP6V1F,198.96913312091405
ATP6V1G1,118.31579323609125
ATP6V1G2,0.008744841600878683
ATP6V1G3,1.5780994030082858
ATP6V1H,77.84112429848234
ATP7A,10.320693633744696
ATP7B,0.4489485478419357
ATP8A1,4.324794168833163
ATP8B1,21.303391587725464
ATP8B2,0.2694323967592067
ATR,0.030682100674332198
AUH,32.027561178120095
AURKA,0.08975890959777802
AURKB,0.16714924461588535
AURKC,0.28570151357026546
AWAT1,0.006587406792806033
AWAT2,0.6905945531355334
AXL,0.009919077135893758
AZIN2,0.7963414524148358
B3GALNT1,7.193049987621739
B3GALNT2,4.30383283460077
B3GALT1,0.3354345050980549
B3GALT2,0.01780573050208435
B3GALT4,1.0765609355509844
B3GALT5,0.1389037682866976
B3GALT6,6.195525179780505
B3GAT1,0.0019179409413680425
B3GAT2,0.18502305591754267
B3GAT3,59.52362001926027
B3GLCT,0.7866139610071975
B3GNT2,35.73082537303657
B3GNT3,0.10673988005158795
B3GNT4,0.059962392790195274
B3GNT5,3.1575459153777516
B3GNT6,0.010165632127674297
B3GNT7,0.2286698778848653
B3GNT8,39.122485673374804
B3GNT9,3.625225416102476
B3GNTL1,2.7682723613451303
B4GALNT1,0.4634046200075509
B4GALNT2,8.056394382852705
B4GALNT3,37.93633023028591
B4GALNT4,0.005025915529870588
B4GALT1,34.6912435588098
B4GALT2,26.98143043438303
B4GALT3,13.633245715083138
B4GALT4,8.835903931446484
B4GALT5,11.552459325609734
B4GALT6,8.06186460327364
B4GALT7,53.44280025019683
B4GAT1,2.277812689362301
BAAT,0.006514345917703459
BARD1,0.053722968636865924
BBOX1,0.026633659631752675
BCAP31,3062.916066163259
BCAT1,0.4979393304073428
BCAT2,37.18663226322898
BCHE,0.007825104130377573
BCKDHA,23.14715169184896
BCKDHB,6.315505931108299
BCKDK,48.53537488498901
BCO1,0.06461878427195712
BCR,1.5825331297961596
BDH1,45.373327053821434
BDH2,10.174677349508423
BHMT,0.12346598867838317
BHMT2,0.10617130521086496
BIRC6,3.0077797475429233
BLK,0.002986299538931394
BLVRA,281.3446681794656
BLVRB,2266.6251394613064
BMP1,1.232290557861196
BMP2K,0.5491877210747905
BMPR1A,2.7871012672522566
BMPR1B,184.9997423581581
BMPR2,14.320013638843806
BMX,0.09241214113766778
BPGM,96.20706434664541
BPNT1,10.74459292334077
BRAF,2.146921071441219
BRAP,0.26294038623130267
BRPF1,6.187714922925187
BRSK1,0.016494715005924067
BRSK2,0.01997367865898276
BSCL2,3.1692702100212937
BSG,948.3409860622636
BTD,9.241272718316216
BUB1,0.96490409903393
BUB1B,0.022907853364108013
C1GALT1,8.436656143127356
CA1,0.3354345050980549
CA12,7900.595119739188
CA13,53.009268792158245
CA14,0.060567679602402016
CA2,3570.1347263494454
CA3,0.6005959669546996
CA4,1.3499668984136772
CA5A,0.08417582761312976
CA5B,0.3968159363056912
CA6,10.425839500790367
CA7,0.027320188739466747
CA8,34.04399611537965
CA9,0.009689200395696138
CAD,16.000074985349723
CALM1,175.33329323798492
CAMK1,1.5862108172078055
CAMK1D,3.0336211179466384
CAMK1G,0.015865507710915203
CAMK2A,0.0005399218479850903
CAMK2B,0.46373222098921946
CAMK2D,381.0073339068788
CAMK2G,3.5548838589915683
CAMK4,0.028425134341260375
CAMKK1,1.786359450963589
CAMKK2,17.391705082622924
CANT1,13.071361535086544
CARM1,11.020154574730018
CARNS1,0.1421239291815139
CARS,48.55083881740982
CARS2,19.322843581471982
CASK,9.059362556526615
CAT,675.9829817376261
CBLC,10.347402271746088
CBLL1,5.791074599325959
CBLL2,0.027434690025870352
CBR1,614.1714015004936
CBR3,208.4316263658819
CBR4,111.7911135861148
CBS,3.2139241444225055
CBSL,0.3354345050980549
CBX1,45.177886567016074
CCNB1IP1,166.68690128000492
CD36,5.418554076436791
CD38,0.014786274577916848
CDA,1225.2490467593905
CDC14A,1.4183788050880672
CDC14B,12.47646781521858
CDC25A,0.6496851606227757
CDC25B,4.57973591338409
CDC25C,0.07458602524986783
CDC34,8.847241842561504
CDC42BPA,1.7596772031792836
CDC42BPB,5.408349854914116
CDC42BPG,29.68314154567039
CDC7,0.30634746518014033
CDIPT,445.21238119204526
CDK1,0.5852609443335292
CDK10,23.860495839273554
CDK11A,2.0440311197256764
CDK11B,6.369021491863891
CDK12,2.3702699357451675
CDK13,8.091055236057302
CDK14,1.17255918467631
CDK15,0.0024084805153266205
CDK16,141.61224128804508
CDK17,3.9046333968822284
CDK18,0.34062668362384363
CDK19,0.727766313313109
CDK2,3.5847062745546125
CDK20,2.11605967226193
CDK3,1.5727061588340354
CDK4,11.651910812875132
CDK5,28.414473773529135
CDK6,8.283401073462853
CDK7,45.100336208696476
CDK8,3.5039775939239175
CDK9,46.90048680696136
CDKL1,4.228252491973049
CDKL2,2.9648950183501843
CDKL3,0.15603868666982995
CDKL4,0.0124926335095224
CDKL5,0.08254660633191381
CDKN3,1.5853238755499106
CDO1,0.04333045320486822
CDS1,40.82994141076241
CDS2,14.259042230315563
CDY1,0.256335927830294
CDY1B,0.256335927830294
CDY2A,0.04923577690024244
CDY2B,0.04923577690024244
CEL,0.048016180362632666
CEPT1,9.645506790526726
CERCAM,2.212460664201643
CERK,5.9488309495851945
CERS1,0.07787429560499605
CERS2,195.77531072053537
CERS3,0.204503049429499
CERS4,43.1614823618892
CERS5,27.486469585813808
CERS6,0.7605886629582843
CES1,0.7270382164399825
CES2,59.24690468876287
CES3,0.010685385564930618
CES5A,0.08097042297636682
CFTR,19.472662614476235
CH25H,0.6942395077023235
CHAT,0.014545141103376102
CHD9,4.263983882372704
CHDH,17.146580310127813
CHEK1,0.37530941078939173
CHEK2,0.13604200372916747
CHFR,4.767274929355825
CHI3L1,6.816432118175889
CHIA,0.34819723870797287
CHIT1,0.22691215487373678
CHKA,6.935004707464677
CHKB,0.2540853872218368
CHMP4A,70.58658405673226
CHPF,114.18661727015116
CHPF2,31.769004276240484
CHPT1,125.12319458789274
CHST1,0.11163614137412113
CHST10,2.3347034437442407
CHST11,0.44996787456393883
CHST12,17.614655583412222
CHST13,0.07532524740885266
CHST14,0.7019040052862431
CHST2,26.033027485650468
CHST3,15.741101899943537
CHST4,0.008440260764148418
CHST5,0.017633180693396137
CHST6,0.0014319179267962025
CHST7,3.74602362147494
CHST8,0.004351519833985703
CHST9,0.0013577653871739653
CHSY1,7.068721460936136
CHSY3,1.541798553318422
CHUK,1.2627295592376095
CHURC1-FNTB,0.002589536162348522
CIDEA,0.002303595136485494
CINP,1.9794938090537364
CIT,14.04453895585591
CKB,6434.626083789368
CKM,0.02175190167831173
CKMT1A,46.509278657024176
CKMT1B,40.69583365131427
CKMT2,532.2186682640794
CLC,1.416608020365395
CLCF1,0.8321188481638006
CLK1,1.509928669190795
CLK2,4.799461689846797
CLK3,1.0806310196994426
CLK4,0.40950623835743144
CLOCK,1.7399828297574451
CLPS,0.00713972745939618
CLTRN,0.5786685643266595
CLYBL,7.592667893666584
CMA1,0.005689777024092007
CMAHP,0.10552806960494517
CMAS,38.32747362394737
CMPK1,415.04375721023507
CMPK2,0.947876148076092
CMTR1,4.115778316984253
CNDP1,0.0036870791584787403
CNDP2,123.22906461226472
CNOT4,4.008550163712624
CNP,10.25754014618122
COASY,700.1799605545312
COL4A3BP,2.7643613580333626
COLGALT1,4.827811645801103
COLGALT2,0.08819212596505183
COMT,121.94736438810848
COMTD1,2803.5288380740335
COP1,0.4785008438550989
COPA,141.87397964678794
COPB1,234.26185554380365
COPB2,79.48176124943268
COPE,1832.6133495081876
COPG1,347.0779489132311
COPG2,64.89316089034112
COQ2,6.371789103000453
COQ3,20.508015738319088
COQ5,3.712960445133727
COQ6,24.166701400130673
COQ7,0.6466984121084824
COX1,7.766401376158287
COX17,109.50794746131879
COX2,5.3369352212394165
COX3,0.33446363282071023
COX4I1,9808.357450897507
COX4I2,2.675688886610867
COX5A,2476.9861705452577
COX5B,4536.682220640856
COX6A1,107.48564398821661
COX6A2,1.192347071943536
COX6B1,486.4420886143101
COX6B2,0.0021657464873674885
COX6C,807.8283088152003
COX7A1,656.250367381678
COX7A2,117.50523636548594
COX7A2L,674.0661977054768
COX7B,4019.058671387452
COX7B2,0.009119984519064232
COX7C,1450.1701850419681
COX8A,5810.945821889341
COX8C,0.009385568533473124
CP,0.001139377684139623
CPA1,0.006410301037064956
CPA2,0.002888524323083048
CPA5,0.009653279285552808
CPA6,0.04429160813626003
CPOX,80.24300947317053
CPS1,0.0445039722171006
CPT1A,2.0035432194426117
CPT1B,0.3523937826517966
CPT1C,0.06570485002251918
CPT2,111.61243215016437
CRAT,48.49584580530657
CREBBP,0.2376640240679798
CRLS1,20.563066532816336
CROT,4.657186828729432
CS,13055.033053148167
CSAD,2.9637087466493672
CSF1R,5.506340374769113
CSGALNACT1,33.329041268814414
CSGALNACT2,2.311581609882999
CSK,25.05759941213974
CSNK1A1,69.27314402601324
CSNK1A1L,0.0756733044458814
CSNK1D,33.82604089877453
CSNK1E,2.683775778265927
CSNK1G1,1.6424420819134389
CSNK1G2,33.017231888095786
CSNK1G3,8.170209329668879
CSNK2A1,374.0551284721428
CSNK2A2,456.7086617838464
CSNK2B,32.52415216827387
CTBP1,220.63290335032906
CTDP1,2.156431801650089
CTDSP1,185.43054965171544
CTDSP2,93.26777278606443
CTDSPL,69.9837548627271
CTDSPL2,1.1725180302876084
CTGF,0.3354345050980549
CTH,0.9942797395454983
CTPS1,0.2774814774265704
CTPS2,1.7557970110133292
CTSA,1003.8844754570669
CTSB,554.4301129199772
CTSC,20.081407768438925
CTSD,33984.14464563327
CTSE,0.0036234307082148474
CTSF,20.5550484783819
CTSG,11.536222620817302
CTSH,641.50030842801
CTSK,0.18694479256972696
CTSL,22.309476873829027
CTSO,5.295139399700766
CTSS,6.352917718034772
CTSV,0.5139622638412911
CTSW,2.676598160669616
CTSZ,13.523821208128677
CUBN,0.017192161032657218
CWC27,12.70928159593762
CYB5D1,2.615808444553951
CYB5R1,82.03254388230626
CYB5R2,25.474622822640875
CYB5R3,3224.2719906919747
CYBB,1.054222279011426
CYBRD1,28.364452302199254
CYC1,2711.4384481768566
CYLD,3.1020017522860486
CYP11A1,12.427559936316126
CYP11B1,0.8426372984421979
CYP11B2,0.08105018928386314
CYP17A1,0.050237160912301466
CYP19A1,0.0024627578735900916
CYP1A1,0.01213759999226773
CYP1A2,0.0039465219459120385
CYP1B1,0.27350871101852253
CYP21A2,0.1014757002698907
CYP24A1,0.0071931239176246465
CYP26A1,0.0012968664038734458
CYP26B1,0.029869228625917472
CYP27A1,2.2822286295834924
CYP27B1,8.875354714198625
CYP2A13,0.04638837469548625
CYP2A6,0.002007780561450536
CYP2A7,0.0014351300742785997
CYP2B6,0.002418621858221519
CYP2C18,0.0012538265397746017
CYP2C19,0.1750227487879086
CYP2C8,0.1248221549135013
CYP2C9,0.13627582512980346
CYP2D6,0.10847853429589954
CYP2E1,0.094804392077822
CYP2F1,0.004678637649148528
CYP2J2,0.02288677060500161
CYP2S1,0.06399802475648428
CYP2U1,2.777533239905705
CYP39A1,0.22073269310775076
CYP3A4,0.008798184892266855
CYP3A43,0.009147022999499498
CYP3A5,0.043558861149158724
CYP3A7,1.6893870977382126
CYP46A1,0.35383716399302406
CYP4A11,0.005123517272483996
CYP4B1,0.018870535677513463
CYP4F11,2.4396023385457863
CYP4F12,0.024114015441932844
CYP4F2,0.0013814590135134699
CYP4F22,0.014788094552234985
CYP4F3,0.0023385984425142
CYP4F8,0.3354345050980549
CYP4V2,64.72134485227747
CYP4X1,9.008825069172714
CYP4Z1,0.004424932594222238
CYP51A1,296.5452971839572
CYP7A1,0.004396286897543378
CYP7B1,0.06768903169941304
CYP8B1,0.005634329298408779
CYTB,10.283962318241796
DAD1,907.0394488555834
DAGLA,0.04073437002579871
DAGLB,4.799371539911697
DAO,0.013548618356713896
DAPK1,0.19150936785108016
DAPK2,1.1144439427907809
DAPK3,4.127317701147493
DARS,3614.8708609199675
DARS2,4.906473314127262
DBH,0.006704133602363838
DBI,188.58963554413052
DBT,3.8907505860595837
DCK,13.44367226353805
DCLK1,0.61236677858452
DCLK2,16.785417532048687
DCT,0.45229416967959896
DCTD,31.851509041160025
DCTPP1,66.60692390239156
DCXR,436.65633622620885
DDAH1,93.06059776305725
DDAH2,19.48135639652493
DDC,0.015726339973524434
DDO,0.05639602751567807
DDOST,695.6707283949859
DDR1,31.965236232979677
DDR2,0.1220152174265775
DECR1,672.5482914746066
DECR2,30.47987630477882
DEGS1,5.923297783625663
DEGS2,3.7757431944781823
DERA,84.95866867390161
DGAT1,37.491216291936645
DGAT2,0.05382066937248518
DGKA,0.29382326370783585
DGKB,0.0018431396423249679
DGKD,0.514367801891427
DGKE,1.0484269566907318
DGKG,0.003438391651578731
DGKH,0.04501072822299271
DGKI,0.17295511236326877
DGKQ,10.806343410205237
DGKZ,10.31896995323918
DGUOK,32.13035042801535
DHCR24,3.2304573023964664
DHCR7,161.04970115971528
DHDH,0.25970716160014934
DHFR,81.97163998086633
DHODH,1.7525253617513836
DHRS2,135.99857477985913
DHRS3,414.27289105688214
DHRS4,406.0311143239781
DHRS9,0.017352121170758742
DIO1,0.0007680504035033391
DIO2,0.05769365939933408
DIO3,0.01266922095829612
DLAT,1295.6592573952394
DLD,3159.0404781958027
DLST,539.939232597586
DMGDH,0.04303460494147128
DMPK,36.86786692082624
DNAJC6,1.0973244789225893
DNMT1,3.871108582009716
DNMT3A,4.151606481507426
DNMT3B,0.10231858224589822
DNMT3L,0.056566033259927755
DOLPP1,11.196375730290212
DOT1L,5.253041263253509
DPAGT1,11.381940847171746
DPEP1,0.004655699761282369
DPEP2,1.000734839249017
DPEP3,0.0049850929009852395
DPH5,51.12079225458569
DPM1,1194.494116819912
DPM2,59.846142204564046
DPM3,37.98395484675194
DPYD,1.9207059597664444
DPYS,0.00648991911786427
DPYSL2,384.95588136187075
DPYSL3,2.215706151926445
DSTYK,2.613287532209656
DTYMK,19.59676011352029
DUOX1,0.11264404875783449
DUOX2,0.21333669369116948
DUPD1,0.017190310597361015
DUSP1,200.7992444868637
DUSP10,2.0438653688573183
DUSP11,9.868497534180063
DUSP12,5.500718690907005
DUSP13,0.02762688865974518
DUSP14,1.0304971648192045
DUSP15,234.33616631782445
DUSP16,5.784861821085285
DUSP18,2.707154600782253
DUSP19,0.42049775098228953
DUSP2,9.983860330715679
DUSP21,0.08186674790155296
DUSP22,12.950835142205374
DUSP23,77.97419631686256
DUSP27,0.01002988297207418
DUSP28,1.5620777558589138
DUSP3,194.1132672863469
DUSP4,0.4067402908226962
DUSP5,16.30868472403811
DUSP6,81.24683666479957
DUSP7,2.784942812337556
DUSP8,13.180407539967616
DUSP9,15.741896687932691
DUT,186.57288844244485
DYRK1A,10.418854290069223
DYRK1B,13.097994145774752
DYRK2,3.7006463753218153
DYRK3,0.4127589100324358
DYRK4,5.00264123448803
DZIP3,0.7559182580194417
EARS2,1.4685833051831212
EBP,2196.300845507084
ECH1,170.2495839199441
ECHDC2,36.01065617904111
ECHS1,310.24537414073393
ECI1,1524.995082663702
ECI2,54.39120390911564
EGFR,0.926416628837651
EHHADH,18.925930722388685
EHMT1,0.5678650074798792
EHMT2,0.07763564552384665
EIF2AK1,63.23462399376251
EIF2AK2,23.685932274354553
EIF2AK3,16.544892587894967
EIF2AK4,0.2194018373773626
EIF4EBP3,5.73375071282116
ELOVL1,16.03844267408035
ELOVL2,0.0006853430883287948
ELOVL3,0.02323332115747551
ELOVL4,5.225723197986747
ELOVL5,0.7426871428402483
ELOVL6,16.222950626169002
ELOVL7,151.70892758513162
ELP3,3.6543444084933543
ENGASE,1.9092784543380348
ENO1,773.2931323223111
ENO2,47.81829605107741
ENO3,38.105304256599396
ENOPH1,486.3133833678518
ENPP1,0.013874531639738941
ENPP2,3.960599249473974
ENPP3,0.005622898527654901
ENPP6,0.0029366883791485197
ENPP7,0.0018992368063236048
ENTPD1,0.9296351133941843
ENTPD2,20.411735786768904
ENTPD3,0.001112667081327045
ENTPD4,21.06250594368232
ENTPD5,3.505893306482366
ENTPD6,52.75298444663596
ENTPD8,0.5040460767303598
EP300,1.4671905833644299
EPHA1,2.647427775495621
EPHA10,0.028865591964929178
EPHA2,1.5816125859791106
EPHA3,0.05107766388378105
EPHA4,0.22949631061854345
EPHA5,0.0029434106889831826
EPHA6,0.0006552298541204669
EPHA7,0.00036567886534589507
EPHA8,0.02671749274716892
EPHB1,0.023518414335666753
EPHB2,0.012969331764816964
EPHB3,0.3133731148112251
EPHB4,0.3722793967136744
EPHB6,1.8313400018001822
EPHX1,75.89394848487916
EPHX2,42.108753641676
EPM2A,1.8138264692806774
EPRS,27.74281973828151
EPX,0.011515737261546461
ERBB2,0.8180093708471468
ERBB3,24.61626770191279
ERBB4,0.3254598977412493
ERN1,0.5960615968608227
ERN2,0.26934714067536947
ESD,1239.0745733729009
ETFA,6166.252005355866
ETFB,5640.0733237942695
ETFDH,106.25596497697252
ETNK1,13.500363178811858
ETNK2,0.42126732283357654
ETNPPL,1.3663166774328985
EXT1,10.86551196925303
EXT2,33.8175718525194
EXTL1,0.013444651847671515
EXTL2,6.261396390799704
EXTL3,9.539556091035447
EYA1,0.0014444367662271604
EYA2,0.12000549999286382
EYA3,1.1475928348012856
EYA4,0.003444491046410489
EZH1,4.483722118799167
EZH2,0.02063867843713508
F13A1,0.13807039197793236
F13B,0.952082265681838
F2,0.006962276288632911
FAAH,12.502222937940113
FAAH2,9.702897824631581
FABP1,0.008705955123649183
FABP12,0.07361943011456162
FABP2,2.0423800119197857
FABP3,2330.195943346732
FABP4,11.194824767152276
FABP5,17.980923252352785
FABP6,0.3947509825305838
FABP7,2.482310752887457
FABP9,1.0553661478381027
FADS1,1.5788970361493628
FADS2,1.4662774212581733
FADS3,0.26300442545691866
FADS6,0.3354345050980549
FAH,148.26527933093865
FAM20B,19.135281278097224
FANCL,4.176012463228668
FAR1,19.037670052580573
FAR2,0.2704239783528727
FARS2,2.0148089048747164
FARSA,1162.458823949838
FARSB,1.2129827336482704
FAS,3.679739871909388
FASN,10.579031628921838
FASTK,247.96118828677325
FAXDC2,0.014854582046724449
FBP1,0.3453325089118903
FBP2,1.4721666119210948
FDFT1,100.68420393443685
FDPS,45.72090860920808
FDXR,8.21350506944367
FECH,7.482787315277794
FER,1.7335307548254204
FES,1.4266873893327185
FGA,0.0029559678381384535
FGFR1,81.68529681603935
FGFR2,4.022166132381477
FGFR3,0.21014390827808846
FGFR4,0.1162975861570867
FGGY,1.529341153455435
FGR,0.405608735694044
FH,2478.622902455734
FHIT,8.967372804805693
FHL2,4.920078208708974
FIG4,9.8623243121841
FITM1,0.09022846403505391
FITM2,12.819628964537245
FKBP10,4.476714916472468
FKBP11,3.131851281387106
FKBP14,1.2063583353437248
FKBP1A,194.82350364905912
FKBP1B,1.201923613836989
FKBP2,3929.6969292554268
FKBP3,737.3772450796747
FKBP4,440.48324537779774
FKBP5,1.2316587875879392
FKBP6,0.012820408266761554
FKBP7,2.0430170798500096
FKBP8,48.43966682118236
FKBP9,106.62549593125897
FKBP9P1,0.3354345050980549
FLAD1,5.813012422498862
FLT1,4.908890910324143
FLT3,0.032370143662719376
FLT4,3.89206620601274
FLVCR1,0.9646009481845148
FMO1,0.006478158105446417
FMO2,0.2407748812168747
FMO3,0.47935444589540516
FMO4,0.9281278925552277
FMO5,0.664795741100448
FMO6P,0.0015807056043245506
FN3K,87.74669690879377
FN3KRP,20.905083882045453
FNTA,85.41753806304757
FNTB,0.10971581934471661
FOLR1,0.038053338769599696
FOLR2,0.5131310469515615
FOLR3,0.22691215487373678
FOSL1,1.5930152290120172
FPGS,1.3839768815642732
FPGT,1.8663330923429522
FRK,2.4242142304906746
FRMPD2,0.03724374166543625
FTCD,0.0653434792591687
FTMT,0.01205441740915888
FUCA1,195.12842230732906
FUCA2,14.976554002615245
FUK,8.61900872106029
FUT1,5.375556414342312
FUT10,0.38349357932166045
FUT11,1.376246202496875
FUT2,2.8303700468327553
FUT3,0.31059055128822666
FUT4,0.49604403028757305
FUT5,0.0017219785999292839
FUT6,0.0023347688111869584
FUT7,0.029200345578223864
FUT8,0.13965225935572792
FUT9,0.3892207194725124
FYN,11.409262813920401
G0S2,21.880197749198537
G6PC,0.0009747864030188876
G6PC2,0.002389418975746487
G6PC3,43.70838060220483
G6PD,464.5603070811975
GAA,61.08556489287987
GAD1,9.959850427749076
GAD2,0.004256947352916373
GAK,8.722810353302693
GAL3ST1,30.582663904290094
GAL3ST2,0.0025849459484155054
GAL3ST3,0.0008911306249091096
GAL3ST4,2.1427842582439305
GALC,1.6890320611039882
GALE,170.32815008464553
GALK1,246.48568759821669
GALK2,60.38711608432479
GALM,30.044829950668525
GALNS,44.24071374148267
GALNT1,13.166323386540977
GALNT10,2.104210037527207
GALNT11,42.844627827617465
GALNT12,0.0750943365585585
GALNT13,0.0064859945637171295
GALNT14,0.035178374034680535
GALNT15,0.0116113720313577
GALNT2,12.16320999026906
GALNT3,2.5698467525469444
GALNT4,0.03934230085384416
GALNT5,0.0767851823556389
GALNT6,0.17493493712601652
GALNT7,0.32487502496838255
GALNT8,0.015695258678969915
GALNT9,5.940205492453784
GALNTL5,0.43999999999999995
GALT,30.16476052198838
GAMT,6.302380591654516
GANC,2.8181335370809126
GAPDH,11009.706545988596
GAPDHS,0.3886103186860256
GARS,334.5033855674887
GART,47.49704522568213
GATM,19.346931266891417
GBA,19.774288894981215
GBA2,113.34862542850009
GBA3,0.0092566168541433
GBE1,66.68202069744908
GBGT1,4.417020233870528
GC,0.0014554998046080823
GCAT,25.348837554769975
GCDH,20.5771137823407
GCH1,6.396728821538786
GCK,0.04615771176524129
GCLC,14.607680066335218
GCLM,37.76196235999755
GCNT1,10.580917354910936
GCNT2,3.1819791896610883
GCNT2P,0.3354345050980549
GCNT3,28.816324413540688
GCNT4,2.8962102264532597
GCNT7,0.07696159372242012
GCSH,1.1338078474968414
GDA,0.11697949454223404
GDE1,103.66346517671697
GDPD2,0.07849706462294465
GFPT1,515.1329704580788
GFPT2,1.7019919138659965
GGCT,52.867544886835596
GGH,0.9347419017721296
GGPS1,575.074413233914
GGT1,0.014839216062025385
GGT2,1.2557625587889092
GGT3P,0.004068103834508712
GGT5,1.056944747681174
GGT6,95.46197992573451
GGT7,26.297364822623948
GGTLC1,0.003497907508795513
GGTLC2,1.7831684152107201
GIF,0.3354345050980549
GK,6.137187111374714
GK2,0.0018679172501409591
GK3P,0.5150328433049728
GLA,26.30710816108914
GLB1,109.95797783447091
GLB1L,2.488694118755564
GLCE,0.16951208063688947
GLDC,0.0007469498574565372
GLIPR1,0.28882105740725617
GLO1,882.75842027538
GLRX,191.97534681026735
GLRX2,7.924651902178553
GLS,71.96061413614639
GLS2,1.3397921148073189
GLT6D1,0.06930364432416915
GLT8D1,1.9698144366095467
GLT8D2,0.4426118638414725
GLTP,105.12107344121341
GLUD1,1823.1809172951548
GLUD2,92.25729300604895
GLUL,7.685007035068615
GLYAT,0.010265942291777325
GLYCTK,5.36768367098068
GM2A,20.034454275733182
GMDS,101.09425118168474
GMPPA,31.138099901068475
GMPPB,399.74947672655327
GMPR,85.55812850706222
GMPR2,59.31915812865556
GMPS,200.47651179646778
GNE,6.042775791032475
GNMT,0.05529231339389757
GNPAT,21.717017663248786
GNPDA1,48.43804191436758
GNPDA2,12.769448462472585
GNPNAT1,78.99252444097205
GNPTAB,22.41141880368149
GNS,77.74715679781676
GOT1,37699.129243444775
GOT2,6367.825972195035
GPAA1,184.7286197187677
GPAM,0.6139908428791102
GPAT2,1.9140971773364008
GPAT3,0.6582069289240687
GPAT4,1.352005973421296
GPCPD1,2.7827723301612766
GPD1,0.29822985566589943
GPD2,212.57249391549436
GPHN,27.05715850435913
GPI,8185.3168942854945
GPIHBP1,1.1463659282543588
GPLD1,0.010107056160455907
GPT,13.539428816886304
GPT2,3.597674655813846
GPX1,577.7595418179126
GPX2,0.014684988090065538
GPX3,364.89428709387215
GPX4,470.0915630860694
GPX5,0.0010583374919926705
GPX6,2.01032323162201
GPX7,1.0193165515801836
GPX8,0.6705119810400002
GRHL1,1.8545045009856835
GRHPR,111.73548133263917
GRK1,0.21356914048553458
GRK2,4.014622265826703
GRK3,1.2623639556998993
GRK7,0.22033128126560914
GSR,1217.7283285207288
GSS,535.9496252181076
GSTA1,0.018374175730453853
GSTA2,0.01747760472994571
GSTA3,2.7456929147794527
GSTA4,2.0452406742235585
GSTA5,0.58469847618054
GSTK1,1670.3246935528452
GSTM1,0.3339840681545265
GSTM2,0.515868096453561
GSTM3,14.240577630762909
GSTM4,61.80550298328865
GSTM5,4.300889889736505
GSTO1,2901.1544244395727
GSTO2,0.23694960786395267
GSTP1,5538.842248720606
GSTT1,0.030525776168544707
GSTT2,0.0036026472364823403
GSTZ1,16.540925676174734
GTF2F1,8.4840444246684
GTF3C4,1.0452469884427622
GUCA1A,0.03060817557993636
GUCY1A1,2.9663227089166733
GUCY1A2,0.10624138103551006
GUCY1B1,1.0453859436592674
GUCY1B2,0.0024495063760415783
GUCY2C,0.39116481087644417
GUCY2D,0.021482355624026526
GUCY2F,0.13808747592085474
GUK1,488.6371855622857
GUSB,4.883283150052168
GYG1,145.26628663431404
GYG2,0.003550933453708608
GYS1,66.8203571714477
GYS2,0.08238113384249861
H6PD,15.07637956582858
HAAO,1.264923476452067
HACD1,0.6699772991826155
HACD2,3.095013644366691
HACD3,4.330319334841662
HACD4,0.5979568033382378
HACE1,0.7353797070391848
HACL1,10.936018249154369
HADH,1411.299241995642
HADHA,2163.807171728354
HADHB,311.01898147556085
HAGH,175.5449426198901
HAGHL,379.8910801820061
HAL,0.002332858175711807
HAO1,0.19763453007540133
HAO2,0.030525776168544707
HARS,234.97042382937676
HARS2,32.735966790527684
HAS1,0.001617770720008963
HAS2,0.015676726750706135
HAS3,0.09742394508762585
HAT1,50.78005226823966
HCCS,68.89118212779485
HCK,1.3100915126456922
HCST,4.616418394707685
HDAC3,0.5909593894134066
HDC,0.0011950076787423363
HDLBP,123.70002071088959
HECTD1,6.468436907745889
HECTD2,0.710216673829815
HECTD3,3.0483911671981407
HECW1,0.028124730236418167
HECW2,0.5562546173107884
HELZ2,0.16199531088786426
HEPH,0.3962107399013699
HERC1,0.28104828433046203
HERC2,0.2101087961401172
HERC3,16.387719623108797
HERC4,9.072058610563738
HEXA,222.75525102356548
HEXB,7.4855309129793355
HEXDC,0.3354345050980549
HGD,34.494666710690694
HIBADH,147.75665063883977
HIBCH,26.922262009508195
HIF1AN,9.605644569013712
HIGD2A,43.68258878782397
HIPK1,8.480868166091268
HIPK2,29.238467607168054
HIPK3,3.9088386692973587
HIRIP3,0.4060269438000333
HK1,419.94006928706887
HK2,1.127452320582748
HK3,0.02925370408427744
HKDC1,5.59031211508941
HLCS,2.620957429680616
HLTF,0.054433979508755635
HMBS,86.74159716223683
HMGCL,494.63750238279005
HMGCLL1,0.003029805979595433
HMGCR,32.55863214739543
HMGCS1,24.187327915271727
HMGCS2,0.36921587703182746
HMOX1,59.37561909179994
HMOX2,748.6511088077503
HNMT,5.0770356500441265
HPD,0.02565121812497305
HPGD,2.6633353202604537
HPGDS,0.4140684793796987
HPRT1,1278.5372259308474
HS2ST1,4.725444867467901
HS3ST1,15.530521726965882
HS3ST2,0.48275556062122554
HS3ST3A1,0.06318147622751388
HS3ST3B1,0.045152060815648015
HS3ST4,0.002273154112218052
HS3ST5,0.17535341548517636
HS3ST6,0.0038528941630880625
HS6ST1,59.34390473889623
HS6ST2,0.0014411875106198054
HS6ST3,10.655904617074004
HSD11B1,0.0023395575963535715
HSD11B1L,2.8108539596031665
HSD11B2,3209.5934107721546
HSD17B1,4.3168788642627085
HSD17B10,118.84726430591421
HSD17B11,62.89559985600652
HSD17B12,1062.5248471901473
HSD17B14,19.51836173596295
HSD17B2,0.2802147294756321
HSD17B3,0.014523005918270637
HSD17B4,89.42896629411165
HSD17B6,0.005961876953264556
HSD17B7,1.7757207382535312
HSD17B7P2,0.26935005685291663
HSD17B8,0.2965497904616451
HSD3B1,0.8561440324619417
HSD3B2,0.9278984217862639
HSD3B7,27.038121455312044
HSPG2,0.16984134212455682
HTATIP2,151.4364840385492
HUNK,0.0025221711177028216
HUWE1,2.866781403606206
HYAL3,0.4565714517763836
HYALP1,0.3354345050980549
HYI,15.133447674791238
HYKK,0.3304860018863759
IARS,744.3053520411048
IARS2,36.6441985796415
ICK,1.1078607934969735
ICMT,37.6623381420873
IDH1,36.61962319012935
IDH2,1116.2979238288583
IDH3A,5932.639060406996
IDH3B,505.3606778730151
IDH3G,187.3850207508188
IDI1,35.33623712030146
IDI2,0.7190227309120867
IDO1,0.17837307740027494
IDO2,0.0014327197641486825
IDS,188.87728213189922
IDUA,2.690342088792048
IGF1R,10.414098573225841
IKBKB,9.751194799507136
IKBKE,0.3896643436783078
IL4I1,0.36963257999869853
ILK,41.0675386342383
ILKAP,19.82702087820212
IMPA1,305.39627404381764
IMPA2,436.729603016297
IMPDH1,17.76711692259743
IMPDH2,65.13654075893734
INMT,0.6850325993945859
INPP1,850.4340520702139
INPP4A,6.625243276406861
INPP4B,27.731468737612275
INPP5A,11.759373143973294
INPP5B,1.4615448819368404
INPP5D,2.867530658412462
INPP5E,22.637499836243858
INPP5F,0.25796631865042247
INPP5J,363.7755421135537
INPPL1,11.345890827033497
INSL3,0.006106754361512964
INSR,39.76092513096181
INSRR,0.5468825057755818
IP6K1,16.305336277276645
IP6K2,19.23706749129183
IP6K3,0.01116974937020818
IPMK,0.7672174172199734
IRAK1,111.00308521455327
IRAK2,1.5836146437996126
IRAK3,0.10124546914802253
IRAK4,15.568113212588115
IREB2,6.360814082406378
ISYNA1,106.80561898702025
ITK,0.013640366794363883
ITPA,537.2090473716922
ITPK1,81.23313342438237
ITPKA,11.52965928016675
ITPKB,1.662285947545295
ITPKC,16.275921534439767
IVD,659.9865896111802
JAK1,47.82783033599108
JAK2,3.1622919864722046
JAK3,0.255476647987942
JMJD7-PLA2G4B,0.0008751841522447038
KALRN,0.05834727642401058
KANSL3,23.345234141440596
KARS,656.424450082508
KAT2A,3.608742706665463
KAT2B,5.660293467406083
KAT5,34.14445885889972
KAT6A,4.70006472787839
KAT6B,2.4806050374066495
KAT7,5.122827598473423
KAT8,44.59083342251135
KCNJ11,48.76942786826322
KCNJ8,0.2404065580123164
KDR,11.050794741558684
KDSR,44.05172693865182
KHK,1.1584203097530377
KIT,200.5458075463904
KL,0.1011311766415029
KMO,1.024999554249606
KMT2A,0.1132089503784727
KMT2B,0.3354345050980549
KMT2C,0.02724143815923862
KMT2D,0.256842919373976
KMT2E,0.08892210317369556
KMT5A,0.08744585611927874
KMT5B,0.052531638327043204
KMT5C,0.3350355754164824
KPNA6,31.281281929036226
KYAT1,0.41426786262502635
KYAT3,10.315561941178165
KYNU,0.1167799318681026
L1CAM,10.512080396282196
L2HGDH,1.742375063351654
LALBA,0.09996023381633702
LAP3,1428.6242700794933
LARS,333.94599120573326
LARS2,23.879545580935996
LATS1,0.09121175905637978
LATS2,1.4923385164970882
LBR,4.955273832934813
LCAT,3.1155964388905097
LCK,0.3413504762695901
LCLAT1,2.02382947555946
LCT,0.0009584520205355657
LDHA,6817.323311458537
LDHAL6A,0.009722941826710803
LDHAL6B,10.847952267467784
LDHB,1787.8544511850814
LDHC,0.0030192016323507217
LDHD,359.3561752588944
LDLR,3.746653908818182
LGALS13,0.16621830202908744
LGMN,994.3084194380606
LGSN,0.0011005053179982817
LHPP,30.713468226249635
LIAS,1.4478284719810974
LIMK1,38.12544825977013
LIMK2,10.94918656351671
LIPA,18.906004860840053
LIPC,0.02266184396686509
LIPE,1.6499624390772374
LIPF,0.009918157038585786
LIPG,4.696182797781885
LIPT1,1.3599344756731206
LIPT2,1.3196487653671156
LMTK2,5.904870711409773
LMTK3,4.545412773197858
LOC102724197,0.3354345050980549
LOC286297,0.3354345050980549
LOC344967,0.11246830911709997
LOX,0.34442901440387985
LOXL2,1.3481379117553762
LPCAT1,0.7725628087110684
LPCAT2,68.09686730739635
LPCAT3,258.11717346675084
LPCAT4,1.4507633398520114
LPIN1,31.751924027954825
LPIN2,39.434574510562435
LPIN3,8.057847335018456
LPL,1.7538301476410274
LPO,0.1697122996292287
LRAT,0.027073644738865563
LRP1,0.20821542932679318
LRP2,0.0009545417052575916
LRRK1,0.013343727278977304
LRRK2,0.035560121957254325
LRSAM1,14.23717300898855
LRTOMT,1.0396802486788304
LSS,76.86311466861424
LTA4H,276.8493724916528
LTC4S,1.8554746690410515
LTK,26.29841312041838
LYN,2.80947101052149
LYPLA1,249.7337621540182
LYPLA2,138.77579788222582
LYZL1,1.4145390562382973
MACROD1,17.931777717717782
MACROD2,0.19492306900192705
MAGEA2B,0.1626710879648594
MAK,0.04869927647866378
MAN1A1,2.881837025306842
MAN1A2,1.8101514547042226
MAN1B1,3.0998024991735065
MAN1C1,40.94054387437087
MAN2A1,5.302582054913729
MAN2A2,9.676739248545323
MAN2B1,34.75439881687076
MAN2C1,24.809293596730107
MANBA,9.45519271925553
MANSC1,10.576503460648052
MAOA,465.9783214969184
MAOB,93.18001877253405
MAP2K1,436.5455298289048
MAP2K2,270.86969822523486
MAP2K3,10.61209208583909
MAP2K4,9.512828690703246
MAP2K5,12.838229126238165
MAP2K6,0.44361895698349985
MAP2K7,2.8123212580527204
MAP3K1,5.020685123688128
MAP3K10,3.66607251153263
MAP3K11,38.542674745000255
MAP3K12,0.7057949054522035
MAP3K13,2.9724895237596254
MAP3K14,0.7283152386086595
MAP3K15,0.04005270985730976
MAP3K2,8.40810688432025
MAP3K20,0.20179825659102824
MAP3K21,0.03839897316107535
MAP3K3,4.728063269519198
MAP3K4,2.8159400522769773
MAP3K5,4.421174259211598
MAP3K6,12.747674408978014
MAP3K7,0.25310608486928937
MAP3K8,2.008760219911961
MAP3K9,0.7248531372154751
MAP4K1,0.23870339601099222
MAP4K2,14.316313857065936
MAP4K3,13.228684224358174
MAP4K5,10.958070353120156
MAPK1,484.14927063115573
MAPK10,0.0342373290342155
MAPK11,2.0772126738417502
MAPK12,0.5810113171078095
MAPK13,55.283846093462515
MAPK14,14.0980156573687
MAPK15,0.06479076281707441
MAPK3,196.53191140353573
MAPK4,1.2340438560748128
MAPK6,12.990115420011916
MAPK7,4.0296809991037
MAPK8,8.439473727771961
MAPK9,8.149225148793153
MAPKAPK2,6.622456446138597
MAPKAPK3,184.9953736606234
MAPKAPK5,16.28347119520321
MARCH1,0.7530870721799782
MARCH10,4.361571395182724
MARCH11,9.344754665530083
MARCH2,61.33100777409707
MARCH3,0.4776147701705829
MARCH4,0.026858739472035015
MARCH5,9.574345938670941
MARCH6,31.1120862797847
MARCH7,17.079935444740027
MARCH8,0.8444235765465621
MARCH9,10.394739131870972
MARK1,0.33590289842831855
MARK2,40.63117564327906
MARK3,22.597853109746843
MARK4,11.544448727825117
MARS,125.98168527715576
MARS2,11.274170819884404
MAST1,0.05553046875213489
MAST2,10.900373110506498
MAST3,1.0200805188212192
MAST4,0.9983157737469431
MASTL,0.07733158572155227
MAT1A,0.0008629837968446633
MAT2A,86.35127576790518
MAT2B,379.7558834381201
MATK,86.1716694991373
MBOAT1,4.898394224486963
MBOAT2,32.9436307970043
MCAT,21.549212451545625
MCCC1,22.855662725575552
MCCC2,66.05837274867648
MCEE,15.98409195630431
MDH1,13312.54691345775
MDH1B,0.15021362641803107
MDH2,16881.378331844073
MDM2,0.01374425721810471
MDP1,39.66112778505736
ME1,21.02808798835387
ME2,35.42726885089594
ME3,57.831736107731814
MECR,20.06059017885343
MED1,0.2560574120411517
MELK,0.036008686206235554
MERTK,20.601610219224245
MET,12.21594633754082
METTL1,13.913213792585065
METTL3,11.755910485517573
MGAM,0.09168049882026647
MGAT1,87.28989634094813
MGAT2,3.0696087096485183
MGAT3,0.10440300315459435
MGAT4A,1.5604119489560915
MGAT4B,586.7009727750561
MGAT4C,0.001783981201110419
MGAT4D,0.02696149145334556
MGAT5,45.51433325818697
MGAT5B,0.008846997329565814
MGLL,104.70389061600203
MGMT,10.271848284892203
MGRN1,39.46777071350443
MGST1,0.3536423813441856
MGST2,267.0955214947543
MGST3,363.34372285581424
MIA3,5.127568099839029
MIB1,13.008631108604565
MIB2,11.38572134670653
MID1,0.08921216306384172
MIF,140.49615036235662
MINK1,0.17267327214766814
MINPP1,3.7322639952142787
MIOX,0.07046161511508499
MIP,0.01213759999226773
MKNK1,17.056954412275793
MKNK2,254.79529346355096
MKRN1,48.42828499263513
MKRN2,13.72774237478955
MKRN3,0.376491099424174
MLKL,7.227206825046863
MLYCD,17.687846946736137
MMAA,2.577007947748563
MOCS1,5.146219857775188
MOCS2,126.44042448438458
MOGAT1,0.0037000478680711117
MOGAT2,0.06171353466959499
MOGAT3,0.006539334688691583
MOGS,85.64085556979502
MOK,0.8357990540297711
MOS,0.09191795284698573
MOXD1,23.927973192695106
MPC1,27.8052229308476
MPC2,12.311032245951754
MPI,6.018355824065992
MPO,0.0022622614775809676
MPST,1588.7897947461774
MRPL58,13.330417578133794
MSMO1,228.39190036419922
MSRA,17.337083201810632
MST1R,4.401391894336672
MT1A,0.33290111647483195
MT2A,8886.078639436155
MT3,4737.84928416249
MT4,0.3354345050980549
MTAP,181.51091280949927
MTFMT,7.876927228933323
MTHFD1,112.74333476071169
MTHFD1L,5.816344571783164
MTHFD2,8.049379661539204
MTHFD2L,0.6475689757179296
MTHFD2P1,0.3354345050980549
MTHFR,4.524031221231154
MTHFS,1.8193766066716026
MTMR1,1.8617833962648265
MTMR14,16.958319124723307
MTMR2,0.49707914685173255
MTMR3,0.1880925676718328
MTMR6,2.139169009714962
MTMR7,0.07651686226380783
MTMR8,0.04850346534823563
MTPAP,2.9344397256158796
MTR,0.537990994624699
MTRR,4.5011698450775395
MTTP,0.009853829031785371
MUL1,160.435158199998
MUSK,0.024290456240450016
MUT,0.3354345050980549
MVD,130.91873185816317
MVK,33.26716811061462
MYBBP1A,11.395124302653281
MYCBP2,0.0383915785585292
MYLIP,10.120110113323951
MYLK,0.15255883112804022
MYLK2,0.013548618356713896
MYLK3,0.015268876539480235
MYLK4,0.17755252528273993
MYO3A,0.017892051704161038
MYO3B,0.8061971962394503
MYO5B,35.748330313155385
NAA10,57.28137503935558
NAAA,1.5105194607917167
NADK,16.58109477373419
NADSYN1,37.03351828685049
NAGA,41.13941578992587
NAGK,43.508468439893804
NAGLU,24.533277457330584
NAGPA,38.38805664428961
NAGS,6.608339798515653
NAMPT,355.95161298649555
NANP,2.633449452169102
NANS,1626.9892456374716
NAPRT,25.164291606310147
NAPSA,0.15274985202194982
NARS,10327.42034110635
NARS2,3.3068187801317017
NAT1,1.7140767274026758
NAT2,0.07672456450553738
NCOA1,18.028972910154938
NCOA2,0.17480070924291172
NCOA3,1.7086668434553456
NCOA6,17.348587266167787
NCOR1,0.03925370514104902
NCOR2,1.4957026274164382
ND1,0.7496282848946749
ND2,6.647572110665278
ND3,3.518721426725826
ND4,15.91921099634504
ND4L,0.3354345050980549
ND5,3.9860139175064595
ND6,2.1511623729121254
NDST1,16.247827324414644
NDST2,3.672990778268474
NDST3,0.006092249101911764
NDST4,0.024005586560330774
NDUFA1,2356.9585108573137
NDUFA10,121.78794875693409
NDUFA11,164.768866319736
NDUFA12,92.7319756764857
NDUFA13,5103.048844563661
NDUFA2,40.34749424827264
NDUFA3,103.95908491342892
NDUFA4,66.71204766201137
NDUFA5,172.42281828105016
NDUFA6,204.99497149662517
NDUFA7,16.190097443675068
NDUFA8,535.5822164683951
NDUFA9,202.96424450566306
NDUFAB1,750.4231416004012
NDUFB1,246.22146398110965
NDUFB10,668.6567423293658
NDUFB2,1161.3803740448488
NDUFB3,247.54092788799318
NDUFB4,274.4983163451511
NDUFB5,571.7233021062226
NDUFB6,51.6925026583413
NDUFB7,618.6244252933687
NDUFB8,252.1100963609039
NDUFB9,144.95118645920303
NDUFC1,352.11463247147304
NDUFC2,38.55119285179045
NDUFS1,182.02664708623212
NDUFS2,142.63535038563202
NDUFS3,1476.2169454605742
NDUFS4,337.170980735464
NDUFS5,904.0700622675099
NDUFS6,82.93415525394028
NDUFS7,188.31764457859384
NDUFS8,548.7189933067674
NDUFV1,258.0475869525439
NDUFV2,157.94362254758974
NDUFV3,45.23520108805472
NEDD4,0.4798967985762756
NEDD4L,15.611197194455082
NEK1,4.549609746879278
NEK11,0.08563030873556915
NEK2,0.059601912314165825
NEK3,0.9602724638021753
NEK4,6.908734848331262
NEK5,0.0062635391407034465
NEK6,0.179698724845764
NEK7,23.169577939756444
NEK8,1.2792470880159768
NEK9,0.9689881310192562
NEU1,6.600882740775663
NEU2,0.07868648115252536
NEU3,0.378368481973096
NEU4,0.004667689837469033
NEURL1,0.14715923590013888
NEURL1B,3.4029960233828374
NGLY1,16.84618513471803
NHLRC1,0.451637752882388
NIT2,630.7534216047494
NKTR,3.6222468467552624
NLK,5.613694760105496
NLN,76.46029419157883
NME1,870.1636513635898
NME2,221.28184211730826
NME3,32.51942982840794
NME4,178.69912854688326
NME6,1.1309934432966635
NME7,0.421953525223682
NMNAT1,9.692602926999742
NMNAT2,0.10662098098323797
NMNAT3,9.2868260287473
NMRK1,2.9351673795914386
NMT1,51.07506117845649
NMT2,1.007219533263371
NNMT,1.5203631221903176
NNT,280.47367054252913
NOL9,1.7580899946848572
NOS1,0.09333363066032216
NOS2,0.014310458620853119
NOS2P1,0.3354345050980549
NOS2P2,0.3354345050980549
NOS3,2.198892909550672
NOX1,0.11279483485785329
NOX3,0.09198887034239282
NOX4,1.7526539559908492
NOX5,0.011723565449709877
NPAS2,0.5962528229507698
NPC1,72.0262329986813
NPC1L1,0.007521720431833011
NPR1,1.3676578846402765
NPR2,23.22614647320524
NQO1,977.6814404191066
NQO2,704.7106596717723
NR1D1,27.561260720111733
NRF1,0.9208884500939035
NSD1,3.720148673306434
NSD2,0.8117852405670956
NSD3,0.8238692165195934
NSDHL,882.4836669230242
NSF,23.73745741290877
NT5C,113.14372626704532
NT5C1A,0.008898358104850916
NT5C1B,0.008280401858252887
NT5C1B-RDH14,0.037698419756150243
NT5C2,66.13447396258738
NT5C3A,4.209671716104311
NT5DC3,2.3305395315589967
NT5E,0.6198262239447345
NT5M,11.62569587266992
NTAN1,4.24982175319455
NTRK1,0.0010807534660878812
NTRK2,0.04460974664753924
NTRK3,0.002943891901168318
NUAK2,5.316393059758551
NUDT10,0.010133015619890438
NUDT11,0.005555915813940953
NUDT12,12.872532047273717
NUDT2,9.84508991072116
NUDT3,2.415233341576014
NUDT4,0.029317292927877343
NUDT5,184.66380106936063
NUDT9,73.823538685945
OARD1,11.970020898409903
OAT,431.6678301458373
OBSL1,0.34648822009555363
OCRL,6.463113527316996
ODC1,5.588239139248186
OGA,13.207835039605774
OGDH,1601.6100696386927
OGT,26.40233333366498
OLAH,0.0019098849410207968
OPLAH,53.22947470385379
OTC,0.5810334212469159
OTUD5,35.36763057104363
OXCT1,180.75885010414783
OXCT2,2.6749081638576677
OXSM,18.7449600127355
OXSR1,11.949478158109196
P4HA1,16.129043034576444
P4HA2,74.8448519976141
P4HA3,0.1347290297811158
P4HB,396.8737240464273
PADI1,0.1979086992249419
PADI2,0.5089803572893422
PADI3,0.0009388019710718706
PADI4,0.0014563252832871844
PADI6,0.0033910223813019428
PAFAH1B2,1026.500407789382
PAFAH1B3,251.28084644236282
PAFAH2,32.6027788108119
PAH,0.016951832196877046
PAICS,322.8179150806888
PAK1,38.05772643907705
PAK2,94.00229374182996
PAK3,0.004059120003825396
PAK4,1.5906514837575085
PAK5,0.1843105272396382
PAK6,5.456119260227742
PAM,0.46732025203337646
PAN2,3.1256820500927383
PANK1,2.97966447457219
PANK2,6.571288860221661
PANK3,4.676353349757542
PANK4,20.322818209003778
PAOX,3.502340194265563
PAPOLA,5.4469019025376735
PAPOLB,0.2678969952255215
PAPOLG,1.056504010711264
PAPSS1,47.57918473283493
PAPSS2,0.2829133620026683
PARP1,34.66238755454264
PARP10,3.207226366175144
PARP11,1.0181278728786773
PARP12,3.72717756420017
PARP14,11.220149479272854
PARP15,0.0027104334312584946
PARP16,7.613374565432328
PARP2,6.856820045510218
PARP3,90.18224106323127
PARP4,2.7768023394873422
PARP6,18.96921429381825
PARP8,0.32396604109764016
PARP9,4.070061768251217
PARS2,1.9298212150286502
PASK,0.6224344262292062
PBK,0.5169613327503401
PC,29.565399872083844
PCBD1,260.7548760386041
PCBD2,30.103080898358638
PCCA,21.258457978337674
PCCB,17.587321674466317
PCK1,0.23479800645466628
PCK2,35.61989410828769
PCMT1,501.3385593917628
PCYOX1,80.38595558314218
PCYT1A,15.361660925480688
PCYT1B,0.0017683064931053492
PCYT2,32.58045199241506
PDE10A,1.813841427421774
PDE11A,5.250448765817398
PDE1A,43.754705148674496
PDE1B,0.25306904303633593
PDE1C,0.2252789631609677
PDE2A,1.0615960400173252
PDE3A,0.11235713123173263
PDE3B,0.01212565434734133
PDE4A,38.38429352544504
PDE4B,0.6220233047105946
PDE4C,0.006276002689251036
PDE4D,1.4423883013643455
PDE5A,32.4887699394705
PDE6A,0.0018492264061388338
PDE6B,0.2205983725201878
PDE6C,0.004218310291033146
PDE6H,1.0083333333333333
PDE7A,4.822727088369264
PDE7B,0.4685274074369348
PDE8A,7.001836693534749
PDE8B,0.527608937908232
PDE9A,32.472915299892655
PDF,1.3108723922448684
PDGFRA,12.218650246409968
PDGFRB,1.5207706366006073
PDHA1,779.2929564775683
PDHA2,8.963593332760542
PDHB,206.99858141281442
PDHX,23.247196556818544
PDIA2,0.0020647372393016814
PDIA3,2355.1312723325645
PDIA4,646.7995937833622
PDIA5,12.166863266358243
PDIA6,389.2116082845603
PDK1,0.5844225048235427
PDK2,35.74947279509763
PDK3,1.535645797104547
PDK4,2.2365807271492155
PDP1,138.397887612513
PDP2,8.677619702408004
PDPK1,2.2281183337780504
PDPR,5.226647248099505
PDXK,80.35354705174493
PDXP,11.971125394500868
PDZD4,0.17242684763153238
PEAK1,1.1989322708867722
PECR,185.09621058083192
PEMT,5.53282191431455
PEPD,53.30475528983964
PEX11A,1.258763784759946
PFAS,18.863603978223914
PFKFB1,0.008423060838958173
PFKFB2,23.967880456119364
PFKFB3,3.668074817396919
PFKFB4,0.2438612466355726
PFKL,167.38978431568162
PFKM,214.94362097776013
PFKP,2712.329012090368
PGAM1,42.52164518715908
PGAM2,0.9138066921088915
PGAM5,73.71261008289086
PGAP1,2.4958592172349454
PGD,2842.069223104617
PGGHG,0.02991860446325157
PGK1,363.17759453519824
PGK2,0.8577681263919469
PGLS,1353.6556763995236
PGLYRP1,0.32538737203659523
PGLYRP2,0.001848805482097545
PGLYRP3,0.01572942767765221
PGLYRP4,0.2601296063498426
PGM1,985.111239238041
PGM2,115.09751628084149
PGM2L1,0.18346950490045785
PGM3,12.910751854247856
PGP,156.3159318849356
PGS1,4.406957571802653
PHEX,0.5326358356468163
PHGDH,121.86967276756033
PHKA1,0.8255872172132337
PHKA2,2.192392495637922
PHKB,49.44451064836712
PHKG1,0.08513649965220066
PHKG2,12.55417914046958
PHLPP1,2.9755913093120863
PHLPP2,3.765261023254796
PHOSPHO1,0.16986946408583534
PHPT1,172.44019947080832
PHYH,427.02383540145314
PHYKPL,0.6462009571960334
PI4K2A,1.2636416760843552
PI4KA,1.9430808583719272
PI4KB,1.1876910635373366
PIGA,10.269579762662667
PIGB,5.595926001920816
PIGC,19.735369504556804
PIGF,4.41823253031102
PIGG,14.06593271612466
PIGH,11.955692992331732
PIGK,7.458076868900748
PIGL,2.5242493571586744
PIGM,1.803372719243409
PIGN,2.184287835227173
PIGO,24.685293541891923
PIGP,12.652935485762447
PIGQ,155.45668396912245
PIGS,8.82478547538067
PIGT,8.868579051597457
PIGU,2.392219709297043
PIGV,8.33832036948491
PIGW,2.486951600342346
PIGX,2.658975082230266
PIGY,173.103742158792
PIGZ,0.41405829406834865
PIK3C2A,1.1043930517385747
PIK3C2B,0.8771189547315955
PIK3C2G,2.416983504481247
PIK3C3,0.1918762444385722
PIK3CA,3.4057140286701157
PIK3CB,0.31713852088634037
PIK3CD,1.0432819915753917
PIK3CG,0.08439312332027485
PIK3R1,0.7887175895844885
PIK3R2,23.167133954930065
PIK3R3,11.049823788597516
PIK3R4,21.306967643063064
PIK3R5,0.38972271186871144
PIKFYVE,4.363196525545831
PIM1,152.80134848222508
PIM2,1.822760534675955
PIM3,289.68855294717264
PIN1,945.7415246935363
PIN4,1.2634591623681657
PINK1,303.0421770511429
PIP4K2A,5.7058943417492936
PIP4K2B,2.665082560150711
PIP4K2C,133.6391720704361
PIP5K1A,0.4171060047867145
PIP5K1B,0.16090641840015607
PIP5K1C,40.26008793311834
PIP5KL1,0.6486771203978138
PIPOX,0.08825012233361275
PISD,3.065325741805793
PJA1,6.658289653718923
PJA2,34.94285002677051
PKLR,0.002309207847172677
PKM,541.3891072832749
PKMYT1,0.40515633388143335
PKN1,136.2356641209365
PKN2,3.859080974150118
PKN3,0.7670993777826189
PLA2G10,0.024795173155950347
PLA2G12A,1.6511252132877483
PLA2G12B,1.1304561412675453
PLA2G15,61.52971094677513
PLA2G16,180.8843446411607
PLA2G1B,0.008666389894082967
PLA2G2A,0.00973746647717055
PLA2G2C,0.011510295315810297
PLA2G2D,0.01739222479103195
PLA2G2E,0.10480083352838437
PLA2G2F,0.017105401618544066
PLA2G3,0.012337767128290017
PLA2G4A,3.9382948293882465
PLA2G4B,0.006782951182284737
PLA2G4C,5.464007733701567
PLA2G4D,0.0019675736310298367
PLA2G4E,0.0005581289777676715
PLA2G4F,220.481892191083
PLA2G5,0.007514707014299602
PLA2G6,2.0381357265257427
PLA2G7,0.6158061231386827
PLB1,0.26389106510471827
PLCB1,0.11929461536615919
PLCB2,0.6583768882646489
PLCB3,2.158345344645405
PLCB4,2.6379477167545873
PLCD1,25.703405574267794
PLCD3,25.388877663046713
PLCD4,11.354568415609712
PLCE1,0.5929826136194315
PLCG1,0.7622573314165508
PLCG2,176.68794791270466
PLCH1,0.2986343272419634
PLCH2,3.3572855078958903
PLCL1,4.215198748009759
PLCL2,8.925408095806432
PLCXD2,0.018983455917429896
PLCZ1,0.012881365013339831
PLD1,7.265751729672798
PLD2,2.845496756208824
PLD3,33.265957990163336
PLD4,3.5501724816510993
PLD6,1.7559779150171497
PLG,0.0015961260394695839
PLIN1,0.0042274528786707885
PLIN2,6.685772369873501
PLIN3,31.46236800822475
PLIN4,0.2988420250450345
PLK1,0.4744490912526016
PLK2,7.530608827982684
PLK3,4.198047789268544
PLK4,0.3012441316900789
PLOD1,6.774861716505336
PLOD2,37.37453687546624
PLOD3,48.74399865591966
PLPBP,1.3790311261442316
PLPP1,5.389883230682263
PLPP2,2.123055391477898
PLPP3,4.2032094621878
PLPP4,0.019762828557283812
PLPP5,0.0656688155578048
PLPP6,0.050042688733332445
PLPP7,1.1305815492037874
PLPPR2,0.3307009692228308
PLPPR3,0.9307949846236876
PLPPR4,0.11900942508124815
PLPPR5,0.012456429933028047
PLTP,2.9669352199426675
PLXNB3,0.04121426238817317
PMM1,6.2883738447171345
PMM2,271.18811800795413
PMPCA,65.59113008922333
PMVK,702.2301702782489
PNCK,1.186119429105358
PNKP,74.7172755790535
PNLIP,0.006033542362021236
PNLIPRP1,0.002515605986264343
PNLIPRP2,0.006122648476675688
PNLIPRP3,5.661537434009467
PNMT,2.153698617959077
PNP,655.4748837063042
PNPLA2,96.33264442575272
PNPLA3,0.004537708509336166
PNPLA4,27.799847735573092
PNPLA6,0.716466584865744
PNPLA7,3.385127386977638
PNPLA8,28.80397697353111
PNPO,22.561934104702246
PNPT1,2.4846725319460594
POLA1,1.2511293066337712
POLA2,2.5831380166368443
POLB,11.24730868036797
POLD1,0.7361469784383986
POLD2,3.4102872882436266
POLD3,0.2599247134577059
POLD4,149.4368985669223
POLE,0.02772357376906747
POLE2,0.3188969775506082
POLE3,23.973436112914243
POLE4,13.381677463662218
POLG,24.925013981712056
POLG2,0.8368431488843233
POLH,1.0969665744942856
POLI,4.86433939959571
POLK,4.9776408120596045
POLL,8.373388152015576
POLM,4.908166560568034
POLN,0.10963345354914743
POLQ,0.008997417787215545
POLR1A,0.74637556274177
POLR1B,0.4450591711838529
POLR1C,5.669728246408505
POLR1D,21.15965210034219
POLR1E,4.186872830152952
POLR2A,2.435345859726158
POLR2B,13.733034795682178
POLR2C,121.47954827308664
POLR2D,12.817630105683046
POLR2E,128.2126728110486
POLR2F,17.803044117657606
POLR2G,23.721718507788065
POLR2H,309.00827027069334
POLR2I,21.766698129233326
POLR2J,25.330779209748297
POLR2K,71.36036774355222
POLR2L,355.4480854346847
POLR3A,0.10796039591250245
POLR3B,1.9005476905230485
POLR3C,0.33689299078852913
POLR3D,9.009694949084043
POLR3E,22.564758172669936
POLR3F,5.510310998663568
POLR3G,0.5078965794536493
POLR3GL,18.448212801890552
POLR3K,56.115160369362
POLRMT,7.299153111163381
POMGNT1,119.38518795821405
POMT1,14.314776068517341
POMT2,8.263360549423206
PON3,0.003325334090752836
POR,306.6182412223953
PPA1,569.5485242408726
PPA2,507.6181281674247
PPARA,5.260287916506755
PPAT,2.881966556845133
PPCDC,6.613045988566135
PPCS,147.95445810114208
PPEF1,0.004074895353797465
PPEF2,0.005103600462502922
PPIA,226.73661632100394
PPIAL4A,0.3354345050980549
PPIAL4C,0.3354345050980549
PPIAL4E,0.03370785884623871
PPIAL4G,7.586309305039754
PPIB,2852.066528972548
PPIC,146.59204610488857
PPID,1676.7838021543769
PPIE,7.268656279759469
PPIF,791.9643087481687
PPIG,15.57168365955267
PPIH,522.7643577282413
PPIL1,18.071803769789888
PPIL2,1.094022272851452
PPIL3,29.823237877013497
PPIL4,1.737509613100327
PPIL6,0.07034245642237205
PPIP5K1,9.023026979992734
PPIP5K2,6.719757198953912
PPM1A,2.9879272933527843
PPM1B,9.514324538479249
PPM1D,0.9743711385002852
PPM1E,0.02094742618319001
PPM1F,9.778243667809024
PPM1G,23.912056440301438
PPM1K,5.13773758982772
PPM1M,9.170824168048473
PPOX,5.269499364624177
PPP1CA,581.2190655205429
PPP1CB,470.9711164670657
PPP1CC,68.62847184811054
PPP1R1A,0.036771283342323734
PPP1R1B,12.831709839227722
PPP1R2,68.54087062062659
PPP1R3A,0.06646892507772041
PPP1R3B,25.617342074627867
PPP1R3C,34.518203737626216
PPP2CA,248.5442299583097
PPP2CB,101.41460809217696
PPP2R1A,1204.622097760821
PPP2R1B,20.349303885993713
PPP2R2A,71.04468133070235
PPP2R2B,0.01224302372511581
PPP2R2C,0.6079913150522078
PPP2R3A,3.857638256051474
PPP2R3B,0.3681084694959235
PPP3CA,1275.5220619949473
PPP3CB,9.146423885305403
PPP3CC,19.872355152260994
PPP3R1,102.0289821928295
PPP3R2,0.0008685515581522157
PPP4C,132.57611335878178
PPP5C,74.04867965956267
PPP6C,149.24390749876437
PPT1,4.135950884483614
PPT2,0.13987280734422092
PPWD1,8.326835689220456
PRAG1,0.3354345050980549
PRDX1,14070.40256855633
PRDX2,16281.991960786216
PRDX3,216.63777144906118
PRDX6,1563.6638284252542
PREP,63.46795910405826
PRKAA1,21.225454071634953
PRKAA2,5.848708951938693
PRKAB2,15.902558876894629
PRKACA,946.6344770859837
PRKACB,134.1364203485242
PRKACG,0.022899969837447232
PRKAG2,95.94249352095072
PRKAR1A,27.881218696078342
PRKAR1B,14.34398403626189
PRKAR2A,12.263117679077421
PRKAR2B,1.184839921365212
PRKCA,2.6622375676028103
PRKCB,0.01794751441793158
PRKCD,28.55586510227815
PRKCE,14.53977612119669
PRKCG,0.00394490139503812
PRKCH,6.205355660670297
PRKCI,3.771841875364273
PRKCQ,0.029381576858723592
PRKCSH,768.0002512505296
PRKCZ,13.91435949600593
PRKD1,0.5769962211653906
PRKD2,22.476950608884525
PRKD3,0.8587208514915824
PRKDC,0.38609750756228334
PRKG1,0.7638623354034694
PRKG2,0.041665236683197
PRKN,0.21524163632635238
PRKX,0.2532287367720479
PRKY,0.0013478653929192468
PRODH,0.01639213328006033
PRODH2,0.0052192066660991234
PRPF19,285.6512595696772
PRPF4,105.96078912982956
PRPF4B,8.975322458635693
PRPS1,272.6915904779799
PRPS1L1,1.980102750145289
PRPS2,17.0287406984023
PRRT2,0.11923249164630613
PSAP,68.39072468912961
PSAT1,121.29105478403925
PSKH1,89.51831658889216
PSKH2,0.020457724648929112
PSPH,312.23039001481976
PSPHP1,0.3354345050980549
PTDSS1,100.13747347661192
PTDSS2,52.18121036824221
PTEN,4.3704758639284
PTGDS,0.6818868304413762
PTGES,125.50016297675592
PTGES2,300.6420886577161
PTGES3,3892.8188372791406
PTGIS,0.03909483659154849
PTGR1,671.462358583151
PTGS1,1.1749666498271658
PTGS2,3.289376689306167
PTK2,3.463599648140585
PTK2B,49.11396431034244
PTK6,0.10864411575228135
PTK7,0.6337402969700364
PTP4A2,1.9435043173650577
PTP4A3,20.978668286169626
PTPDC1,2.0991503946775607
PTPMT1,14.377750464500174
PTPN1,21.21696641697668
PTPN11,21.574988661949778
PTPN12,2.193977107508956
PTPN13,0.0139578108690625
PTPN14,1.2880244168988144
PTPN18,52.053693629640584
PTPN2,8.346179614827076
PTPN21,12.379112977993511
PTPN22,0.0623373496669957
PTPN23,11.937663207141929
PTPN3,36.60558195442647
PTPN4,3.5058108866480753
PTPN5,0.002336682231507914
PTPN6,24.793995980434172
PTPN7,0.26709058973067595
PTPN9,1.0917913895240259
PTPRA,0.6215084024592394
PTPRB,2.7205949030121914
PTPRC,0.45463425978244243
PTPRD,0.0012554103818527371
PTPRE,2.7572669058760932
PTPRF,73.25465593096922
PTPRG,5.110831356959667
PTPRH,0.004260659901178075
PTPRJ,32.34892685561825
PTPRK,5.376766072871742
PTPRM,7.230832527852024
PTPRN,0.001759404045205186
PTPRN2,0.32627179140205476
PTPRO,0.029421122490087485
PTPRQ,0.3354345050980549
PTPRR,0.1726140411908027
PTPRS,0.1569740319765836
PTPRT,0.00015913659087191437
PTPRU,5.80848889946637
PTPRZ1,0.0011513516448755955
PTRH1,13.418205108605457
PTRH2,526.9165836018669
PTS,39.28397123496143
PUS1,5.588657701628984
PXDN,0.17198725275836646
PXDNL,0.022692126347178893
PXYLP1,0.3900283303635837
PYCR1,2.3186433012526524
PYCR2,400.6366395160942
PYCR3,18.52640291410028
PYGB,1847.5504753439668
PYGL,0.16953337737159468
PYGM,0.0941720854090581
PYURF,0.6402221518630032
QARS,530.1992815781591
QDPR,975.9389490521154
QPCT,0.27919174422203885
QPRT,18.614978835407406
QTRT1,24.084872684682495
QTRT2,3.0803803903498332
RAD1,0.7725115402509266
RAD18,0.6505985540143103
RAD9A,4.804096875381745
RAF1,0.5272329432774396
RAG1,0.23293295961064228
RALBP1,51.408793060271876
RARS,259.834265094917
RARS2,8.587581147498605
RBBP6,0.20021689509531218
RBKS,2.242300664951084
RBP1,66.37404446095576
RBP2,0.006729177290652089
RBP4,0.05571314801685866
RCHY1,10.071487061140608
RCL1,7.489374785267294
RDH10,12.111874967523725
RDH11,660.0008602994512
RDH12,0.01850623869206096
RDH13,23.61600266599479
RDH14,2.109140688637819
RDH16,0.016355481212910306
RDH5,0.01169792305948767
RDH8,0.3354345050980549
REG3A,15.598236131061894
RENBP,86.48572021031042
RET,0.44973199075956893
REV3L,0.6963280445953937
RFC5,11.526259601111454
RFK,44.85606829399906
RFWD3,3.6982156154836177
RGL1,1.2131220217597891
RHAG,0.3012257575781964
RHBG,206.82012041327346
RHCG,265.5103422451633
RING1,1.6312869283106555
RIOK1,0.22126297405147963
RIOK2,0.17986840108421207
RIOK3,27.948837415366995
RIPK1,5.117388970453501
RIPK2,3.3009988400216694
RIPK3,5.727692781959632
RIPK4,2.382291419178978
RIPOR1,1.8350848174091228
RNF103,15.144042299342898
RNF115,17.67359931102273
RNF123,22.003518352541118
RNF125,0.08919905193117413
RNF126,29.336813440284075
RNF128,0.006802753388767093
RNF13,39.415875004542904
RNF130,69.38340660298749
RNF133,0.05003429570619279
RNF138,3.7203847471968046
RNF139,12.317922801269557
RNF14,54.8920791289508
RNF144A,19.7647316884615
RNF144B,1.7683397632716722
RNF146,9.407254731256385
RNF149,71.25406920253155
RNF152,32.546913491357074
RNF167,97.2252938763976
RNF180,4.01809805680395
RNF182,0.00913232730507178
RNF185,26.273587540283593
RNF187,327.89485352848476
RNF19A,5.909381962186245
RNF19B,10.982523472513963
RNF2,4.947351485158369
RNF20,1.6286528542272738
RNF216,9.000248567091695
RNF217,0.8001541358043015
RNF25,16.35766473712352
RNF31,40.001718063515305
RNF40,2.907532491041047
RNF41,7.741401053937466
RNF5,0.0007060954177829574
RNF8,1.44474272463669
RNGTT,1.5360671765328302
RNMT,37.02364393687591
ROCK1,7.057601964023024
ROCK2,4.918320941674487
ROR1,0.4642559886006439
ROR2,0.0005414583611320696
RORA,0.2735564431795544
ROS1,0.16602267687961664
RPAP2,2.2055549804645076
RPE,47.51724752442627
RPE65,0.011728131313476612
RPIA,15.28897764495911
RPL14,603.7387557378183
RPN1,1432.2889575532454
RPN2,558.189049544941
RPP14,91.38644038191232
RPS6KA1,82.89543363009842
RPS6KA2,11.20724531195767
RPS6KA3,1.195764827091499
RPS6KA4,1.3133599700113148
RPS6KA5,0.04183158775076775
RPS6KA6,0.05476053364019771
RPS6KB1,0.5420650280645887
RPS6KB2,31.027754889128275
RPS6KC1,0.16809412395485646
RPUSD4,0.528802348943326
RRM1,13.79102253845139
RRM2,0.3331335857174898
RRM2B,19.5470030079351
RTCA,1.6973780629584712
RWDD2A,0.9123952759324202
RXRA,24.36905658077324
RYK,19.140366521377274
SACM1L,81.83469765844288
SAE1,238.30846655994344
SAP130,0.4477879107093158
SARDH,0.03310405165965538
SARS,166.0622248366909
SARS2,7.625297072218583
SAT1,1887.42120900618
SAT2,32.3465852272363
SBK1,0.3463229574091835
SC5D,1.7142905425756392
SCARB1,6.729088550349711
SCARF2,0.12305937447455262
SCD,207.3740900507333
SCD5,0.2014293913515081
SCLY,0.027533888184935445
SCP2,432.37769928094605
SDC1,10.834057288338755
SDHA,1351.2750013429973
SDHB,819.1004509481604
SDHC,20.054839450538253
SDHD,12.175846315393361
SDR16C5,0.0059291163858570545
SDR42E1,9.113397889211686
SDR42E2,0.3354345050980549
SDR9C7,0.6181733836443202
SDS,3.9888300489381834
SDSL,5.466340676127323
SEC11A,401.5501460155424
SEC11C,50.47842920648228
SELENOI,0.1784505883933933
SEPHS1,488.700065814183
SEPHS2,365.7891878208892
SERPINA1,9.994899437048938
SERPINA3,0.009408321386163201
SETD1A,0.3065141136956786
SETD1B,8.75589984922299
SETD2,0.039258039248822534
SETD5,9.29034171385897
SETD7,11.145148697521826
SETDB1,0.12729322054989844
SETDB2,3.246022784170784
SETMAR,12.031686870675783
SFXN3,1624.8003175723968
SGK1,11.546860687699827
SGK2,54.36214944713149
SGK3,0.029204785507398967
SGMS1,17.23088504975581
SGMS2,11.055540076162188
SGPL1,86.87497306947337
SGPP1,0.37071393880051867
SGPP2,47.206442859820925
SGSH,15.953765388286868
SH3RF1,4.4407346295965935
SH3RF2,0.07868764168195233
SH3RF3,0.14086871234604512
SHMT1,28.26435501830271
SHMT2,425.8198790228231
SHPK,3.3879152219334876
SHPRH,0.3328430181397663
SI,0.0004157054874793745
SIAE,98.27615773452845
SIAH1,11.832323622329405
SIAH2,12.820083307358795
SIK2,8.578901655437788
SIK3,2.56598718556297
SIN3A,4.026945513968583
SIN3B,0.07295855779946558
SIRT1,3.2863908859880513
SIRT2,114.69063384207753
SIRT3,13.350830591588029
SIRT5,8.68582818050889
SIRT6,23.209070974067455
SIRT7,5.218855955278956
SLC10A1,0.7013693927428878
SLC10A2,0.0007545752058583568
SLC10A6,0.0060129107857857435
SLC11A1,0.4089310252738203
SLC11A2,3.8938825285176977
SLC12A1,0.001350147844200484
SLC12A2,2.362314014136487
SLC12A3,0.17663836032638597
SLC12A4,0.7051950007291976
SLC12A5,0.025943893005844033
SLC12A6,0.09638671361614147
SLC12A7,12.595982542986631
SLC13A1,0.003075492732852702
SLC13A2,0.0011932669511113257
SLC13A3,0.0604417391403161
SLC13A4,0.056349819948646795
SLC13A5,0.11163659041069766
SLC14A1,52.828839622179196
SLC14A2,0.3424334864954856
SLC15A1,0.09490302837853704
SLC15A2,0.010085318014991941
SLC15A3,8.859483240055678
SLC15A4,10.585322506400754
SLC16A1,18.22299428652751
SLC16A10,1.8787615673323508
SLC16A2,0.12292731349583831
SLC16A3,44.185997397766634
SLC16A7,11.243372068021488
SLC16A8,11.79969074764688
SLC17A1,0.004623276365164773
SLC17A2,0.014797084619435076
SLC17A3,0.0480606884147512
SLC17A4,0.016758172785412122
SLC17A5,14.371459225152794
SLC17A6,0.03561924497624714
SLC17A7,0.051209978697412326
SLC17A8,0.0007052985221020987
SLC18A1,0.0010340339328662436
SLC18A2,5.550486779883132
SLC18A3,0.06214561646399096
SLC19A1,0.2596779728305706
SLC19A2,20.615927118907244
SLC19A3,0.3285937411389754
SLC1A1,0.020630072781300076
SLC1A2,0.022961086919021267
SLC1A3,0.22599144679121816
SLC1A4,0.7728890430315118
SLC1A5,171.4012990518463
SLC1A6,0.07694788869193199
SLC1A7,0.0011749761540250613
SLC20A1,72.4052486557805
SLC20A2,54.88438078224312
SLC22A1,0.04423191858066881
SLC22A10,0.0012357105074932446
SLC22A11,0.0012750235548817785
SLC22A12,0.0009320369342613808
SLC22A13,0.003031326294755774
SLC22A16,0.0017253222164470025
SLC22A18,98.87442514988686
SLC22A2,0.0012750235548817785
SLC22A3,0.0004528033924267632
SLC22A4,0.09978593749538868
SLC22A5,8.692289181890995
SLC22A6,0.0014926252203478127
SLC22A7,0.005105521874039928
SLC22A8,0.6796964855365107
SLC22A9,0.11807453767167743
SLC23A1,0.01995823786289103
SLC23A2,5.310692199052216
SLC24A1,2.5879183474874212
SLC24A2,0.006863431993738574
SLC24A3,18.528502328849882
SLC24A4,0.003176823521618952
SLC25A1,498.419370659427
SLC25A10,28.45717791205897
SLC25A11,2052.5874474004604
SLC25A12,955.9684931776133
SLC25A13,96.6494654410513
SLC25A14,2.4278205403376862
SLC25A15,8.028365069061863
SLC25A16,4.535950158678171
SLC25A17,9.578114509432417
SLC25A18,0.5387726527618324
SLC25A19,8.05422035085636
SLC25A2,0.03239209371903666
SLC25A20,18.25382463110339
SLC25A21,0.007128111880348658
SLC25A22,7.3334671501807644
SLC25A26,12.070008941661973
SLC25A27,0.2705769397444675
SLC25A28,25.080197782584303
SLC25A29,17.560498989583014
SLC25A3,6924.334069998359
SLC25A37,1.9523333304590498
SLC25A4,4083.5169609774875
SLC25A5,17415.74727181175
SLC25A6,192.20376370189737
SLC26A1,2.600106823939707
SLC26A11,3.4406249107094373
SLC26A2,1.5392529941255217
SLC26A3,0.05966093222731224
SLC26A4,0.47827482910319463
SLC26A6,2.4103648033381813
SLC26A7,17.395247500938968
SLC26A8,0.0008008189179450711
SLC26A9,0.0043888342395483285
SLC27A1,12.186687381739135
SLC27A2,0.06783452287703637
SLC27A3,2.1110373213108433
SLC27A4,14.5080687641599
SLC27A5,0.8157881685011884
SLC27A6,0.0026517528902135655
SLC28A1,0.006810446383013254
SLC28A2,0.007759869499852034
SLC28A3,0.0005530696257747908
SLC29A1,106.25561302819604
SLC29A2,62.4342112388371
SLC29A3,0.6719467845313064
SLC29A4,12.135248647070307
SLC2A1,62.605850589965776
SLC2A10,0.10949956294345027
SLC2A11,13.754170386745132
SLC2A12,1.832051177011057
SLC2A13,0.2223616036661905
SLC2A14,0.021917519062739935
SLC2A2,0.7271472329221568
SLC2A3,5.378135088755066
SLC2A4,49.75642243822636
SLC2A5,0.02082662381393706
SLC2A6,2.6947572166800695
SLC2A7,0.02769435809366143
SLC2A8,19.685354396585208
SLC2A9,2.5562704646809187
SLC30A1,2.168249908609831
SLC30A6,7.143076425551084
SLC30A7,10.839238872206174
SLC31A1,22.69070660568028
SLC32A1,1.4740945089441455
SLC33A1,1169.1759174292881
SLC34A1,0.0008447705293687301
SLC34A2,0.03238230860530455
SLC34A3,0.0034725653831689297
SLC35A1,6.5726913669577645
SLC35A2,21.524200046541345
SLC35A3,8.26817930588974
SLC35B2,0.9788457323516742
SLC35B4,5.727514889592102
SLC35C1,12.354317892147053
SLC35D1,4.355083190638396
SLC35D2,12.951309771368713
SLC36A1,2.6826479203015996
SLC36A2,0.0008574791981651122
SLC36A4,2.9939640823563263
SLC37A1,3.185305308722022
SLC37A4,24.65415614605404
SLC38A1,177.15160911528042
SLC38A2,95.06750177731932
SLC38A3,0.9560947720745321
SLC38A4,0.007045462158784436
SLC38A5,0.037447063169348906
SLC39A7,8.501498966266677
SLC3A1,10.481168247727414
SLC3A2,580.936537949041
SLC40A1,30.50480739190176
SLC41A1,1.7483266231270769
SLC41A2,2.937207362054086
SLC43A1,0.1367266248957376
SLC43A2,333.3369872001913
SLC46A1,0.18603071566981041
SLC47A1,0.08395769164479376
SLC47A2,0.0032986282778608746
SLC4A1,15.307699527414727
SLC4A10,0.0010599781895050345
SLC4A2,65.27354488045017
SLC4A3,17.628086191770247
SLC4A4,0.05411141330832329
SLC4A5,0.785137413619623
SLC4A7,0.06939745660006125
SLC4A8,0.7220614463623908
SLC4A9,10.884626156835669
SLC51A,0.15730939956507933
SLC51B,0.1317954273752661
SLC52A1,0.11277172956640528
SLC52A2,0.09357936368667576
SLC52A3,0.28454763876001143
SLC5A1,1.185227294400971
SLC5A10,5.692411577255143
SLC5A11,0.0013890145851640585
SLC5A12,0.0016204298047661461
SLC5A2,0.008602774411690788
SLC5A3,24.53327291453025
SLC5A5,0.00480674514794294
SLC5A6,11.7101938783466
SLC5A7,0.0012366361073421785
SLC5A8,0.0009029917135811554
SLC5A9,0.017467319811964314
SLC6A1,0.09191058139026459
SLC6A10P,2.7381337053243664
SLC6A11,0.007047734943960157
SLC6A12,114.65486505208649
SLC6A13,0.026376356586944243
SLC6A14,0.0005921252071612998
SLC6A18,0.0015845358038697908
SLC6A19,0.0005042530906493104
SLC6A2,35.829208293660415
SLC6A20,12.333408756354636
SLC6A3,0.0007166026191521484
SLC6A4,0.008634477956741781
SLC6A5,0.10319845039380167
SLC6A6,1.5258995195525835
SLC6A7,0.0060459818321873865
SLC6A8,286.52807892924915
SLC6A9,2.0442270643026523
SLC7A1,3.720462628788593
SLC7A10,0.004311348582094982
SLC7A11,1.939801946345275
SLC7A2,0.11778960848648333
SLC7A3,0.04448941571177317
SLC7A5,1.8664667210751251
SLC7A6,9.717348345519461
SLC7A7,1.5080214174128495
SLC7A8,11.647773652101883
SLC7A9,0.0019803400224610345
SLC8A1,0.23860821104602298
SLC8A2,0.004046645998205735
SLC8A3,0.23722842177089118
SLC8B1,0.13932836983899105
SLC9A1,99.30704815461543
SLC9A2,16.714927779988574
SLC9A3,1.5522176341269391
SLC9A4,3.883848409954041
SLC9A5,0.029157444668303632
SLC9A7,1.978605185824614
SLC9A8,6.822928427697794
SLCO1A2,0.1835430545458555
SLCO1B1,0.5745214485775751
SLCO1B3,0.04767210311424515
SLCO1C1,0.01761419202948063
SLCO2A1,18.006961400618536
SLCO2B1,1.954222493585816
SLCO3A1,6.669588367796257
SLCO4A1,61.32908196620109
SLK,22.756449735114902
SMARCD3,22.191383033012745
SMG1,0.601657632788599
SMPD1,209.3179361455133
SMPD2,3.6560845587681006
SMPD3,0.0372165055087181
SMPD4,5.2505129856469415
SMS,129.10065518491385
SMURF1,8.89537606993184
SMURF2,1.7214713250959175
SMYD3,1.7896819545865166
SNRK,15.927258431368463
SOAT1,6.389279786725371
SOAT2,0.001631818144328727
SOD1,4079.5115385025233
SOD2,160.46269410621923
SOD3,1.1788968947579814
SORD,3.8705359310228467
SPCS1,234.95547889963117
SPCS2,227.72265785070326
SPCS3,849.0880151946361
SPEG,0.5875743941425966
SPHK1,0.48322930841191164
SPHK2,1.7851073597171996
SPR,1667.7695118669444
SPRYD3,59.77039756077823
SPTLC1,70.04090848215277
SPTLC2,7.81679690721499
SPTLC3,3.9225632057148805
SQLE,0.5539389882941551
SRC,8.27675286167237
SRD5A1,51.9835277690777
SRD5A2,0.005413301978178317
SRD5A3,4.103831266299234
SREBF1,65.75161019745046
SRM,145.1757970457489
SRMS,0.14458364759356968
SRPK1,3.3635115825187274
SRPK2,7.63056771055256
SRPK3,0.233307150825056
SSH1,7.947951540591297
SSH2,1.027666869430279
SSH3,23.298515428750342
SSR4,841.2054577185573
SSU72,139.45836604051271
ST3GAL1,136.42898774086296
ST3GAL2,10.825765596930916
ST3GAL3,4.217704056706298
ST3GAL4,3.233803014218787
ST3GAL5,12.515682575119234
ST3GAL6,54.42602800444954
ST6GAL1,90.15031296644229
ST6GALNAC1,0.0012544596499247317
ST6GALNAC2,5.747713300444059
ST6GALNAC3,0.19031464842557866
ST6GALNAC4,75.6785725226007
ST6GALNAC5,0.001674231766050959
ST6GALNAC6,23.60469184162785
ST8SIA1,0.00790175690965857
ST8SIA4,0.28239134400724336
ST8SIA5,151.81470581948852
STAMBP,10.85268988275516
STAMBPL1,1.9273956148871996
STARD3,8.910704306971882
STK10,0.2752606766993865
STK11,33.197424942942426
STK16,1.8557799552230632
STK17A,19.358641301734462
STK17B,0.3467421320780407
STK19,0.26375913994329764
STK24,33.46637801426456
STK25,5.351572678872238
STK26,0.629690691282171
STK3,22.346558502784813
STK31,0.04374371410795598
STK32A,13.110530386760736
STK32B,0.2329919630085967
STK32C,0.5283441522522931
STK33,2.7374775889268217
STK35,12.8757408032554
STK36,3.0646693420396294
STK38,2.5737319491322888
STK38L,3.819294041488672
STK39,99.01258661467375
STK4,1.0918252417741863
STRA6,0.001178934486875354
STS,4.47125308959339
STT3A,22.230100766249176
STT3B,42.38660181289146
STUB1,109.89564268247108
STYK1,0.04166881061113361
STYXL1,29.061140097174224
SUCLA2,136.54057183387806
SUCLG1,1914.8599385309706
SUCLG2,1093.45588659044
SULT1A1,149.2242631755809
SULT1A2,10.867012422337568
SULT1A3,3.7503041530200782
SULT1B1,0.04257507474910378
SULT1C2,145.40729382295834
SULT1C4,0.14216993849508017
SULT1E1,1.3273511575593253
SULT2A1,3.553854432798619
SULT2B1,1.3005888124059337
SULT4A1,3.5928987024544825
SUOX,42.706432172543465
SUV39H1,1.4498862084889967
SUV39H2,0.3404736433040772
SYK,39.80610114505768
SYNJ1,0.02325932888464921
SYNJ2,0.011205177966853132
SYVN1,1.9050721542134905
TAF1,1.4477521823927828
TALDO1,228.74028144316802
TAOK1,1.3240634857302973
TAOK2,33.12106811270911
TAOK3,12.870607909490586
TARS,368.2346801905175
TARS2,1.8593481924149065
TARSL2,11.265756356199985
TAT,0.00463943768832077
TBCB,133.3803773027864
TBK1,1.2967027186494402
TBL1X,4.033968777818003
TBL1XR1,10.356767252099145
TBXAS1,25.281653177798088
TCIRG1,10.506650830928042
TDO2,0.06230914000959047
TECR,119.45046837779529
TECRL,0.11400593534832566
TENT2,0.15316461371698084
TENT4A,0.45357387630786017
TESK1,43.33802660017328
TESK2,0.10870508347646127
TFRC,82.03945207861824
TGDS,2.3968491589886174
TGFBR1,17.290207099986524
TGFBR2,39.18887391556661
TGM1,3.208252778522737
TGM2,4.8602076016030376
TGM3,0.12124668710309891
TGM4,0.006025790786536338
TGM5,0.002743191357272172
TGM6,0.003493987343088914
TGM7,0.01438308791538765
TGS1,3.291945505150973
TH,0.004416007103379301
THNSL1,1.718532245938975
THTPA,8.275629049161116
TIAM2,2.5437819883701067
TICRR,0.05167590734814967
TIPARP,2.2946190422041086
TK1,1.6746066387594563
TK2,56.597253967838796
TKFC,17.655218887752373
TKT,129.31922682697638
TKTL1,0.17394845749891208
TKTL2,0.3040568295727089
TLK1,23.42187200768553
TLK2,0.1131998840521044
TM7SF2,55.52664059603321
TMEM91,0.33169959599520815
TMLHE,3.565437964055048
TMX3,16.372015779036303
TNFRSF21,61.235289312952666
TNIK,2.9206037342574405
TNK1,1.4673855479151559
TNK2,8.781828462074152
TNKS,3.7038201479968325
TNKS2,4.569777793881384
TNNI3K,0.3354345050980549
TNS2,1.434061794943761
TOPORS,5.8578935401356915
TP53RK,5.195645060918751
TPH1,0.007937424898672805
TPH2,0.0013814590135134699
TPI1,14383.189677359045
TPI1P2,21.268242146401146
TPK1,0.5162408998136225
TPMT,9.202869218574378
TPO,0.0009549314591569615
TPP1,238.94525251159865
TPSAB1,0.019668846664463932
TPSB2,0.05752734357149887
TPSD1,0.00509018651142955
TPST1,9.669207280260581
TPST2,143.32583479249985
TPTE,0.0062506604010685324
TPTE2,0.0037818475365703763
TRAF7,51.6545584383648
TRDMT1,0.09006640034428474
TREH,0.001884766970169832
TREX1,11.913817055121564
TREX2,0.05986012554783815
TRHDE,4.8307686202728055
TRIB3,90.46693022371107
TRIM11,8.329596919098245
TRIM32,0.6850478776329474
TRIM33,2.6391207772504335
TRIM63,0.5828185949801588
TRIO,0.5404853482099363
TRIP12,9.155837794155909
TRIT1,2.9236368197759695
TRMT1,3.368887617102397
TRMT11,3.0189106242317045
TRMT1L,5.027471353361736
TRMU,12.933417178331643
TRPM6,1.0170129350148984
TRPM7,4.802459331795692
TSSK1B,0.024981694842670363
TSSK2,0.0231714118888251
TSSK3,0.3131974916156142
TSSK4,0.19086915699338686
TSSK6,0.964175517506579
TST,38.45282138071215
TSTA3,423.12165824136406
TTC3,9.586331425460036
TTK,0.016924561727203496
TTL,2.914775197334923
TTLL10,0.031166348046309796
TTN,0.020677417769114838
TUSC3,0.7697970275810002
TUT1,0.2746342753838209
TUT4,0.6950417161591614
TUT7,0.1907089895411479
TXN,1812.0483257844212
TXN2,102.38589887338813
TXNRD1,201.7449695271341
TXNRD2,25.89715652879357
TXNRD3,1.058643124178593
TYMP,32.959909218183
TYMS,4.86001350721224
TYR,0.1046323172264974
TYRO3,0.4838687118120569
TYRP1,0.07742938318513164
UAP1,36.44009720628829
UAP1L1,56.438955902061025
UBA1,995.9326206507284
UBA2,70.0584969577361
UBA3,60.219421639912305
UBA6,81.84129533252974
UBA7,9.942174875454707
UBE2A,52.52164595448045
UBE2B,51.583978263395494
UBE2C,1.8811569784223399
UBE2D1,20.671325996640782
UBE2D2,33.235245603044746
UBE2D3,1838.0728909071306
UBE2D4,4.254031346110588
UBE2E1,33.06636954949404
UBE2E2,6.258358006819243
UBE2E3,9.883991972095327
UBE2F,2.374053691225388
UBE2G1,9.272817923900417
UBE2G2,4.394332179410248
UBE2H,208.27840944788693
UBE2I,1847.7060442293277
UBE2J1,4.920173382212548
UBE2J2,22.25034257422616
UBE2K,682.7947512184811
UBE2L3,900.9076945923492
UBE2L6,23.50085731733567
UBE2M,221.93538154535648
UBE2N,46.46232552114667
UBE2NL,12.632754165924794
UBE2O,2.9802251648468023
UBE2Q1,7.491709390100982
UBE2Q2,1.7065981909298777
UBE2QL1,7.670416054263972
UBE2R2,12.059410064774227
UBE2S,6.206880252624704
UBE2T,0.7837696606212344
UBE2U,0.014490171146819726
UBE2W,10.451792225452266
UBE2Z,50.47260520846835
UBE3A,19.458163793896652
UBE3B,16.855406017964373
UBE3C,9.656888228089759
UBE4A,0.9370071758630368
UBE4B,1.5260134510384749
UBLCP1,41.109016684469964
UBR1,0.3635819445654584
UBR2,1.7905427279205863
UBR3,0.031765006221376124
UBR4,5.358780441962471
UBR5,0.29150415045738126
UBR7,35.85894615851609
UCK1,25.221844999684116
UCK2,0.8892461197324563
UCKL1,57.345196453482565
UCP1,0.2206419671601406
UCP2,18.19926118869571
UCP3,0.041809647612702054
UEVLD,6.343805684725102
UGCG,11.271217345509148
UGDH,77.85011417090897
UGGT2,1.2408628796690693
UGP2,3023.8753311433193
UGT1A1,0.5818457107151666
UGT1A10,0.14272264379251745
UGT1A3,1.0114790584917612
UGT1A4,0.0013710032685983146
UGT1A5,0.4044927492424471
UGT1A6,0.31332513959405883
UGT1A7,0.817507176308654
UGT1A8,0.1293154038699776
UGT1A9,0.11549856641655931
UGT2A1,0.3354345050980549
UGT2A3,1.2389146853275619
UGT2B10,1.2536713325042186
UGT2B11,0.002095881070800476
UGT2B15,0.013053745767198009
UGT2B17,0.0006694670598574372
UGT2B28,0.004655699761282369
UGT2B4,0.006569306313038317
UGT2B7,0.014552670530913634
UGT3A1,0.00049757015686254
UGT3A2,0.0013628863331040274
UGT8,99.56815098343738
UHMK1,29.450941541555494
UHRF1,0.06884617835444343
UHRF2,3.2907006331883517
ULK1,30.387594033772896
ULK3,54.76094709977055
ULK4,0.09313440777172971
UMPS,75.30115914640633
UPB1,0.023676049476069116
UPP1,173.16962537447978
UPP2,0.012313192667486709
UPRT,4.85857230695181
UQCR10,158.72929419832846
UQCR11,485.3312974213661
UQCRB,164.1556964666034
UQCRC1,10066.719089055112
UQCRC2,15928.863354454987
UQCRFS1,971.8515446550773
UQCRH,211.76865128489595
UQCRQ,343.7354230106217
UROC1,0.0008498135491193307
UROD,108.36533293276084
UROS,27.028650941739755
USP1,6.035716804505937
USP10,8.087067578611377
USP11,24.19253751705827
USP12,3.8898560320622915
USP13,0.14223900215346147
USP14,118.41846862404402
USP15,2.0648219341755607
USP16,10.90022224795807
USP17L2,0.002288745894885613
USP17L22,0.04998256910149056
USP17L30,0.050968258904732194
USP17L5,0.050968258904732194
USP17L9P,0.3354345050980549
USP18,0.31452472898271905
USP19,1.6370235786923208
USP2,11.998739785910818
USP20,4.334453812695893
USP21,7.307429991574733
USP22,70.47306287395571
USP24,1.2026161066000927
USP25,0.09610327383880779
USP26,0.08118014005684498
USP28,7.975168101856656
USP29,0.0008013894860617277
USP3,0.4858328122674367
USP30,0.6457020611796892
USP31,1.4184779530057137
USP32,0.26742449547942054
USP33,17.44466677779319
USP34,10.17114154340361
USP35,3.0297418723427847
USP36,4.03843829022737
USP37,1.1571236641504568
USP38,12.54265830543277
USP4,4.112607556838985
USP40,0.5266474866786546
USP41,0.01834435481333142
USP42,2.493593492738065
USP43,0.4430646523759375
USP44,0.0008203344314468669
USP45,0.6892126760540781
USP46,1.8660161535249786
USP47,3.5464474917384265
USP48,0.3521173493010799
USP49,0.02543104197201987
USP51,1.8073539689782954
USP6,0.018071973706639856
USP7,59.2582737742475
USP8,0.7141044355374444
USP9X,4.920116498448233
USP9Y,0.00021508767384593105
UST,1.674577822721593
UXS1,73.99114919698955
VARS,4.83645858891049
VARS2,6.630469751604778
VKORC1,76.6289233617169
VNN1,0.0199090659746228
VNN2,0.04379102098973035
VNN3,0.004894474649308151
VRK1,18.67391375578885
VRK2,4.1068759247002165
VRK3,15.412878008778637
WARS,509.88750882878225
WARS2,3.0393402901149322
WDYHV1,16.106555289003133
WEE1,5.43752600495019
WEE2,0.004056157903405542
WNK1,3.1431922563863792
WNK2,0.03643848679140946
WNK3,0.677987099263297
WNK4,0.1035346495991399
WWOX,2.67544963199374
WWP1,52.50948641733286
WWP2,0.3048709354920112
XDH,0.048924022816653236
XPO6,0.5819977261672539
XPO7,22.050230120929484
XYLB,0.027463196357489547
XYLT1,0.05536078974478118
XYLT2,9.02572877516953
YARS,2561.5557022222165
YARS2,27.84891994201478
YES1,17.891232730597075
ZADH2,9.429532158523
ZAP70,0.24656703923840473
ZC3HAV1,1.3976370213110105
ZNRD1,0.4571730077028746
ZNRF1,18.208679871264867
ZNRF2,11.428139759021079
ZSWIM2,0.015679988656711358
