A4GALT,44.54160999542686
A4GNT,0.21321462884586356
AACS,67.73747742536737
AADAC,0.0010645152985574538
AADAT,2.1611006459194972
AAK1,18.573915393791868
AANAT,0.05544459529296229
AARS,716.9657907195025
AARS2,17.78193894871064
AASDH,1.1602020268336157
AASDHPPT,4.644853225234412
AASS,2.638608018841964
AATK,0.5381372141631509
ABAT,0.12528613868771576
ABCA1,11.225658691762815
ABCA3,0.40363560972882884
ABCA4,0.14894973416890062
ABCA8,0.7700589612038599
ABCB1,1.5076582819641908
ABCB11,0.04664320692677182
ABCB4,0.047810695885216
ABCB6,23.949772683278535
ABCC1,0.7441713192808346
ABCC11,0.005317765616402811
ABCC2,0.19802017933225727
ABCC3,0.8912597015142762
ABCC4,0.9949469622540973
ABCC5,5.044805613662718
ABCC8,0.0005874429714520229
ABCC9,0.2622711758169666
ABCD1,3.706622763268825
ABCD2,0.07697900764144353
ABCD3,42.41958626673959
ABCG2,0.8290834864374378
ABCG5,0.004578963830841792
ABCG8,0.0005354315371044393
ABHD12,57.112570144862445
ABHD5,2.183778504540775
ABHD6,6.205630364094785
ABL1,68.85851249032662
ABL2,2.3185075033127136
ABO,0.04294944202752487
ACAA1,36.07583498980187
ACAA2,100.38885786383061
ACACA,9.01794747466457
ACACB,4.8913518552757385
ACAD10,14.661719386575106
ACAD11,0.0373023433126676
ACAD8,23.024157996486764
ACAD9,247.7238819082313
ACADL,2.0884998888909356
ACADM,9.469702528428101
ACADS,21.393482082961388
ACADSB,21.48320864430967
ACADVL,503.5360883672681
ACAT1,30.720772740898134
ACAT2,5.154857076930639
ACE,5.91322588630743
ACE2,0.001637976707567987
ACER1,0.004624708258878511
ACER2,0.0385103202494005
ACER3,2.3425410177257735
ACHE,0.18986755303675124
ACLY,39.07560699247907
ACMSD,0.001495645352632518
ACO1,29.039928951452563
ACO2,15.722239671187594
ACOT1,1.8007505318612032
ACOT11,0.07798853353482828
ACOT12,0.09846384054416166
ACOT13,3.747115729700486
ACOT2,3.3562739937471364
ACOT4,0.25730477428520415
ACOT6,0.022899660917235342
ACOT7,16.8626473841696
ACOT8,41.21528384963349
ACOX1,1.93640344885423
ACOX2,2.214904758157404
ACOX3,5.025915424454523
ACP1,6356.487061499586
ACP2,21.717066453995653
ACP4,0.0036202735317779565
ACP5,33.010909382187165
ACP6,1.9336732331852853
ACP7,0.44999467512671487
ACPP,0.35216776037912706
ACSBG1,0.10057831585160587
ACSBG2,0.004643228830395461
ACSF2,12.63342869553817
ACSF3,6.392881875903521
ACSL1,190.98846076380627
ACSL3,7.05335456666312
ACSL4,2.7441279748284555
ACSL5,5.624395973501277
ACSL6,0.010954876962300266
ACSM1,0.0007638779665555407
ACSM2A,0.0585122933778039
ACSM2B,0.06320048198640206
ACSM3,0.32174863870850595
ACSM4,0.024657947535466296
ACSM5,0.26558601336896087
ACSS1,6.645653497797525
ACSS2,10.322343079211494
ACSS3,4.846214829563865
ACVR1,77.38970310355026
ACVR1B,11.820113855113565
ACVR1C,0.12100146896931421
ACVR2A,5.063238939932967
ACVR2B,0.2528341732249965
ACVRL1,71.45928306918078
ACY1,7.734527082030908
ACY3,0.19124659851260795
ACYP1,6.4529198908962115
ACYP2,2.98044215689993
ADA,19.262477354634445
ADCY1,2.740065382114118
ADCY10,0.01031621037843403
ADCY2,0.004088437467622361
ADCY3,10.054553554528823
ADCY4,1.3071587161611251
ADCY5,0.03770515340029581
ADCY6,7.174555637160179
ADCY7,6.022604301048975
ADCY8,0.006785562725829863
ADCY9,2.3709868603525464
ADH1A,0.01037068423042611
ADH1B,0.0738810632954775
ADH1C,1.092929725187641
ADH4,0.04357098504932968
ADH5,440.5020522294612
ADH6,0.006374508316232609
ADH7,10.483258486410527
ADHFE1,0.2870427043829621
ADI1,134.40214597879768
ADK,7.8276645653877575
ADO,18.781374216715736
ADPGK,99.92753489111887
ADPRH,10.75243461914581
ADSL,446.712132820628
ADSS,69.62417026865843
ADSSL1,0.8231383954443636
AFMID,9.242021198677925
AGA,20.80139614053184
AGK,11.516559069001636
AGL,0.19971136245935928
AGMAT,0.08604516417207914
AGPAT1,1.618246073754424
AGPAT2,98.57314222635517
AGPAT3,12.117494341183653
AGPAT4,0.5454391302676954
AGPAT5,2.5945406700023232
AGPS,21.701185941229426
AGT,18.649363426313457
AGXT,0.009517280565252296
AGXT2,0.002731163563320316
AHCY,3277.0579461316615
AHCYL1,22.462488993696937
AHCYL2,2.209680974935649
AICDA,0.004459298240832705
AK1,433.98423646868326
AK2,327.7412513875049
AK3,6.369359427191791
AK4,163.87061597996149
AK5,1.5729100876681816
AK7,0.006142323247871491
AKR1A1,376.3283219193141
AKR1B1,733.4518526226458
AKR1B10,35.46528854588548
AKR1B15,0.5055384801418977
AKR1C1,92.30472417456846
AKR1C2,8.197785095719583
AKR1C3,71.12920010925407
AKR1C4,0.07454136089411986
AKR1C8P,0.3354345050980549
AKR1D1,0.016995100466862294
AKR7A2,106.08241583168927
AKR7A3,0.1594722926315693
AKT1,8.283831892383379
AKT2,1.5703013728088575
AKT3,5.0315969201851765
ALAD,225.8155651925389
ALAS1,43.53486851862264
ALAS2,0.9267191014799577
ALB,0.009461002548255259
ALDH18A1,231.47093999617832
ALDH1A1,15.929022014481692
ALDH1A2,0.0364829384291247
ALDH1A3,0.8978404097221727
ALDH1B1,4.405378078013843
ALDH1L1,0.01116648536818051
ALDH1L2,5.054533341439331
ALDH2,446.3122180516101
ALDH3A1,0.017375199694311477
ALDH3A2,69.67865907251397
ALDH3B1,11.326290996682463
ALDH3B2,0.012030966489087504
ALDH4A1,1.0588543997162687
ALDH5A1,0.19186116984171853
ALDH6A1,0.5742707243698224
ALDH7A1,8.090357231896007
ALDH9A1,953.936936943261
ALDOA,7770.633724009499
ALDOB,0.0027006573870561133
ALDOC,0.5018464655885104
ALG1,5.313217740571956
ALG10,0.4764613543426862
ALG11,0.6920322281804625
ALG12,20.50764395666429
ALG13,3.8541342316855904
ALG14,18.43350840840159
ALG1L,0.1318743795251268
ALG1L2,0.0021129092511922923
ALG2,79.53096192562522
ALG3,4.659839974964464
ALG5,57.03454144141942
ALG6,1.6678997436494345
ALG8,29.41207910710319
ALG9,1.9104827135234066
ALK,0.004890091117053892
ALLC,0.020663069740127465
ALOX12,0.4378729577371898
ALOX12B,0.0014940233531930437
ALOX15,0.010454658718234039
ALOX15B,0.7059028039016865
ALOX5,21.61521128576349
ALPG,2.1334538652401167
ALPI,0.09522613776587274
ALPL,2.057483792342948
ALPP,0.00048489700764986596
AMACR,11.043313650225068
AMD1,25.306967600045137
AMDHD1,1.1103548979619502
AMDHD2,17.710710926081454
AMFR,0.4301218561034142
AMHR2,0.04394720899682987
AMN,0.01865502398707289
AMPD1,0.004035288088398528
AMPD2,19.85425709313217
AMPD3,3.767405808548971
AMT,0.7727740990055681
AMY1A,0.00044894133990634906
AMY1B,2.6438139326066277
AMY1C,2.6438139326066277
AMY2A,0.017501395025155925
AMY2B,0.6946190999161337
ANAPC11,273.7533235026878
ANGPTL4,440.1516095917692
ANKRD1,0.007144823676778148
ANPEP,2.6377548439487373
ANXA3,3.9726973882133243
AOAH,19.41242885997684
AOC1,0.022327631781835014
AOC2,0.4372617768969489
AOC3,5.6949223470232235
AOX1,1.8860265582366962
APOA1,0.08424355736512196
APOA2,0.6163190989905932
APOA5,0.0008284124115387814
APOB,1.4927272133171663
APOC1,1054.732061124958
APOC2,27.211319250515267
APOC3,46.87519708233557
APOE,5117.288031985932
APRT,1210.6646561885818
AQP1,37.07934016437284
AQP10,0.0154272338980338
AQP2,0.00407661537365087
AQP3,1.2806995035611237
AQP4,0.12071685379157386
AQP5,0.2534448770446108
AQP7,0.0865661324203754
AQP8,0.019715034911439586
AQP9,0.7534681669658548
ARAF,2.2625285140628706
ARCN1,233.48849905007918
ARG1,0.034141441489860806
ARG2,12.845204307945924
ARSA,11.110410894530549
ARSB,3.9379296748594257
ART1,12.508037072622695
ART3,1.1320863065913396
ART4,0.6605953935056178
ART5,0.002831284350098724
AS3MT,0.0015236945113876572
ASAH1,116.00699446919766
ASAH2,0.0015648808676106101
ASH1L,0.005365997531012804
ASL,186.44139750111663
ASMT,0.0566304971118221
ASNS,589.1645435161737
ASPA,0.2330765888111409
ASPG,0.0008056949742422914
ASPH,101.76307186125226
ASRGL1,0.45567853958501675
ASS1,431.41782349027295
ATE1,1.0684339013296007
ATIC,375.947954532484
ATM,0.388004527038804
ATP10A,1.0899092081181785
ATP11A,1.8504539660880135
ATP11C,2.009603961104771
ATP1A1,55.49929918812413
ATP1A2,0.3849962009966269
ATP1A3,0.07853367943333103
ATP1A4,0.0008026558918250021
ATP1B1,19.440517922720257
ATP1B2,1.9509477352591287
ATP1B3,62.92714216997122
ATP1B4,0.00478715872915904
ATP2B1,43.24423911123775
ATP2B2,0.00444499101819259
ATP2B3,0.05308016965489168
ATP2B4,8.230885202059401
ATP4A,0.007129029153874389
ATP4B,0.2703572249398832
ATP5F1A,124.53265572432873
ATP5F1B,167.30632217246165
ATP5F1C,21.50971022167614
ATP5F1D,155.46511749348954
ATP5F1E,125.55773209538297
ATP5MC1,4.311892001287344
ATP5MC2,2.868050998110428
ATP5MC3,5.997867959791037
ATP5ME,117.38991896387836
ATP5MF,1.481717785000078
ATP5MG,179.57272888452187
ATP5MGL,23.718922705117464
ATP5PB,5.524565248774745
ATP5PD,6.7181129554220975
ATP5PF,4.959033242795014
ATP5PO,42.13932100131758
ATP5S,0.3354345050980549
ATP6V0A1,2.094800998189662
ATP6V0A2,1.0684785536840122
ATP6V0A4,0.00657742081328266
ATP6V0B,574.1345807709391
ATP6V0C,473.94834677938184
ATP6V0D1,1084.7672602429284
ATP6V0D2,0.04421160596510328
ATP6V0E1,1295.5806237485049
ATP6V1A,114.10498329010709
ATP6V1B1,0.041626427993740986
ATP6V1B2,950.6591391819109
ATP6V1C1,24.331147753878227
ATP6V1C2,0.19256184984893573
ATP6V1D,43.625186864003304
ATP6V1E1,176.10197748966036
ATP6V1E2,1.9255760923508458
ATP6V1F,101.8489109868233
ATP6V1G1,57.95540775514219
ATP6V1G2,0.015376420759719282
ATP6V1G3,0.2330917175245828
ATP6V1H,15.506634760782765
ATP7A,0.7109694594452818
ATP7B,0.03390680456005591
ATP8A1,0.23235501897655197
ATP8B1,0.6867504355725764
ATP8B2,14.53706213960733
ATR,0.021551988300383143
AUH,2.415760241110393
AURKA,0.09538458189213347
AURKB,8.998267970910096
AURKC,0.8443461811040311
AWAT1,0.0633604788899994
AWAT2,0.0032345262781273303
AXL,0.04189063024025129
AZIN2,0.7963414524148358
B3GALNT1,0.7015547225429439
B3GALNT2,4.717251168326761
B3GALT1,0.0031457774020594285
B3GALT2,0.005090478802804831
B3GALT4,0.4808819073998546
B3GALT5,0.1389037682866976
B3GALT6,27.095524256757304
B3GAT1,0.13778671828098762
B3GAT2,0.0008325025380344149
B3GAT3,128.8230600722255
B3GLCT,0.7866139610071975
B3GNT2,11.16844935734823
B3GNT3,0.0034165604704117785
B3GNT4,0.2874613845910211
B3GNT5,2.948048595665484
B3GNT6,0.0014997137618799538
B3GNT7,1.7088343830690995
B3GNT8,0.6982671673133186
B3GNT9,25.936078067929987
B3GNTL1,4.440162411245871
B4GALNT1,8.43109456595965
B4GALNT2,0.08753139082536945
B4GALNT3,2.035322384889915
B4GALNT4,0.2580091046536609
B4GALT1,196.89322452234222
B4GALT2,57.79292650634195
B4GALT3,49.87127328359739
B4GALT4,12.928489217595406
B4GALT5,23.309782060910667
B4GALT6,0.17173300349765028
B4GALT7,49.666376153491896
B4GAT1,2.277812689362301
BAAT,0.010658904490919616
BARD1,0.0914190267721701
BBOX1,0.20651798590214795
BCAP31,1680.0219996635572
BCAT1,23.075236870965735
BCAT2,17.51112720119783
BCHE,0.10843179839432196
BCKDHA,5.53309422101196
BCKDHB,2.119159264543323
BCKDK,55.14995478482675
BCO1,0.06461878427195712
BCR,0.208476400648027
BDH1,0.06581715662093339
BDH2,4.04191049810736
BHMT,0.03173086703090208
BHMT2,0.013958938244072638
BIRC6,1.721574466778162
BLK,0.018072278804284542
BLVRA,1770.6822536991838
BLVRB,2947.0651777142207
BMP1,66.33826116624934
BMP2K,0.35943503181867414
BMPR1A,2.9982297958720534
BMPR1B,0.8192876627168333
BMPR2,5.808698371851551
BMX,0.05596241717682355
BPGM,18.342057585332615
BPNT1,11.577123191616726
BRAF,0.29570087612972895
BRAP,0.30087608975026797
BRPF1,5.314217922788839
BRSK1,1.1496044910768106
BRSK2,0.003281605815294876
BSCL2,1.015730441445355
BSG,128.81547350291308
BTD,5.810317845032393
BUB1,3.1368403115809973
BUB1B,0.2286319269856582
C1GALT1,7.6855772403573255
CA1,0.005329549566768588
CA12,90.28550321177684
CA13,1.917681356386581
CA14,0.07118188881811416
CA2,11.306996341638675
CA3,0.024505209374956146
CA4,1.3349855079637363
CA5A,0.0018146519233792784
CA5B,0.42679824439643194
CA6,0.0013665314336703085
CA7,0.0969237105135418
CA8,0.04392103410466189
CA9,2.8859314374317355
CAD,59.48841499115328
CALM1,324.44801464207563
CAMK1,15.508671822634057
CAMK1D,1.4752336886811255
CAMK1G,0.06267289268344398
CAMK2A,0.06890205627143188
CAMK2B,0.40781661817191023
CAMK2D,438.31016661872405
CAMK2G,6.369699266832665
CAMK4,0.6239932179238438
CAMKK1,1.9734859835095337
CAMKK2,17.124098087635115
CANT1,43.55794480487805
CARM1,19.072889217584898
CARNS1,0.044964409380045214
CARS,73.72143205730087
CARS2,16.617240294236563
CASK,29.067855187085065
CAT,113.07812423068329
CBLC,0.0519195983521084
CBLL1,5.474306144030479
CBLL2,0.027434690025870352
CBR1,207.3954344947074
CBR3,236.6395437791884
CBR4,13.78184892250275
CBS,8.163213440388654
CBSL,0.3354345050980549
CBX1,147.1124415079058
CCNB1IP1,14.212254917675324
CD36,16.23426566808938
CD38,2.0774830500356454
CDA,30.85387233478933
CDC14A,0.3026914823382583
CDC14B,2.7825190421074413
CDC25A,3.1892182618037483
CDC25B,51.87679646512163
CDC25C,1.1048481744076755
CDC34,15.35788190043328
CDC42BPA,1.383866949029271
CDC42BPB,2.209383206665359
CDC42BPG,0.0052725273587880634
CDC7,1.4002473632783081
CDIPT,243.1055310767566
CDK1,11.790810638879059
CDK10,43.04981691187488
CDK11A,9.257189053216546
CDK11B,14.965202337025424
CDK12,3.8987014038677317
CDK13,7.068673058982515
CDK14,8.681741804551978
CDK15,0.33437746832104775
CDK16,59.71786167181951
CDK17,5.880951278131257
CDK18,1.1112010472396758
CDK19,7.752032119063459
CDK2,27.661169295573405
CDK20,0.39708662735515016
CDK3,1.5727061588340354
CDK4,51.37755942301814
CDK5,64.54017130748404
CDK6,23.489522534962855
CDK7,27.166351243578948
CDK8,4.219397145872082
CDK9,43.195706789376
CDKL1,1.063056262299807
CDKL2,0.0021923425961441834
CDKL3,0.37446950662900585
CDKL4,0.0124926335095224
CDKL5,0.015809279878101382
CDKN3,11.651560767614601
CDO1,6.646486748297904
CDS1,0.1363517596394141
CDS2,5.195458476222586
CDY1,0.256335927830294
CDY1B,0.256335927830294
CDY2A,0.04923577690024244
CDY2B,0.04923577690024244
CEL,0.09293244093410956
CEPT1,5.145877403681862
CERCAM,351.5529539431267
CERK,19.59411307754413
CERS1,0.3131300482431275
CERS2,111.06863765617715
CERS3,0.0028421421116049225
CERS4,11.946410988551824
CERS5,81.3107491037403
CERS6,3.8580302441937806
CES1,23.292580303655303
CES2,13.734661402196958
CES3,0.09036156287331489
CES5A,0.0038727847333312995
CFTR,0.5171492292379292
CH25H,102.17500132470119
CHAT,0.0023031998722397116
CHD9,1.7708878963650931
CHDH,0.04763914301087256
CHEK1,0.9939145731589203
CHEK2,16.783054645158238
CHFR,23.773276242476825
CHI3L1,40.91927232690245
CHIA,0.0025545625094830163
CHIT1,1.038929324591943
CHKA,5.701190430145058
CHKB,0.13504786100135463
CHMP4A,57.52955911617538
CHPF,375.652128857768
CHPF2,137.56946478903757
CHPT1,40.90217200050579
CHST1,3.81742006441502
CHST10,6.882218637500474
CHST11,12.584420211676937
CHST12,50.46322325349017
CHST13,0.26060349126370674
CHST14,1.5261744479678956
CHST2,226.58809574996573
CHST3,8.145768101402215
CHST4,0.0074057590818005425
CHST5,0.03945098688574322
CHST6,0.7932332439859281
CHST7,8.517592276185562
CHST8,0.032071621246462796
CHST9,0.3354345050980549
CHSY1,23.487899387076254
CHSY3,0.4069989079531361
CHUK,1.0699880419695218
CHURC1-FNTB,3.2507362769424972
CIDEA,0.0027756819066583035
CINP,2.0758443801123425
CIT,2.20437252762092
CKB,7.87696908472813
CKM,0.05948761105282114
CKMT1A,0.006078384527963318
CKMT1B,1.8693742925614412
CKMT2,0.06408363417108741
CLC,1.416608020365395
CLCF1,4.147157425869344
CLK1,1.130377254723559
CLK2,12.364275778914807
CLK3,1.147420822851144
CLK4,0.3541083115836184
CLOCK,0.2319691275063089
CLPS,9.828993754263943
CLTRN,0.5786685643266595
CLYBL,0.21884913524522756
CMA1,0.0394839524794914
CMAHP,1.038954077129662
CMAS,38.68887820452386
CMPK1,427.1599339226135
CMPK2,1.5045792682444517
CMTR1,4.115778316984253
CNDP1,0.02496843342628615
CNDP2,42.32497311989832
CNOT4,2.5064249683072597
CNP,37.375872440124105
COASY,757.9422629087486
COL4A3BP,1.303458362291979
COLGALT1,4.827811645801103
COLGALT2,0.08819212596505183
COMT,172.16392672232772
COMTD1,213.53748943060322
COP1,0.4785008438550989
COPA,175.78022279013538
COPB1,267.1867273206356
COPB2,81.95591167622172
COPE,1651.7751772693114
COPG1,248.237939703404
COPG2,148.60076118424823
COQ2,6.780042602359178
COQ3,8.443305565779742
COQ5,4.518390948602538
COQ6,8.650286226586063
COQ7,0.21646689736054223
COX1,7.766401376158287
COX17,25.051947584581455
COX2,5.3369352212394165
COX3,0.33446363282071023
COX4I1,1538.5578663194308
COX4I2,15.952299624832285
COX5A,244.56763647815555
COX5B,795.6783649846545
COX6A1,23.891848370050717
COX6A2,2.1594511708694366
COX6B1,181.06242491845506
COX6B2,0.009016082080842468
COX6C,181.5845288401006
COX7A1,8.288788270925755
COX7A2,47.427735666100496
COX7A2L,418.1630833151976
COX7B,491.3414879980678
COX7B2,0.020585656835884977
COX7C,252.6214460523096
COX8A,1545.0248068739968
COX8C,0.7410518340738615
CP,0.0018850600876468607
CPA1,0.014184740892386982
CPA2,0.17132861440812663
CPA5,0.010519944328172336
CPA6,0.2185681080693829
CPOX,46.406105159923754
CPS1,0.3161296374821465
CPT1A,0.41668051294288366
CPT1B,0.018311093154866304
CPT1C,9.42169552999129
CPT2,66.08797717733395
CRAT,5.785542186499442
CREBBP,0.12999671605824092
CRLS1,5.997471286850474
CROT,8.08345993345296
CS,1991.4893323490862
CSAD,1.980864394369933
CSF1R,221.46679871408227
CSGALNACT1,1.1902083290060474
CSGALNACT2,7.92238926014593
CSK,77.51015775052242
CSNK1A1,40.650776711032115
CSNK1A1L,0.03585400957895974
CSNK1D,127.62788591489407
CSNK1E,3.9785449644688065
CSNK1G1,1.8915501784122664
CSNK1G2,47.29452935425904
CSNK1G3,5.710499171137048
CSNK2A1,142.26231218323557
CSNK2A2,285.725382745661
CSNK2B,64.1689648504138
CTBP1,191.04999362879104
CTDP1,2.4642771940089006
CTDSP1,135.86027814997965
CTDSP2,162.02464094375452
CTDSPL,21.247584797463183
CTDSPL2,1.2552963143822704
CTGF,0.3354345050980549
CTH,1.7014416488414532
CTPS1,0.2774814774265704
CTPS2,2.314073788795377
CTSA,808.9743449348188
CTSB,3537.5691279556527
CTSC,90.30348548642169
CTSD,7838.089808817437
CTSE,0.0006827234200092358
CTSF,22.010299074060917
CTSG,0.7748639175418418
CTSH,365.47611462290956
CTSK,782.0580991875873
CTSL,22.309476873829027
CTSO,21.24769281586611
CTSS,94.24761657658982
CTSV,0.5139622638412911
CTSW,7.889399685378434
CTSZ,39.871489353947894
CUBN,0.25558613969824834
CWC27,12.720738249306368
CYB5D1,2.1754478490007148
CYB5R1,24.27476474994794
CYB5R2,0.20144335937764488
CYB5R3,2026.5352077202836
CYBB,67.4940917981436
CYBRD1,222.9712250529922
CYC1,485.881824636052
CYLD,1.509991609685306
CYP11A1,1.25852692258684
CYP11B1,0.19911179158531384
CYP11B2,0.0030800526859823233
CYP17A1,6.037280362939397
CYP19A1,9.423618257606403
CYP1A1,0.2622658071735494
CYP1A2,0.001103967718845044
CYP1B1,18.51136901533727
CYP21A2,0.08464489030615978
CYP24A1,0.04255372230264104
CYP26A1,0.006717314398393256
CYP26B1,0.040243100026948905
CYP27A1,42.38207703853652
CYP27B1,0.10607224573941013
CYP2A13,0.04638837469548625
CYP2A6,0.002400581336037229
CYP2A7,0.001683738375811466
CYP2B6,0.02889595120271605
CYP2C18,0.012963851086166834
CYP2C19,0.1750227487879086
CYP2C8,0.00345325920410135
CYP2C9,0.002232399762916953
CYP2D6,0.06753436841644032
CYP2E1,1.488527467742809
CYP2F1,0.013929970839435852
CYP2J2,0.08827836608071103
CYP2S1,0.17801201815908715
CYP2U1,2.058815735782318
CYP39A1,0.09253306026665466
CYP3A4,0.013011125835083622
CYP3A43,0.004650789648948692
CYP3A5,0.22125111950192128
CYP3A7,0.13535659326433275
CYP46A1,0.6013941676133076
CYP4A11,1.6372931884537043
CYP4B1,0.009994305319854789
CYP4F11,0.022458426589096192
CYP4F12,0.029993615432101606
CYP4F2,0.0006314327861564004
CYP4F22,0.0321040499922979
CYP4F3,0.008475348282321918
CYP4F8,0.0008443840838438313
CYP4V2,5.346402035225618
CYP4X1,0.32278517692148656
CYP4Z1,0.0008431827066425996
CYP51A1,64.7411292167883
CYP7A1,0.009523569573087148
CYP7B1,0.45710789445227973
CYP8B1,0.0008040348202048683
CYTB,10.283962318241796
DAD1,1459.0398233598762
DAGLA,0.9647944723043355
DAGLB,24.61320192656983
DAO,0.0010735756491903768
DAPK1,3.0327297130892257
DAPK2,3.1452379974794678
DAPK3,6.37141472037908
DARS,3271.3541478219295
DARS2,4.0008263269123105
DBH,0.023858022098203823
DBI,321.86727011668296
DBT,0.7589610705763298
DCK,6.849472454552956
DCLK1,66.09720014276851
DCLK2,6.912151630022764
DCT,0.018008566062477065
DCTD,25.700954584169814
DCTPP1,22.446607577667034
DCXR,129.5536457441884
DDAH1,56.902660593535494
DDAH2,22.137779845330137
DDC,0.011593957527362364
DDO,0.9253949482182674
DDOST,1116.3569920592497
DDR1,0.3677409425226246
DDR2,5.322372191109891
DECR1,44.72024378121979
DECR2,6.941550625945868
DEGS1,17.832108801878935
DEGS2,0.1969239443777814
DERA,94.84463450400179
DGAT1,8.502500011207019
DGAT2,0.7243137690223521
DGKA,6.282582111143539
DGKB,0.20905509556549967
DGKD,5.166796700659054
DGKE,0.07291619685701234
DGKG,0.12065223729389773
DGKH,0.03357178341139997
DGKI,0.17154264080625034
DGKQ,3.6364216237114477
DGKZ,13.227958904816573
DGUOK,60.82954298081236
DHCR24,1.4055600544380802
DHCR7,1.575066595240295
DHDH,0.3093100522043498
DHFR,225.94947268312293
DHODH,1.6878960913849175
DHRS2,25.542253111434437
DHRS3,58.70997305727529
DHRS4,319.1477227501338
DHRS9,0.16808179189635475
DIO1,0.009530341745536937
DIO2,0.2548484396375268
DIO3,0.001892394026371239
DLAT,152.7091198417313
DLD,912.0232529955385
DLST,133.85467186022572
DMGDH,0.11365353346349723
DMPK,33.32157896641409
DNAJC6,0.010248511225251205
DNMT1,11.979850267684363
DNMT3A,1.799371661724902
DNMT3B,0.20665603224315196
DNMT3L,0.004358107000202512
DOLPP1,20.842684963540695
DOT1L,4.8699839451060996
DPAGT1,20.869095539745302
DPEP1,0.10225505564684295
DPEP2,2.695317944217587
DPEP3,0.01087584046315093
DPH5,69.93650298717918
DPM1,1189.4677126477234
DPM2,147.25720044219824
DPM3,44.18157740701047
DPYD,10.464621677347447
DPYS,0.439778894339942
DPYSL2,5255.579354812029
DPYSL3,155.58648453068665
DSTYK,1.5324463220150633
DTYMK,116.6740628571516
DUOX1,0.04302542436903722
DUOX2,0.0059235992535468275
DUPD1,0.009056700708414106
DUSP1,1786.668614744408
DUSP10,3.1869405332984786
DUSP11,22.121889978382722
DUSP12,17.182749052147933
DUSP13,0.005836695403534232
DUSP14,3.0776144060630797
DUSP15,0.05975791749935432
DUSP16,6.406816011865501
DUSP18,0.6674853221888594
DUSP19,0.373640603713305
DUSP2,57.06808160027669
DUSP21,0.08186674790155296
DUSP22,20.419107823665104
DUSP23,157.97869941870093
DUSP27,0.05021498143547963
DUSP28,1.433786574401294
DUSP3,219.29401298881567
DUSP4,1.5628920395954622
DUSP5,58.63506045908602
DUSP6,307.9938609054147
DUSP7,29.206510464217775
DUSP8,0.6989087960818308
DUSP9,0.07187970028706032
DUT,267.33437779738676
DYRK1A,5.59161543400322
DYRK1B,2.2268662583839616
DYRK2,7.2803418482728794
DYRK3,2.834969714157116
DYRK4,22.39611283466209
DZIP3,1.2732289134062356
EARS2,0.6316060964802683
EBP,558.220899727282
ECH1,267.3239550806668
ECHDC2,5.011010630049142
ECHS1,221.31152288368693
ECI1,69.1435214981969
ECI2,53.38290904594596
EGFR,0.46862992841296114
EHHADH,0.3876858136393489
EHMT1,0.6391804609255962
EHMT2,0.1682818167161697
EIF2AK1,64.89223975571166
EIF2AK2,11.188487230387473
EIF2AK3,6.724773514687729
EIF2AK4,0.3099234905828134
EIF4EBP3,1.6826239910631282
ELOVL1,11.953826406342294
ELOVL2,0.19053050222918047
ELOVL3,0.3143410338512422
ELOVL4,2.5584038738145876
ELOVL5,2.407062749412758
ELOVL6,2.568362648211914
ELOVL7,0.06318164561881416
ELP3,2.2110671025011306
ENGASE,1.5556159882838545
ENO1,2423.8322053901043
ENO2,84.30440046980614
ENO3,15.996207954729293
ENOPH1,169.14936327249956
ENPP1,8.320912677086968
ENPP2,34.907709517503264
ENPP3,0.010975429254708213
ENPP6,0.64067818716328
ENPP7,0.2621620114119895
ENTPD1,3.5566773313546376
ENTPD2,0.01243069774498789
ENTPD3,0.008441968533655206
ENTPD4,8.215810130504485
ENTPD5,0.2583399244328979
ENTPD6,76.40319950784522
ENTPD8,0.01350909255400813
EP300,0.5619681030807901
EPHA1,0.15432419812677536
EPHA10,0.005034561115442463
EPHA2,0.2804525115524186
EPHA3,1.1368808812576838
EPHA4,0.09470077461846357
EPHA5,0.017181830783962
EPHA6,0.0012750451911044338
EPHA7,0.0013771505479167432
EPHA8,0.005304163468056891
EPHB1,0.02753076188352878
EPHB2,0.4180636734851287
EPHB3,14.86419257834348
EPHB4,1.5105144610954293
EPHB6,0.4728556430335027
EPHX1,176.45747884812087
EPHX2,0.18341367196269015
EPM2A,0.8110759785158513
EPRS,32.9042570057109
EPX,0.0013359122339848257
ERBB2,0.2884237414149994
ERBB3,0.02544556138276299
ERBB4,7.011293704475424e-05
ERN1,0.19265655813548782
ERN2,0.0015689882190195398
ESD,972.6324433072091
ETFA,2948.7280453175595
ETFB,2793.9294411624887
ETFDH,10.490695088008149
ETNK1,3.1764067579288664
ETNK2,0.09934709167477675
ETNPPL,1.3663166774328985
EXT1,23.150889241536667
EXT2,39.62636135318226
EXTL1,0.002014953172155937
EXTL2,18.483472237879475
EXTL3,14.809220179421514
EYA1,0.003622542221228042
EYA2,1.9301816034586239
EYA3,0.8091525012052314
EYA4,5.721037991794881
EZH1,6.649001096928838
EZH2,0.13942935156140154
F13A1,527.2220125616609
F13B,0.0006873238356011704
F2,0.0034859361254802636
FAAH,0.5140876357240365
FAAH2,0.03959050113024936
FABP1,53.54695633547291
FABP12,0.07361943011456162
FABP2,2.0423800119197857
FABP3,48.90688075005547
FABP4,6.781934294018902
FABP5,143.0230849914097
FABP6,0.027943584809445123
FABP7,0.005192481119671031
FABP9,1.0553661478381027
FADS1,14.137217441118105
FADS2,4.747912494247314
FADS3,3.0951706115196846
FADS6,0.3354345050980549
FAH,62.44583924091126
FAM20B,6.861377298662112
FANCL,7.239349309729133
FAR1,16.706066497236897
FAR2,2.9731663864718927
FARS2,2.7133802919977215
FARSA,982.5077309329271
FARSB,3.0802364641851714
FAS,8.996673219629885
FASN,9.500890793121773
FASTK,238.04896995480604
FAXDC2,0.014854582046724449
FBP1,2.731286355063053
FBP2,0.00627050007051314
FDFT1,38.222029720622416
FDPS,53.890144958377924
FDXR,10.495533338415372
FECH,3.81509711565195
FER,0.2951569664219011
FES,26.11842808857664
FGA,0.0008135217024669266
FGFR1,114.45148648845425
FGFR2,0.002237836811949884
FGFR3,0.008702733227710861
FGFR4,0.5214899977852931
FGGY,1.7575846011624305
FGR,3.938242734943376
FH,73.48576636884428
FHIT,3.6401580827103404
FHL2,2.420445037316376
FIG4,13.588414310810043
FITM1,0.2607797819109912
FITM2,1.0651698246687733
FKBP10,117.78585774377416
FKBP11,60.1171852069856
FKBP14,8.07314402984046
FKBP1A,566.3954738757224
FKBP1B,10.016962476895694
FKBP2,1060.7217543849981
FKBP3,828.9372934544285
FKBP4,311.99961898266156
FKBP5,11.822381616069157
FKBP6,0.08484364848433694
FKBP7,27.587074815483096
FKBP8,61.65835204019168
FKBP9,411.70336477519885
FKBP9P1,0.3354345050980549
FLAD1,6.061197273437944
FLT1,5.946912347723913
FLT3,0.009494431494833097
FLT4,3.4282817248684245
FLVCR1,0.42779482369055066
FMO1,7.916605927321017
FMO2,0.37700867871074006
FMO3,0.2707143649822275
FMO4,1.582870568659492
FMO5,0.2034672173640067
FMO6P,0.003232461104258129
FN3K,2.944856566723893
FN3KRP,38.01637273218863
FNTA,67.85246008819934
FNTB,0.052383847411673894
FOLR1,0.11794106550668496
FOLR2,946.8369201778733
FOLR3,0.418784589437048
FOSL1,12.173159324185889
FPGS,1.511250972693963
FPGT,0.8848138110258998
FRK,0.23599017108699652
FRMPD2,0.014371669987526408
FTCD,0.019026380146263913
FTMT,0.040838546519136494
FUCA1,87.78627375902194
FUCA2,369.1798877820776
FUK,2.1245015514730197
FUT1,0.16755401957642513
FUT10,0.38608171704832317
FUT11,2.585581438485932
FUT2,0.03440580241209
FUT3,0.010972815728773297
FUT4,3.536940473215549
FUT5,0.3435419176074299
FUT6,0.33433562982165704
FUT7,0.04828718073457976
FUT8,0.8282974377617814
FUT9,0.07917572773881386
FYN,410.76849780015135
G0S2,3.332598306128887
G6PC,0.0011189933273531888
G6PC2,0.0004397724406179289
G6PC3,75.31936293807009
G6PD,863.1377637402516
GAA,94.22105121622415
GAD1,0.004864037347102904
GAD2,0.001195894972825338
GAK,3.1701089273929135
GAL3ST1,0.05714735230425307
GAL3ST2,0.010869051415301261
GAL3ST3,0.10515018051485577
GAL3ST4,24.857744083970807
GALC,8.227033889295813
GALE,10.670223354149128
GALK1,939.340515856042
GALK2,24.97708703690673
GALM,59.550908018064305
GALNS,52.89567456338108
GALNT1,62.04014769899518
GALNT10,1.4553589853214772
GALNT11,19.966986574759524
GALNT12,4.020071255103823
GALNT13,0.006911687255383199
GALNT14,0.19234728404393484
GALNT15,0.0116113720313577
GALNT2,155.3352617003268
GALNT3,0.026927213719925878
GALNT4,0.0009132820048085486
GALNT5,0.5242038248804116
GALNT6,1.2436066968242507
GALNT7,0.4531331545056244
GALNT8,0.008226748018555108
GALNT9,0.005379141231323474
GALNTL5,0.43999999999999995
GALT,4.901139075823288
GAMT,21.603865362434934
GANC,0.6673742354963308
GAPDH,20982.790747811057
GAPDHS,0.187540244774072
GARS,1206.0986160124594
GART,51.796582736342955
GATM,35.58408873850642
GBA,51.55226694769549
GBA2,13.738733591050961
GBA3,0.04182239328734659
GBE1,28.02630773799024
GBGT1,7.553816559271677
GC,0.1128901827185453
GCAT,91.48736549444135
GCDH,6.86055148476332
GCH1,3.382440086244542
GCK,0.005019006409939509
GCLC,10.85828777167433
GCLM,41.650554255446906
GCNT1,1.6684755663488091
GCNT2,0.06862948043318526
GCNT2P,0.3354345050980549
GCNT3,0.15363275309971333
GCNT4,0.0033680801741631785
GCNT7,0.01061688314126358
GCSH,0.346051506700834
GDA,0.0055119038760470035
GDE1,28.30988052067305
GDPD2,0.008464872078046503
GFPT1,337.30439607435375
GFPT2,71.04597733292475
GGCT,54.00707276126182
GGH,1.3104818912183218
GGPS1,555.3338822635162
GGT1,0.25175918248027807
GGT2,1.2557625587889092
GGT3P,0.005061421938386809
GGT5,41.857010567463156
GGT6,0.0005451228977503393
GGT7,8.144445393924158
GGTLC1,0.004315124939036867
GGTLC2,0.028796500016206227
GIF,0.3354345050980549
GK,2.0451543055257813
GK2,0.9456388863331135
GK3P,0.0396761001936887
GLA,45.18758126079176
GLB1,140.08136729151616
GLB1L,1.5811847700645334
GLCE,0.4179125974859264
GLDC,0.008536460433584454
GLIPR1,39.55988866047703
GLO1,1196.3839627149423
GLRX,247.36936869664007
GLRX2,7.811574249815353
GLS,50.17781784320253
GLS2,0.12575572400776958
GLT6D1,0.0011409390236871392
GLT8D1,3.394415457577522
GLT8D2,123.62371703322523
GLTP,37.56542096332267
GLUD1,509.3297422291295
GLUD2,10.391959914109046
GLUL,19.690773438233187
GLYAT,26.66571856032572
GLYCTK,0.9805889216876282
GM2A,46.61722991800499
GMDS,99.66541347361279
GMPPA,50.411118382707414
GMPPB,219.48165042213836
GMPR,4.505114457649588
GMPR2,51.097679195397326
GMPS,145.17778046721045
GNE,2.599604623083475
GNMT,0.14601333604870326
GNPAT,20.300192960875112
GNPDA1,45.220830513791476
GNPDA2,6.638516954670205
GNPNAT1,45.300947724027004
GNPTAB,8.979105100341343
GNS,64.18199374495512
GOT1,4733.176756693987
GOT2,834.0547730957527
GPAA1,145.37442502872418
GPAM,0.13784399024552726
GPAT2,1.2146791693367291
GPAT3,0.6582069289240687
GPAT4,1.352005973421296
GPCPD1,3.628407417286934
GPD1,0.01903780572674281
GPD2,44.47228612800232
GPHN,1.2391456824079774
GPI,1661.8097654636551
GPIHBP1,2.3284120345044927
GPLD1,0.005167898447488929
GPT,0.06749682627987959
GPT2,5.042580277748861
GPX1,378.53738172389535
GPX2,0.019641138582601598
GPX3,62.85396048066217
GPX4,354.79296444584685
GPX5,0.793289329058847
GPX6,0.002500050799338889
GPX7,69.3043607359279
GPX8,92.87318129145876
GRHL1,0.04253075139597754
GRHPR,87.17637346070497
GRK1,0.11699235770509935
GRK2,4.014622265826703
GRK3,1.2623639556998993
GRK7,0.018736619234558424
GSR,194.08253151408874
GSS,333.67796985803017
GSTA1,0.02920070007097942
GSTA2,5.619549002346362
GSTA3,0.03848971776289024
GSTA4,16.630434903905012
GSTA5,0.58469847618054
GSTK1,236.00368583283296
GSTM1,24.505626726979045
GSTM2,10.962699694138085
GSTM3,78.95284697671093
GSTM4,7.105255936123555
GSTM5,5.66618185313281
GSTO1,2597.122896224424
GSTO2,1.1550180656547757
GSTP1,5803.810449070295
GSTT1,12.757047911522578
GSTT2,0.18351252527418294
GSTZ1,7.384365089110045
GTF2F1,9.978932898806343
GTF3C4,0.6117215202004348
GUCA1A,0.0021642675426849457
GUCY1A1,2.9663227089166733
GUCY1A2,0.8230663664629312
GUCY1B1,1.0453859436592674
GUCY1B2,0.0029617270583442686
GUCY2C,0.07864312962640996
GUCY2D,0.016493261547855298
GUCY2F,0.0030484515646916083
GUK1,690.3594536429601
GUSB,6.924047977895081
GYG1,39.25787138366007
GYG2,0.3869996663897503
GYS1,40.82312968594463
GYS2,0.006029062121714445
H6PD,38.867118046443494
HAAO,2.9873695540929464
HACD1,0.6699772991826155
HACD2,3.095013644366691
HACD3,4.330319334841662
HACD4,0.5979568033382378
HACE1,0.6255719144217221
HACL1,7.385726282455775
HADH,821.4137669580039
HADHA,942.7427904349257
HADHB,96.6071610200425
HAGH,33.08761682055709
HAGHL,4.378622044389129
HAL,0.00042878324175171036
HAO1,0.19763453007540133
HAO2,0.22723926992948107
HARS,214.7518374663488
HARS2,27.637560754187497
HAS1,0.6569834022264476
HAS2,3.973700237856849
HAS3,0.11970958814888978
HAT1,108.7321469403469
HCCS,11.94968741089184
HCK,50.00101538917035
HCST,150.75810467144922
HDAC3,1.4746261987787281
HDC,0.03372129986826787
HDLBP,325.0137950443594
HECTD1,2.004301192508075
HECTD2,1.8823229895389302
HECTD3,2.7363799479089077
HECW1,0.019277673159810316
HECW2,1.0297227437343284
HELZ2,0.16199531088786426
HEPH,21.486185677027724
HERC1,0.1905533656437561
HERC2,0.08124171963669365
HERC3,1.3933665829428967
HERC4,7.692924760604577
HEXA,255.1923078941437
HEXB,9.075856136603248
HEXDC,0.3354345050980549
HGD,0.2503221939931539
HIBADH,45.53793692018004
HIBCH,7.7428515065248575
HIF1AN,9.60476171567828
HIGD2A,22.05565161392663
HIPK1,3.4709579301603837
HIPK2,6.303110537810942
HIPK3,0.9255459875566829
HIRIP3,0.1818936821856768
HK1,238.35175250825526
HK2,42.33262794997288
HK3,10.436581490460249
HKDC1,0.07528907045769755
HLCS,0.7481213454798403
HLTF,0.04194438182460995
HMBS,147.52207950914467
HMGCL,303.0034982762473
HMGCLL1,2.9108746089659068
HMGCR,4.647529224246431
HMGCS1,15.556051180918013
HMGCS2,0.000594889649385609
HMOX1,924.4920098631214
HMOX2,126.7409869929928
HNMT,12.777600442946799
HPD,0.018710441412468352
HPGD,0.14362298292299622
HPGDS,4.308569810081485
HPRT1,551.4321059300045
HS2ST1,14.048115072545086
HS3ST1,0.47077004103747644
HS3ST2,1.8510183532422588
HS3ST3A1,0.11309143814772823
HS3ST3B1,0.22305592606492275
HS3ST4,0.0010685759563351291
HS3ST5,0.0013181075564043811
HS3ST6,0.004779005379623413
HS6ST1,71.27008174398078
HS6ST2,6.2318141406237855
HS6ST3,0.00031916713695597437
HSD11B1,20.322555790699596
HSD11B1L,5.483535807828939
HSD11B2,30.060834852692906
HSD17B1,10.83035229231968
HSD17B10,295.2319675599117
HSD17B11,132.67947241257752
HSD17B12,184.63822703789285
HSD17B14,8.127366295263275
HSD17B2,0.020858830800881623
HSD17B3,0.9313053648238011
HSD17B4,37.39140350527354
HSD17B6,0.2787434198047365
HSD17B7,1.7945219558737109
HSD17B7P2,0.48136731980114283
HSD17B8,0.07819827965431524
HSD3B1,0.8561440324619417
HSD3B2,0.22397772786492515
HSD3B7,10.530633061985181
HSPG2,0.20291816089865308
HTATIP2,73.1737820585687
HUNK,0.11074100897453157
HUWE1,4.633757293540777
HYAL3,1.7167159072472953
HYALP1,0.3354345050980549
HYI,15.133447674791238
HYKK,0.3304860018863759
IARS,1448.2136741998881
IARS2,30.247005216471376
ICK,1.8321972662063495
ICMT,60.78129189839883
IDH1,132.2568352204173
IDH2,28.664921297291297
IDH3A,684.6019848275653
IDH3B,228.35895156290303
IDH3G,155.15437430379347
IDI1,19.5424090898765
IDI2,2.3948438465836714
IDO1,3.5623961337691683
IDO2,0.0074627622867013705
IDS,25.747661341567742
IDUA,11.706717116920183
IGF1R,2.9657146993387613
IKBKB,7.3719838578273205
IKBKE,7.456788210592038
IL4I1,6.665974161841746
ILK,48.82284295198345
ILKAP,50.50932632311556
IMPA1,106.27254596138162
IMPA2,84.45386299792607
IMPDH1,61.84705830954022
IMPDH2,124.15393634855221
INMT,2.5426956017288
INPP1,318.92296163464084
INPP4A,2.9549288124251043
INPP4B,0.2704286156443992
INPP5A,11.702250107261905
INPP5B,2.998557922707713
INPP5D,10.217888012316848
INPP5E,10.022056167888685
INPP5F,0.14186932223459506
INPP5J,0.13359463573512995
INPPL1,7.5518589652928005
INSL3,0.164924421520165
INSR,7.65224408761274
INSRR,3.4293411806041605
IP6K1,17.083680685829442
IP6K2,31.274181211642752
IP6K3,0.003248526357079276
IPMK,0.6694704947285015
IRAK1,128.46190003196398
IRAK2,0.7045130935469124
IRAK3,2.2467296344303604
IRAK4,5.5519494196754255
IREB2,5.02712497299899
ISYNA1,20.895965746190488
ITK,0.6408671329356185
ITPA,1136.9426994824862
ITPK1,17.7780481389756
ITPKA,30.90338901360136
ITPKB,6.951092533255149
ITPKC,17.68641502532466
IVD,247.41707138773694
JAK1,58.57691646128842
JAK2,2.364072155770674
JAK3,5.66315486114344
JMJD7-PLA2G4B,0.000998573102377445
KALRN,0.35114531359112733
KANSL3,15.394383626501542
KARS,499.8906271547925
KAT2A,28.01430344641896
KAT2B,3.2962544984055433
KAT5,13.86539099850888
KAT6A,1.9571766758651636
KAT6B,1.530405061996155
KAT7,5.798694609462249
KAT8,31.388509056088015
KCNJ11,0.01049309940390773
KCNJ8,9.136476517315513
KDR,4.4139528400229855
KDSR,20.964726542340863
KHK,1.092160761770846
KIT,0.047550430522611674
KL,0.02724153537740103
KMO,0.22224813323218354
KMT2A,0.1132089503784727
KMT2B,0.3354345050980549
KMT2C,0.02724143815923862
KMT2D,0.256842919373976
KMT2E,0.08892210317369556
KMT5A,0.08744585611927874
KMT5B,0.052531638327043204
KMT5C,0.3350355754164824
KPNA6,26.87130236253242
KYAT1,0.41426786262502635
KYAT3,10.315561941178165
KYNU,5.393900521939472
L1CAM,0.07072853585342359
L2HGDH,0.18965674377449124
LALBA,0.0031145477113335212
LAP3,2052.9908069377316
LARS,300.8065537540525
LARS2,5.158189022025456
LATS1,0.15862743424303752
LATS2,3.4036706547175624
LBR,54.60394039090255
LCAT,14.749111236591473
LCK,3.576064186305116
LCLAT1,1.514324303782408
LCT,0.00330327084353242
LDHA,15411.691029577925
LDHAL6A,0.006352991149332521
LDHAL6B,0.0009322258215669726
LDHB,541.3451388286672
LDHC,0.03733006737381552
LDHD,0.5104583683036678
LDLR,0.18262182162757779
LGALS13,0.03636599025716572
LGMN,941.038949712085
LGSN,0.0001938901391346655
LHPP,174.66186361913216
LIAS,0.6021758709225676
LIMK1,189.3548898536716
LIMK2,11.859769631963141
LIPA,70.5285763181148
LIPC,14.596711437929233
LIPE,0.24381721671675474
LIPF,0.0011409390236871392
LIPG,3.478488785424571
LIPT1,3.144819541939188
LIPT2,0.43219284320954077
LMTK2,1.5709465736956587
LMTK3,0.025323420708070535
LOC102724197,0.3354345050980549
LOC286297,0.006323078302821747
LOC344967,0.049449301536154865
LOX,13.362820178214964
LOXL2,338.1703870524321
LPCAT1,6.2291606123191485
LPCAT2,1.8700603594426735
LPCAT3,57.065233825067395
LPCAT4,1.9139664792802855
LPIN1,6.497535941397642
LPIN2,16.806551981262096
LPIN3,0.05241485568928404
LPL,7.046779111158985
LPO,0.0052350983937162875
LRAT,0.00023510167451454972
LRP1,27.46334800216565
LRP2,0.004001918819233972
LRRK1,0.12469261298055592
LRRK2,0.9031262290939261
LRSAM1,13.514823239761535
LRTOMT,0.4378209554379461
LSS,24.408144018410777
LTA4H,373.26314497821795
LTC4S,11.862364550906687
LTK,0.03398844572400879
LYN,12.676331777078468
LYPLA1,55.664365351004776
LYPLA2,172.59991891030262
LYZL1,0.0026856254471676207
MACROD1,1.571209586827107
MACROD2,0.005735720395705756
MAGEA2B,0.1626710879648594
MAK,0.07678253048937186
MAN1A1,2.0236184934514885
MAN1A2,0.8847141826471778
MAN1B1,7.592261231437352
MAN1C1,8.256099078201336
MAN2A1,3.022363211888904
MAN2A2,2.2905268481211114
MAN2B1,146.63636224517202
MAN2C1,26.947437171411803
MANBA,32.86201149531736
MANSC1,2.7828477841418255
MAOA,33.64928521502206
MAOB,0.03016505204511319
MAP2K1,467.4686860754073
MAP2K2,344.15200999255626
MAP2K3,12.813552451447219
MAP2K4,20.038491307503055
MAP2K5,9.531841413276377
MAP2K6,6.453714780879462
MAP2K7,2.0911941915894903
MAP3K1,0.5480068950933068
MAP3K10,3.36982230111728
MAP3K11,23.40599141581633
MAP3K12,9.557873901546206
MAP3K13,1.3489663602033077
MAP3K14,20.918038974546075
MAP3K15,0.012766815963720538
MAP3K2,4.513437948007572
MAP3K20,0.20179825659102824
MAP3K21,0.03839897316107535
MAP3K3,18.879220040180947
MAP3K4,10.721768449560482
MAP3K5,7.4512783638072255
MAP3K6,14.004766252039838
MAP3K7,0.5384422244779964
MAP3K8,15.7390342510481
MAP3K9,0.006347604097313148
MAP4K1,2.508546841397745
MAP4K2,4.2458178105388935
MAP4K3,4.2464818454950475
MAP4K5,12.886695704073663
MAPK1,288.5751478969353
MAPK10,2.5181032854533156
MAPK11,8.671998724685668
MAPK12,5.294531339175645
MAPK13,7.016857047733246
MAPK14,36.84131369040224
MAPK15,0.0021891919788382054
MAPK3,132.8251908363469
MAPK4,0.010561300515794516
MAPK6,13.67736465399812
MAPK7,17.976839349094057
MAPK8,1.6807310863917058
MAPK9,3.6464317622325964
MAPKAPK2,4.624004695555387
MAPKAPK3,15.0431088527572
MAPKAPK5,20.517017153005572
MARCH1,3.3951328967371817
MARCH10,0.0026047752991716863
MARCH11,0.001138913165936214
MARCH2,40.60645254663983
MARCH3,1.4662663829634717
MARCH4,0.006912289402129948
MARCH5,8.146390530464403
MARCH6,15.454223175674192
MARCH7,17.611951175608883
MARCH8,0.24406155460164117
MARCH9,15.686919866371454
MARK1,1.9367829867983282
MARK2,15.337761935635429
MARK3,32.38854773544304
MARK4,5.428932229488599
MARS,265.8584844150197
MARS2,0.44397467538644253
MAST1,0.1303609929449974
MAST2,19.16391833724537
MAST3,1.922441713953578
MAST4,0.41260868792657407
MASTL,0.08030690919802644
MAT1A,0.02087338269876035
MAT2A,90.21463546536664
MAT2B,143.88810284297298
MATK,1.06351719409807
MBOAT1,7.351904235079578
MBOAT2,3.217964826475061
MCAT,13.244299729261458
MCCC1,4.301219825880286
MCCC2,9.004582590032555
MCEE,15.439211116805279
MDH1,4575.109819799785
MDH1B,0.059086112907386676
MDH2,13486.529082443709
MDM2,0.01803702819203399
MDP1,37.282916716191224
ME1,356.707214040325
ME2,20.575547198275657
ME3,1.2684311914789574
MECR,7.52403755255686
MED1,0.4346513128253168
MELK,0.24951452803656685
MERTK,15.749724177096486
MET,0.16701539632802082
METTL1,58.54662493000804
METTL3,9.787808620814568
MGAM,0.04333217213327601
MGAT1,166.70112541817787
MGAT2,3.8603094777672076
MGAT3,0.2684493091267934
MGAT4A,3.3409099283489185
MGAT4B,62.2328518299511
MGAT4C,0.07241446438580071
MGAT4D,0.02696149145334556
MGAT5,15.984025642474165
MGAT5B,0.21610036774887822
MGLL,6.955248943664228
MGMT,6.749892324612704
MGRN1,11.3006086366416
MGST1,1598.6089131569804
MGST2,49.24154413502334
MGST3,84.09810082334825
MIA3,9.96358955227834
MIB1,5.143249427012469
MIB2,19.84550381130742
MID1,1.0070451057976628
MIF,140.49615036235662
MINK1,0.21624151827192334
MINPP1,5.826214369246354
MIOX,0.03764002098229772
MIP,0.0005513717882637799
MKNK1,20.201096614323212
MKNK2,142.02570894346366
MKRN1,48.91734506202705
MKRN2,11.31087255111821
MKRN3,0.24500738982220174
MLKL,16.642218759571904
MLYCD,5.219564372987465
MMAA,0.5285024234247967
MOCS1,3.0981226171871157
MOCS2,37.37339487935253
MOGAT1,0.05476426140032141
MOGAT2,0.06171353466959499
MOGAT3,0.0012738157216728842
MOGS,116.26376053825612
MOK,6.303528388488086
MOS,0.0019171024168128526
MOXD1,85.23236660850752
MPC1,27.8052229308476
MPC2,12.311032245951754
MPI,39.16883731940472
MPO,0.009441043172540858
MPST,2145.1506347343684
MRPL58,13.330417578133794
MSMO1,30.99437617863371
MSRA,4.960147440685085
MST1R,0.015122550186564663
MT1A,2.5819276148247146
MT2A,16386.357507369412
MT3,0.6727428607017075
MT4,0.3354345050980549
MTAP,219.1132186901684
MTFMT,3.238642475384911
MTHFD1,79.7712807768741
MTHFD1L,25.948454698376242
MTHFD2,5.351318910507827
MTHFD2L,0.48126918810548486
MTHFD2P1,0.3354345050980549
MTHFR,3.754314616291213
MTHFS,1.0294800696023847
MTMR1,0.9896066963238193
MTMR14,34.15484880156829
MTMR2,0.8487686398036995
MTMR3,0.19319440295027002
MTMR6,3.5821496514132556
MTMR7,0.2724780705576119
MTMR8,0.01562817334028517
MTPAP,2.3514208749051115
MTR,0.30766595292465065
MTRR,7.767346068488161
MTTP,0.00419744768439892
MUL1,43.5447733714449
MUSK,0.011466152617953067
MUT,0.3354345050980549
MVD,139.20525763640276
MVK,10.532161888625135
MYBBP1A,44.903692201321384
MYCBP2,0.06009012799815883
MYLIP,17.69739015048169
MYLK,0.14545506848538617
MYLK2,0.11548406522963969
MYLK3,0.009504365837169687
MYLK4,0.021625331030956218
MYO3A,0.00018709913030680097
MYO3B,0.3537197591143274
MYO5B,0.09078266116779742
NAA10,99.69725596811703
NAAA,16.826794569665015
NADK,18.481110195053407
NADSYN1,24.047568890370798
NAGA,39.124801509179015
NAGK,226.91303592558074
NAGLU,84.36588314036273
NAGPA,22.29795217160009
NAGS,2.157967030306981
NAMPT,591.3389483285694
NANP,1.4874937909320283
NANS,1254.1108020379845
NAPRT,25.164291606310147
NAPSA,0.2825254785853989
NARS,2708.914140856715
NARS2,1.9150675069616665
NAT1,3.115473069148227
NAT2,0.9658971998590167
NCOA1,10.80646318845058
NCOA2,0.03458493266663135
NCOA3,2.5908337120729565
NCOA6,6.782483786544518
NCOR1,0.056257479098815684
NCOR2,2.6086024231600384
ND1,0.7496282848946749
ND2,6.647572110665278
ND3,3.518721426725826
ND4,15.91921099634504
ND4L,0.3354345050980549
ND5,3.9860139175064595
ND6,2.1511623729121254
NDST1,23.49169825800449
NDST2,5.851490724967177
NDST3,0.0011820005565995918
NDST4,0.015522018666692542
NDUFA1,498.2620146277472
NDUFA10,56.24778727446742
NDUFA11,141.88320136192036
NDUFA12,36.474833221112746
NDUFA13,2468.5255746115304
NDUFA2,24.3030460465093
NDUFA3,33.787910428592276
NDUFA4,14.794871320011906
NDUFA5,45.51063973850586
NDUFA6,65.44861025161192
NDUFA7,3.1688087207373137
NDUFA8,112.63320942053748
NDUFA9,76.53523935203603
NDUFAB1,216.15755294089814
NDUFB1,61.90411876855274
NDUFB10,141.80167363299904
NDUFB2,996.8512875731325
NDUFB3,117.51517099583866
NDUFB4,79.98466502753641
NDUFB5,233.3569755095426
NDUFB6,18.21586084933782
NDUFB7,241.1918178633907
NDUFB8,103.22895808771467
NDUFB9,25.38066765873123
NDUFC1,32.7697473473513
NDUFC2,17.728231032790784
NDUFS1,37.54400268418328
NDUFS2,49.80227538728244
NDUFS3,647.5686237818368
NDUFS4,115.50707889185281
NDUFS5,296.43766511262817
NDUFS6,87.8618482740554
NDUFS7,56.6873499830548
NDUFS8,141.05406546211844
NDUFV1,53.71529440630034
NDUFV2,36.20252184036711
NDUFV3,13.68881967633209
NEDD4,2.7618078938335753
NEDD4L,1.993256600339433
NEK1,1.6145458427514803
NEK11,0.46252754606157204
NEK2,0.9895943594408524
NEK3,3.0771468652231917
NEK4,1.641993750988041
NEK5,0.0004752004848531646
NEK6,0.7022696309332049
NEK7,15.232260838669394
NEK8,0.6452428091349032
NEK9,1.056047599833642
NEU1,10.109085391973435
NEU2,0.07868648115252536
NEU3,0.07404815406919743
NEU4,0.069079700475774
NEURL1,0.14715923590013888
NEURL1B,16.239980701935067
NGLY1,7.7233976692915265
NHLRC1,0.09010755846171532
NIT2,636.4857683707767
NKTR,2.2169772839458153
NLK,3.9550756697316984
NLN,42.462895216568704
NME1,8028.07609222438
NME2,503.49044124458914
NME3,24.975920875557435
NME4,133.8055601928566
NME6,0.9575627039525979
NME7,0.9941631135160083
NMNAT1,2.1800116938698233
NMNAT2,0.04319898260416374
NMNAT3,0.08332056693876057
NMRK1,2.9351673795914386
NMT1,75.69448441308481
NMT2,1.3578793820277484
NNMT,507.39168612318304
NNT,12.180620382707716
NOL9,4.063314817018916
NOS1,0.0007450851033115994
NOS2,0.11961831603286076
NOS2P1,0.3354345050980549
NOS2P2,0.3354345050980549
NOS3,1.324266336225079
NOX1,0.12245622642508393
NOX3,0.09198887034239282
NOX4,0.3776314846051309
NOX5,0.007245491249607285
NPAS2,5.76881899399968
NPC1,9.22707308157088
NPC1L1,0.019705192027044363
NPR1,2.9022553629710464
NPR2,0.24620040812426214
NQO1,917.611908325955
NQO2,200.81632612031643
NR1D1,23.146915189704107
NRF1,1.117806043025503
NSD1,1.4645769841604432
NSD2,0.8117852405670956
NSD3,0.8238692165195934
NSDHL,613.3989020995932
NSF,63.261571977843325
NT5C,90.93013269408486
NT5C1A,0.058725969276404735
NT5C1B,0.00047145943469810214
NT5C1B-RDH14,0.037698419756150243
NT5C2,66.4131576765873
NT5C3A,4.209671716104311
NT5DC3,1.7444227377065014
NT5E,10.936395864028011
NT5M,1.5500717422352008
NTAN1,4.135827750654722
NTRK1,1.3687552232816764
NTRK2,0.12047904296104386
NTRK3,0.005540479981302477
NUAK2,0.48553878340747236
NUDT10,0.011072971233997609
NUDT11,1.812849255875029
NUDT12,0.36996353537431775
NUDT2,22.92365995145124
NUDT3,1.7741876612500256
NUDT4,0.812035377252207
NUDT5,208.17537463200028
NUDT9,11.211142134785225
OARD1,11.970020898409903
OAT,379.77759215111445
OBSL1,0.7777194669958994
OCRL,5.775749346174977
ODC1,6.41284468334186
OGA,13.207835039605774
OGDH,314.4215523999484
OGT,28.956680937819783
OLAH,1.6205711525401316
OPLAH,0.5103082634085536
OTC,2.3305572451444374
OTUD5,94.54818073408528
OXCT1,99.09441331517877
OXCT2,0.012555700064091955
OXSM,4.662684165720959
OXSR1,12.716980492971853
P4HA1,223.15483365973665
P4HA2,353.1348440254741
P4HA3,0.5973010910936121
P4HB,3222.277886718469
PADI1,0.1979086992249419
PADI2,0.04232197869335285
PADI3,0.00372844969798624
PADI4,0.01316228543553538
PADI6,0.3354345050980549
PAFAH1B2,446.17791403085204
PAFAH1B3,212.94409632197198
PAFAH2,3.885170095474319
PAH,0.0013603106334742947
PAICS,200.66304524154117
PAK1,25.07793463915763
PAK2,88.68540779911281
PAK3,0.02350484677594303
PAK4,0.3513965910326775
PAK5,0.1843105272396382
PAK6,0.03245590678009252
PAM,0.59948388269659
PAN2,4.015232714257854
PANK1,0.21991191382571396
PANK2,25.87780093406699
PANK3,0.8404814125564661
PANK4,11.492713375842511
PAOX,2.4896273880415736
PAPOLA,3.455054635760018
PAPOLB,0.0952243585404102
PAPOLG,1.6946054715203267
PAPSS1,58.60659402697603
PAPSS2,32.70370445844843
PARP1,57.35815938270122
PARP10,2.949900120162181
PARP11,2.2957343170058073
PARP12,4.570694623833007
PARP14,9.14357584780464
PARP15,0.07243400951929915
PARP16,3.7914659134873214
PARP2,11.157781321954635
PARP3,16.874797224638264
PARP4,1.5903965738807537
PARP6,21.142570076272953
PARP8,2.1746957576976844
PARP9,4.152571013602973
PARS2,1.6867359943681304
PASK,0.9118603786690952
PBK,3.6622971627019094
PC,84.60603301311266
PCBD1,31.498930371431115
PCBD2,2.74063774280821
PCCA,5.946405198194391
PCCB,2.9640362284603676
PCK1,0.0013575616024697494
PCK2,11.938068044098689
PCMT1,1064.2800117619179
PCYOX1,63.55182151129257
PCYT1A,8.639770463782853
PCYT1B,0.06114610637631983
PCYT2,3.9861495912600016
PDE10A,1.4003747262092368
PDE11A,0.013669531017964212
PDE1A,7.6351638883299024
PDE1B,3.027243699624151
PDE1C,0.03262494808410112
PDE2A,2.54703307194621
PDE3A,0.5274126071323307
PDE3B,0.09892868391012775
PDE4A,3.068353272194476
PDE4B,3.435007187201814
PDE4C,0.026804679841043986
PDE4D,1.1865137457715296
PDE5A,0.32259393470121256
PDE6A,0.0017184534425062077
PDE6B,0.507840830209933
PDE6C,0.0041064532432320885
PDE6H,1.0083333333333333
PDE7A,1.130394099687492
PDE7B,5.032615071177727
PDE8A,9.380630787847855
PDE8B,0.3017109462401564
PDE9A,2.7899002256072847
PDF,1.199801603675429
PDGFRA,9.581765137485595
PDGFRB,798.7809170669935
PDHA1,152.83500186269964
PDHA2,8.963593332760542
PDHB,88.48910442118365
PDHX,5.85286200953488
PDIA2,0.01097856691340495
PDIA3,2549.8431154451478
PDIA4,1375.5911590455664
PDIA5,41.35658273738395
PDIA6,505.9503763094705
PDK1,0.6194417373740503
PDK2,4.236154628254638
PDK3,2.7452013661898382
PDK4,117.70409333478428
PDP1,2.7428578257422482
PDP2,0.46429624991094726
PDPK1,0.3783924724571443
PDPR,1.9193199688628046
PDXK,47.921932405178566
PDXP,40.54584330348935
PDZD4,0.196228180078073
PEAK1,3.5508806085250337
PECR,161.96261312965146
PEMT,37.725147687811464
PEPD,87.15707713273912
PEX11A,0.5900650653439502
PFAS,61.456704496350326
PFKFB1,0.008525525220772429
PFKFB2,0.7659296948213605
PFKFB3,23.980049755146077
PFKFB4,4.375252750359253
PFKL,118.66774464123304
PFKM,32.33856913209732
PFKP,551.645838242054
PGAM1,105.76917190061896
PGAM2,3.3748568159362566
PGAM5,74.12004510548434
PGAP1,1.1400586548129477
PGD,6209.8916016108915
PGGHG,0.02991860446325157
PGK1,501.375264513889
PGK2,0.5419766874621619
PGLS,2184.5105101827207
PGLYRP1,0.005543351744931679
PGLYRP2,0.0008590358102183132
PGLYRP3,0.01572942767765221
PGLYRP4,0.2601296063498426
PGM1,409.5027146250033
PGM2,102.51226315034705
PGM2L1,2.197916358523027
PGM3,70.30241162961612
PGP,47.095845421169514
PGS1,19.339173902745973
PHEX,0.11177555805417383
PHGDH,4768.936071850333
PHKA1,0.01766256279827599
PHKA2,2.506374497942318
PHKB,7.148117012670205
PHKG1,1.3548740446553265
PHKG2,5.843349695174099
PHLPP1,0.9898985358492269
PHLPP2,0.792813167966403
PHOSPHO1,0.05569430332374304
PHPT1,250.01902254595504
PHYH,34.13366399766858
PHYKPL,0.6462009571960334
PI4K2A,2.673864128569005
PI4KA,1.2528663829395044
PI4KB,1.5872751787860808
PIGA,2.297770184442627
PIGB,6.798744477251926
PIGC,46.73871132436528
PIGF,3.0985038453017597
PIGG,10.2125402542604
PIGH,7.440832687010466
PIGK,7.689302019585262
PIGL,4.475882917173221
PIGM,1.7276228797561306
PIGN,2.3269819656755035
PIGO,4.164065043511424
PIGP,6.656703922577731
PIGQ,22.605899405175222
PIGS,15.127311520531771
PIGT,23.63196476890212
PIGU,2.813979992029566
PIGV,5.210357338743335
PIGW,2.878045796034762
PIGX,1.3017744095099
PIGY,79.14563366936063
PIGZ,0.8570656727304293
PIK3C2A,0.298446764481889
PIK3C2B,1.2922377786129322
PIK3C2G,0.08873409730034958
PIK3C3,0.17463673585981343
PIK3CA,2.9317853573707464
PIK3CB,0.08336408648769507
PIK3CD,4.6064140018658986
PIK3CG,0.1383371910590348
PIK3R1,2.200895066803049
PIK3R2,31.002296207883507
PIK3R3,8.784818951890717
PIK3R4,11.657680080061436
PIK3R5,5.760122450279786
PIKFYVE,1.1794705912773593
PIM1,32.409536094172836
PIM2,5.205820732445812
PIM3,28.142529232499303
PIN1,957.8660174704626
PIN4,1.8391655444866744
PINK1,100.25069322229817
PIP4K2A,33.767539680562706
PIP4K2B,7.462903274887437
PIP4K2C,15.149667252675634
PIP5K1A,0.5116101945032298
PIP5K1B,0.00790482122317209
PIP5K1C,76.86493076931208
PIP5KL1,0.2362526769060405
PIPOX,0.46221876840228465
PISD,1.5903318648066045
PJA1,45.11414636431872
PJA2,21.994720747696384
PKLR,0.001883472494775537
PKM,541.3891072832749
PKMYT1,6.917248518231159
PKN1,105.44895124867148
PKN2,2.0714907173750565
PKN3,2.130891996439583
PLA2G10,0.005206619721744607
PLA2G12A,0.34470575047073326
PLA2G12B,0.007977310175282144
PLA2G15,132.97219099154887
PLA2G16,38.02189621248032
PLA2G1B,0.5896921818972555
PLA2G2A,0.05650427128194479
PLA2G2C,0.005928669273133131
PLA2G2D,0.14757154392438404
PLA2G2E,0.10480083352838437
PLA2G2F,0.0005210541024200919
PLA2G3,0.0005609815339951023
PLA2G4A,21.49775275500676
PLA2G4B,0.002295204932672607
PLA2G4C,5.282890733734067
PLA2G4D,0.0009174336353576525
PLA2G4E,0.00024240703995680648
PLA2G4F,0.0003710542835958632
PLA2G5,1.9636729782784959
PLA2G6,2.5894323325673048
PLA2G7,1.9203076419917986
PLB1,2.777831227403417
PLCB1,1.2887506147213954
PLCB2,8.319019808788536
PLCB3,1.7038429944867903
PLCB4,0.23825679257282095
PLCD1,1.2800513920564063
PLCD3,10.473745488770284
PLCD4,1.583536398204072
PLCE1,0.7303896314297996
PLCG1,2.1546655079977173
PLCG2,2.366473266663553
PLCH1,0.14861413339097207
PLCH2,0.018804980162587154
PLCL1,0.1153331878690964
PLCL2,4.193082153093225
PLCXD2,0.0031855867056572204
PLCZ1,0.07175189323406331
PLD1,1.8189987691181897
PLD2,8.834274204653076
PLD3,46.063579784371335
PLD4,0.054845749050110214
PLD6,0.20334430664563946
PLG,0.011322538033575767
PLIN1,0.01054196588369181
PLIN2,23.36015632492765
PLIN3,79.82324796960192
PLIN4,0.13322674819506408
PLK1,3.5456965849863433
PLK2,21.406148807061854
PLK3,22.0837913938771
PLK4,1.3321869016927776
PLOD1,120.04585786541185
PLOD2,69.1186384504262
PLOD3,113.27389071716328
PLPBP,1.3790311261442316
PLPP1,5.389883230682263
PLPP2,2.123055391477898
PLPP3,4.2032094621878
PLPP4,0.019762828557283812
PLPP5,0.0656688155578048
PLPP6,0.050042688733332445
PLPP7,1.1305815492037874
PLPPR2,0.3307009692228308
PLPPR3,0.9307949846236876
PLPPR4,0.11900942508124815
PLPPR5,0.012456429933028047
PLTP,8045.730522404222
PLXNB3,0.07908410177853417
PMM1,14.524448458347166
PMM2,191.25785026335677
PMPCA,54.518637966080824
PMVK,272.7468117972675
PNCK,0.038520022166392984
PNKP,26.052234153849735
PNLIP,0.007675354080653175
PNLIPRP1,0.04876262171622993
PNLIPRP2,0.3354345050980549
PNLIPRP3,0.0006508135186798269
PNMT,0.07148815164079123
PNP,574.0648266667206
PNPLA2,56.22073149106125
PNPLA3,0.009847480591802234
PNPLA4,0.8281385952117585
PNPLA6,1.0702141901314604
PNPLA7,1.0249202815324092
PNPLA8,7.2569456413461015
PNPO,7.766516153347431
PNPT1,2.423002059120217
POLA1,3.2717639603210538
POLA2,5.5608855788721705
POLB,12.45973623630667
POLD1,1.587912834601964
POLD2,17.096977102559254
POLD3,0.5893089309889374
POLD4,347.52094505175245
POLE,0.13775672935226116
POLE2,1.4484270735911904
POLE3,36.74620473972175
POLE4,31.073184129100888
POLG,9.317423416043274
POLG2,4.307993248715722
POLH,1.7325373428840953
POLI,1.193427849101288
POLK,1.3667649174058052
POLL,12.138253191323232
POLM,6.764251830398804
POLN,0.17027324784283215
POLQ,0.25726638180355504
POLR1A,0.6444665417835329
POLR1B,0.3494604496891312
POLR1C,19.64482167923232
POLR1D,24.7030200657619
POLR1E,12.74285453161016
POLR2A,2.612320568835893
POLR2B,9.56777123141918
POLR2C,87.73287265096208
POLR2D,22.188904379326253
POLR2E,126.28914988374437
POLR2F,39.01942385666957
POLR2G,59.83619034167145
POLR2H,292.6324814682704
POLR2I,25.248203536675422
POLR2J,48.4755530593068
POLR2K,71.1535458909166
POLR2L,284.4928133975655
POLR3A,0.17629873124579937
POLR3B,2.0148865440329273
POLR3C,1.4354380482797444
POLR3D,15.166319771190695
POLR3E,7.331026801697905
POLR3F,6.944499293730669
POLR3G,0.13809075430106818
POLR3GL,69.84141881195849
POLR3K,23.742744320979277
POLRMT,6.2168077269740545
POMGNT1,21.885990045399968
POMT1,16.43787134594625
POMT2,4.422209947000809
PON3,0.02238809303830229
POR,694.5005279155653
PPA1,345.8119737213562
PPA2,175.65838043037908
PPARA,0.7143785374752452
PPAT,5.945050733715777
PPCDC,3.222267445798884
PPCS,74.77453233416644
PPEF1,0.30000877684109256
PPEF2,0.0003827560357043765
PPIA,337.0367410887726
PPIAL4A,0.3354345050980549
PPIAL4C,0.3354345050980549
PPIAL4E,0.06395180183227543
PPIAL4G,17.25930774811599
PPIB,3340.289663621831
PPIC,91.30760879346144
PPID,481.65202467964866
PPIE,15.044051612227204
PPIF,232.52408464471057
PPIG,7.009135220956114
PPIH,1021.4957595704246
PPIL1,114.97482436142555
PPIL2,0.9852750163957165
PPIL3,59.722079666525126
PPIL4,4.75935134590169
PPIL6,0.11017231665672393
PPIP5K1,0.9114391818163321
PPIP5K2,2.5286132213867645
PPM1A,0.7530422914500394
PPM1B,5.940644828373078
PPM1D,2.0052908681710524
PPM1E,1.2917913551321965
PPM1F,33.95073394848582
PPM1G,24.639274366966863
PPM1K,1.4197474813455204
PPM1M,26.807632270586588
PPOX,3.754273724417996
PPP1CA,394.56081723631917
PPP1CB,265.15610146089153
PPP1CC,319.29945823106846
PPP1R1A,0.11933936866362052
PPP1R1B,0.019746686278125446
PPP1R2,31.558465883020705
PPP1R3A,0.06646892507772041
PPP1R3B,1.3462624562082395
PPP1R3C,2.475340162942498
PPP2CA,194.21824611572328
PPP2CB,45.40450359251864
PPP2R1A,910.7219216037498
PPP2R1B,5.931627740997558
PPP2R2A,94.45966672607184
PPP2R2B,0.17655489526941046
PPP2R2C,0.008936304892643488
PPP2R3A,0.7873125897065406
PPP2R3B,0.8722304700521258
PPP3CA,540.1613838402568
PPP3CB,20.776460483317262
PPP3CC,7.319230643322355
PPP3R1,335.37580497639675
PPP3R2,2.4370537589271226
PPP4C,170.30501088717173
PPP5C,48.89012963209187
PPP6C,109.32117780854047
PPT1,14.724162410608447
PPT2,0.2917036853675205
PPWD1,9.53581996300017
PRAG1,0.3354345050980549
PRDX1,18992.95096504021
PRDX2,1209.8405359832327
PRDX3,142.86965761005362
PRDX6,1924.6661512574374
PREP,101.25003802300402
PRKAA1,17.90457272698054
PRKAA2,0.003500105351089219
PRKAB2,2.7073952695577677
PRKACA,669.8615819556744
PRKACB,52.601461382736275
PRKACG,0.0027614880791321304
PRKAG2,0.577962964821244
PRKAR1A,24.781248000268967
PRKAR1B,3.3089824515562096
PRKAR2A,4.311910854207153
PRKAR2B,7.6280295547400065
PRKCA,7.502677864287671
PRKCB,0.8700062562040967
PRKCD,3.3161808776651878
PRKCE,1.824522173788032
PRKCG,0.007239205995016846
PRKCH,3.6508030059566163
PRKCI,2.5427330852768315
PRKCQ,0.14682674093976333
PRKCSH,812.780744673813
PRKCZ,1.117626346570217
PRKD1,0.24713247848651873
PRKD2,15.884990931506291
PRKD3,10.499987346199685
PRKDC,1.0616502857969323
PRKG1,2.4217830338474444
PRKG2,0.0017586525937180705
PRKN,0.21524163632635238
PRKX,2.5671316698060007
PRKY,0.21540995883094036
PRODH,0.004030741087680664
PRODH2,0.047452249121563574
PRPF19,399.6530596289826
PRPF4,192.2684450185343
PRPF4B,12.324318816325704
PRPS1,414.01392564996956
PRPS1L1,2.4934702144268646
PRPS2,39.09014883829171
PRRT2,2.5781224156056153
PSAP,199.45553995994774
PSAT1,506.60329302407797
PSKH1,18.064530880097504
PSKH2,0.11813839957802594
PSPH,3689.694302194277
PSPHP1,0.3354345050980549
PTDSS1,68.46708108653398
PTDSS2,31.541677972630044
PTEN,7.463508818475913
PTGDS,0.7422224909385493
PTGES,1004.2454240001407
PTGES2,98.36264319168878
PTGES3,5913.757029562468
PTGIS,13.227269544211198
PTGR1,198.81187546516773
PTGS1,4.939739909160389
PTGS2,0.39501314287220096
PTK2,2.726028323826819
PTK2B,3.605503926483823
PTK6,0.1324238947516094
PTK7,9.604706794696915
PTP4A2,3.987685703072215
PTP4A3,38.543448995715934
PTPDC1,2.0718597545546964
PTPMT1,26.327681170263716
PTPN1,29.780286481246662
PTPN11,14.237722245136013
PTPN12,9.454780554928284
PTPN13,5.823158770280668
PTPN14,1.3411094795580605
PTPN18,28.17347837806447
PTPN2,8.350895285003128
PTPN21,1.5736673832924766
PTPN22,0.8397715869850817
PTPN23,11.342015496552682
PTPN3,0.0018038554763805798
PTPN4,0.6967653460985285
PTPN5,0.0028178131040054125
PTPN6,25.72774872665168
PTPN7,1.4261695373545602
PTPN9,0.6298388357608337
PTPRA,0.34303829523037066
PTPRB,0.8316293755316908
PTPRC,4.286872699477059
PTPRD,3.2688564906288575
PTPRE,3.2964994926358413
PTPRF,0.7947773335430572
PTPRG,1.9775071039211067
PTPRH,1.8105749806525775
PTPRJ,4.85379359988449
PTPRK,17.526457478217104
PTPRM,20.85383097525626
PTPRN,27.564179653151463
PTPRN2,1.101567243045818
PTPRO,1.242336970106474
PTPRQ,0.0005786974964241241
PTPRR,0.5140420469488036
PTPRS,0.3405199198752084
PTPRT,0.00928446170167272
PTPRU,0.23247943135778645
PTPRZ1,0.0005208808025529089
PTRH1,4.988922258752522
PTRH2,2025.845018227059
PTS,21.028755837971076
PUS1,15.582182235966977
PXDN,8.98024342860581
PXDNL,0.49816988744920765
PXYLP1,0.3900283303635837
PYCR1,135.29261960261098
PYCR2,361.1372726988359
PYCR3,18.52640291410028
PYGB,1015.1412035086138
PYGL,58.323887054764924
PYGM,0.10417830152349261
PYURF,0.6402221518630032
QARS,291.6370406429942
QDPR,383.5348317311516
QPCT,1.5932210024763758
QPRT,111.81650419444834
QTRT1,43.80680212199022
QTRT2,3.0803803903498332
RAD1,1.7611448281065534
RAD18,1.3819359796131168
RAD9A,9.077414534153782
RAF1,0.37672220806468126
RAG1,0.013062862721188033
RALBP1,22.465611732479722
RARS,310.585734949895
RARS2,20.82625396954561
RBBP6,0.1364108080176576
RBKS,0.5063234857656925
RBP1,964.7398377100882
RBP2,0.003362767230970198
RBP4,0.2785077407238662
RCHY1,1.6058666262666683
RCL1,8.9293523764241
RDH10,4.397906198506056
RDH11,353.869420383839
RDH12,0.34586767633636867
RDH13,0.8124099555548935
RDH14,0.5662782954952403
RDH16,0.07630439966322193
RDH5,0.0738063729948419
RDH8,0.013661415588793935
REG3A,15.598236131061894
RENBP,39.942331247441025
RET,0.017230953674854593
REV3L,1.4282972168284624
RFC5,47.404616790329264
RFK,17.41773477214334
RFWD3,5.592597315489272
RGL1,26.911914331124443
RHAG,0.3012257575781964
RHBG,0.006901764972980764
RHCG,0.07226232620395022
RING1,5.371247728359608
RIOK1,0.4210358944183874
RIOK2,0.15904909668401349
RIOK3,12.86355431300871
RIPK1,9.624605931170061
RIPK2,3.2413748386783845
RIPK3,6.753917058128212
RIPK4,0.06350330446720866
RIPOR1,1.8350848174091228
RNF103,9.454263223723053
RNF115,16.906836483584268
RNF123,12.733348322752688
RNF125,0.7031964079333968
RNF126,22.69216082908184
RNF128,0.19280651713838554
RNF13,24.181741477791928
RNF130,182.86169722038287
RNF133,0.020682502010703117
RNF138,3.497303398405803
RNF139,13.070162535158397
RNF14,5.1361178475109135
RNF144A,18.00926454625933
RNF144B,5.013920096747738
RNF146,17.92331121419193
RNF149,77.71884283638776
RNF152,0.4827740757516444
RNF167,160.60345056000338
RNF180,0.034612262596290765
RNF182,0.0003312017867851403
RNF185,17.387334421664253
RNF187,236.45517574529396
RNF19A,4.322005752815794
RNF19B,17.577565503350133
RNF2,6.616091870122216
RNF20,1.9720971306652286
RNF216,24.175464731962368
RNF217,0.8277617295613653
RNF25,45.89415845131846
RNF31,15.307906156888164
RNF40,2.4162106055018593
RNF41,7.633018463304036
RNF5,0.09013082658543353
RNF8,2.5311321526248625
RNGTT,3.6024901014733994
RNMT,47.244177610295075
ROCK1,3.683985049080803
ROCK2,2.863564593607786
ROR1,0.3272366685772434
ROR2,0.42900997538964875
RORA,0.9722912080651669
ROS1,0.006295147793719787
RPAP2,1.5124472196670196
RPE,30.5321073379874
RPE65,0.011728131313476612
RPIA,39.26735125362513
RPL14,840.1804214595512
RPN1,1788.0554321321574
RPN2,1000.3385436342711
RPP14,42.0715808994472
RPS6KA1,18.63326751294042
RPS6KA2,1.8347079816608913
RPS6KA3,1.6477591883265013
RPS6KA4,1.3218656228297554
RPS6KA5,0.18042600484630908
RPS6KA6,0.19532516900064487
RPS6KB1,1.4160432953482824
RPS6KB2,52.098784066429914
RPS6KC1,0.46838868871721234
RPUSD4,0.6991536183985257
RRM1,36.092882221505235
RRM2,7.573974067053682
RRM2B,2.4644538756928904
RTCA,1.6973780629584712
RWDD2A,4.52439045923171
RXRA,19.37429550675726
RYK,12.260281769940171
SACM1L,8.917823671634643
SAE1,323.8918848593707
SAP130,0.713396081035456
SARDH,0.15289813960296816
SARS,227.59322264047603
SARS2,8.81928577268054
SAT1,2277.4082501865328
SAT2,186.08777419091535
SBK1,0.11025093235966935
SC5D,1.7142905425756392
SCARB1,78.36715131186156
SCARF2,24.69114048845282
SCD,34.38160686119943
SCD5,5.992968162768479
SCLY,0.04052638203525989
SCP2,176.13652826202863
SDC1,3.1704024629769503
SDHA,167.72019853800208
SDHB,343.823859059726
SDHC,8.015884628574153
SDHD,3.1333926244741024
SDR16C5,0.013062413779845215
SDR42E1,0.001298167690387844
SDR42E2,0.3354345050980549
SDR9C7,0.00831647292385671
SDS,10.49983871165975
SDSL,21.944052946666847
SEC11A,567.7394004689191
SEC11C,2.3915270479237933
SELENOI,0.1784505883933933
SEPHS1,405.9118565602696
SEPHS2,74.63760591391087
SERPINA1,19.880837208601175
SERPINA3,1.8934921063826762
SETD1A,0.2578527458195357
SETD1B,3.431188812870943
SETD2,0.022845851291275376
SETD5,14.703075194429811
SETD7,3.8530876570728867
SETDB1,0.23125603888768356
SETDB2,0.575219295567743
SETMAR,2.566280519386027
SFXN3,2308.0397584444736
SGK1,55.25198600006838
SGK2,0.00392205793301358
SGK3,0.005792912302887046
SGMS1,6.603886553788699
SGMS2,0.8851493023940796
SGPL1,43.89651157832945
SGPP1,6.003873606960189
SGPP2,0.13147193149230543
SGSH,24.47743586763254
SH3RF1,2.4502246285962377
SH3RF2,0.0039715447211177415
SH3RF3,6.008084050253111
SHMT1,129.83094424524674
SHMT2,1385.1967232889106
SHPK,3.4906302926488078
SHPRH,0.07169745604951216
SI,0.18373547314711697
SIAE,3.6943866642787193
SIAH1,5.552319278260596
SIAH2,24.502217970990234
SIK2,2.303478628301239
SIK3,1.6032563857782487
SIN3A,3.3955430602338326
SIN3B,0.10863661852172632
SIRT1,2.6043488565111295
SIRT2,50.257528849259565
SIRT3,8.816740234117807
SIRT5,0.5523532863591704
SIRT6,25.97970741640278
SIRT7,17.223333105385336
SLC10A1,0.0010424359689664635
SLC10A2,0.0008537964826772718
SLC10A6,0.12850246618128008
SLC11A1,4.828075421880275
SLC11A2,8.26844254567309
SLC12A1,0.0015785956816179649
SLC12A2,0.8714158236400401
SLC12A3,0.0008749872021194494
SLC12A4,0.32165543938106195
SLC12A5,0.04749128447876297
SLC12A6,0.052181482291228966
SLC12A7,1.2250217915069934
SLC13A1,0.0003312017867851403
SLC13A2,0.9791894450655247
SLC13A3,0.06890807706412293
SLC13A4,0.12104839083889073
SLC13A5,0.0004036322860399921
SLC14A1,0.030813574812493142
SLC14A2,0.007766667221037828
SLC15A1,0.008497421765917572
SLC15A2,0.23918704307073263
SLC15A3,85.14082391502139
SLC15A4,1.950243554764362
SLC16A1,67.51629135599862
SLC16A10,1.373285514887894
SLC16A2,6.8771810627999646
SLC16A3,39.053837510491284
SLC16A7,0.26051611679451997
SLC16A8,0.027594198495728955
SLC17A1,0.06505057075080632
SLC17A2,0.014797084619435076
SLC17A3,0.0023216568102775543
SLC17A4,0.016758172785412122
SLC17A5,37.027307060142945
SLC17A6,0.03561924497624714
SLC17A7,0.15848330823782558
SLC17A8,0.0052154903452752465
SLC18A1,0.058656845323138175
SLC18A2,0.7677684605370897
SLC18A3,0.06214561646399096
SLC19A1,4.580147854339761
SLC19A2,3.5446645795304894
SLC19A3,0.0008574890460757026
SLC1A1,3.496059928094293
SLC1A2,0.0023773016900474077
SLC1A3,19.222830651926454
SLC1A4,4.366274386448562
SLC1A5,354.9590469781155
SLC1A6,0.0009706950033346362
SLC1A7,1.356950559156343
SLC20A1,148.21389002107475
SLC20A2,9.093901517661498
SLC22A1,0.27951656212904563
SLC22A10,0.00056127727495085
SLC22A11,0.01883789862301903
SLC22A12,1.368484858340572
SLC22A13,0.0014482809684890285
SLC22A16,0.03436723750132272
SLC22A18,5.075876059450461
SLC22A2,0.013195475162673982
SLC22A3,8.179253393561165
SLC22A4,0.2758413692651499
SLC22A5,0.39878824069343455
SLC22A6,0.3332262579895881
SLC22A7,0.3754031874781076
SLC22A8,0.6796964855365107
SLC22A9,0.11807453767167743
SLC23A1,0.008846548439397906
SLC23A2,5.155591669892656
SLC24A1,0.4952336594729873
SLC24A2,0.011104267789642117
SLC24A3,0.04462323151444536
SLC24A4,0.008329047993063575
SLC25A1,534.1004818888165
SLC25A10,13.038905706807528
SLC25A11,1248.241502171604
SLC25A12,179.73551626515166
SLC25A13,176.95537157897033
SLC25A14,3.4257160193261305
SLC25A15,0.7455360934310217
SLC25A16,1.3310363307378095
SLC25A17,8.03211295989166
SLC25A18,0.9818325036306251
SLC25A19,3.999961711838748
SLC25A2,0.017685997289031676
SLC25A20,3.6207022534180657
SLC25A21,0.0013952667362245584
SLC25A22,32.43700763142164
SLC25A26,11.610995342785081
SLC25A27,0.08033312220560897
SLC25A28,27.638119197448958
SLC25A29,10.63401370596206
SLC25A3,2327.6871939405414
SLC25A37,8.058208357552877
SLC25A4,32.31319706838508
SLC25A5,2384.859044561402
SLC25A6,65.3056182666722
SLC26A1,0.2588542930350273
SLC26A11,6.006444118285413
SLC26A2,1.8089835998307615
SLC26A3,0.002125798115616794
SLC26A4,0.10269298402398387
SLC26A6,6.217977004018159
SLC26A7,0.004275556407773973
SLC26A8,0.006997976910115063
SLC26A9,0.015985017697443794
SLC27A1,4.571315711879309
SLC27A2,0.05430319088651535
SLC27A3,22.86188173697739
SLC27A4,2.9264148298818737
SLC27A5,0.325716204303398
SLC27A6,0.017626894684438784
SLC28A1,0.14409126580804688
SLC28A2,0.010012400490445082
SLC28A3,0.018932329137083613
SLC29A1,20.37336951641141
SLC29A2,1.5328348493034731
SLC29A3,13.198684758377599
SLC29A4,8.442572214586418
SLC2A1,18.328366717735953
SLC2A10,11.796458480360624
SLC2A11,0.9781660956848581
SLC2A12,1.7054665137228489
SLC2A13,1.4853958547750992
SLC2A14,0.5855581067948209
SLC2A2,0.7271472329221568
SLC2A3,95.1879460252075
SLC2A4,0.09572236309585615
SLC2A5,5.184737586325144
SLC2A6,0.8484514180613901
SLC2A7,0.005007946934296395
SLC2A8,16.150214550294415
SLC2A9,0.9136759082788596
SLC30A1,4.750622855426029
SLC30A6,7.16343861197279
SLC30A7,18.400831301399723
SLC31A1,22.511709331291748
SLC32A1,1.4740945089441455
SLC33A1,502.6373633348759
SLC34A1,0.0009619525295261549
SLC34A2,0.00028405237590945067
SLC34A3,0.01689581557782249
SLC35A1,15.703240703130515
SLC35A2,33.0460629945039
SLC35A3,2.351158874918699
SLC35B2,2.60254972792843
SLC35B4,4.31257856989347
SLC35C1,20.09908055001751
SLC35D1,1.4884102232507055
SLC35D2,33.09791319365721
SLC36A1,8.498838756410061
SLC36A2,0.00038154203495608784
SLC36A4,1.744340309133357
SLC37A1,1.0271711857399473
SLC37A4,6.0985943108640335
SLC38A1,6.390187725982268
SLC38A2,85.07629574728132
SLC38A3,0.021513398856531026
SLC38A4,0.4536794152419657
SLC38A5,1.4906998435022731
SLC39A7,15.607105230607434
SLC3A1,0.012740689114550055
SLC3A2,354.55904476825845
SLC40A1,208.97202505435376
SLC41A1,5.541181361728066
SLC41A2,3.3124026329205614
SLC43A1,3.625514949966603
SLC43A2,18.019216168297845
SLC46A1,0.787674240971022
SLC47A1,0.1116897870646881
SLC47A2,0.012188557143884981
SLC4A1,0.023320989464321894
SLC4A10,0.002612394082731627
SLC4A2,66.52909997161532
SLC4A3,0.010041629789877706
SLC4A4,0.014395802910577416
SLC4A5,0.2552965741311343
SLC4A7,0.26576744756494264
SLC4A8,0.31001925594095336
SLC4A9,0.00040547517736968646
SLC51A,0.15730939956507933
SLC51B,0.1317954273752661
SLC52A1,0.11277172956640528
SLC52A2,0.09357936368667576
SLC52A3,0.28454763876001143
SLC5A1,0.0009521096801948129
SLC5A10,0.1994142601613412
SLC5A11,0.00722249153179204
SLC5A12,0.022593770488038026
SLC5A2,0.04957262729929167
SLC5A3,1.7276319519033323
SLC5A5,0.0031904226346063332
SLC5A6,10.474424283453168
SLC5A7,0.00021931052511504307
SLC5A8,0.020348008655615108
SLC5A9,0.19821095538197228
SLC6A1,0.04893447515533793
SLC6A10P,0.021632974775815546
SLC6A11,0.16250422749413002
SLC6A12,0.20882281520317755
SLC6A13,0.01423566636571022
SLC6A14,0.0016927550856672704
SLC6A18,0.0032407355715073855
SLC6A19,0.1185497404542115
SLC6A2,0.000208780491553004
SLC6A20,0.0034233897479680284
SLC6A3,0.0003156495632270126
SLC6A4,0.0006670354073211432
SLC6A5,0.10319845039380167
SLC6A6,0.38432412418995404
SLC6A7,0.03570771011011726
SLC6A8,6.746064375463909
SLC6A9,4.318421887620832
SLC7A1,1.8729718587348323
SLC7A10,0.0036424026731528996
SLC7A11,2.2246834701077813
SLC7A2,13.037525076341407
SLC7A3,0.02629258332911256
SLC7A5,1.7357064898305565
SLC7A6,5.352369459632632
SLC7A7,60.45048371545289
SLC7A8,225.18542578940247
SLC7A9,0.0849495441808381
SLC8A1,3.1021970726188335
SLC8A2,0.4077107176532415
SLC8A3,0.00019468680441792264
SLC8B1,0.13932836983899105
SLC9A1,67.53839489410046
SLC9A2,0.0034148568476584473
SLC9A3,0.2067570136590026
SLC9A4,0.004131518868774972
SLC9A5,0.8240390704407389
SLC9A7,0.7322707996691363
SLC9A8,1.6772070520115474
SLCO1A2,0.0014008018016664183
SLCO1B1,0.019867393531566684
SLCO1B3,0.002013591714948663
SLCO1C1,0.03301565201310146
SLCO2A1,5.309877095008811
SLCO2B1,120.6463297768586
SLCO3A1,6.114537165792826
SLCO4A1,0.19689812048271876
SLK,10.048507283256496
SMARCD3,39.47690626895459
SMG1,0.33384271886279826
SMPD1,186.9655019357968
SMPD2,9.946418438077385
SMPD3,0.3912109783770939
SMPD4,7.5169620649501665
SMS,124.91191224951307
SMURF1,9.654693128834747
SMURF2,2.885980847177771
SMYD3,27.43747135781533
SNRK,4.737208110781286
SOAT1,7.354530199694289
SOAT2,0.13180964504038734
SOD1,1835.8309954396163
SOD2,394.95776394130195
SOD3,52.073709835874155
SORD,1.6659567552263372
SPCS1,204.04994453446022
SPCS2,130.2123257605435
SPCS3,311.26822726740784
SPEG,0.5830570672293728
SPHK1,79.0414369756874
SPHK2,1.5271447228496222
SPR,499.78677386664293
SPRYD3,37.20986878862329
SPTLC1,36.262743539312304
SPTLC2,1.8740267349368018
SPTLC3,1.2266602082049693
SQLE,0.2990122243716673
SRC,3.9200657329521396
SRD5A1,20.392554036358895
SRD5A2,0.01011254852894524
SRD5A3,7.399097884589356
SREBF1,34.79524415021896
SRM,1339.412040742165
SRMS,0.045389054197183705
SRPK1,2.78463319281397
SRPK2,11.023081097466367
SRPK3,0.017953663247782553
SSH1,9.252373215947392
SSH2,3.2027174218998367
SSH3,1.053259078738048
SSR4,1241.5478995896954
SSU72,375.4634294369416
ST3GAL1,16.516165714909473
ST3GAL2,32.14640864922905
ST3GAL3,11.115409179559522
ST3GAL4,40.012466735402995
ST3GAL5,15.94417034280048
ST3GAL6,1.6139752142942636
ST6GAL1,7.313788059411048
ST6GALNAC1,0.023624521325211666
ST6GALNAC2,0.11377931628875214
ST6GALNAC3,0.30537060509938124
ST6GALNAC4,15.8601521210586
ST6GALNAC5,2.063908670189232
ST6GALNAC6,97.59599971193066
ST8SIA1,0.03903238582494831
ST8SIA4,1.9901699367639625
ST8SIA5,0.18465876279141474
STAMBP,8.528811027744045
STAMBPL1,7.301653327469385
STARD3,73.01960182609999
STK10,1.009373526288411
STK11,27.144608485783056
STK16,1.6233974034731804
STK17A,12.173171712752637
STK17B,8.060779544724602
STK19,1.2383447908315175
STK24,34.028012778685714
STK25,10.13499812681382
STK26,0.629690691282171
STK3,8.686410919872609
STK31,0.0009016944817193734
STK32A,0.00792997630462265
STK32B,0.4082161569087048
STK32C,1.0346074534670737
STK33,0.0034388426245273887
STK35,4.3211023152946
STK36,2.5106918816966237
STK38,12.232006192968012
STK38L,8.132142971032948
STK39,23.010283734636356
STK4,1.4203962265412593
STRA6,23.83326947565167
STS,3.80447578730905
STT3A,21.479677352676095
STT3B,41.423045084168656
STUB1,58.993888489502716
STYK1,0.018018765260048534
STYXL1,35.90583449062206
SUCLA2,72.77756048352022
SUCLG1,509.15766433583985
SUCLG2,366.89158156109534
SULT1A1,14.12209737449002
SULT1A2,0.3026697204538311
SULT1A3,3.7503041530200782
SULT1B1,0.023606700725798027
SULT1C2,0.04198840375750012
SULT1C4,0.11659666883225318
SULT1E1,0.0041108363010342675
SULT2A1,0.3903092292541407
SULT2B1,0.04144116649830528
SULT4A1,0.01733782247037587
SUOX,10.025191846524411
SUV39H1,10.413016710629163
SUV39H2,1.5789426349480051
SYK,9.08955745555613
SYNJ1,0.019030815420393487
SYNJ2,0.0495427320639083
SYVN1,0.7795965858710836
TAF1,1.5646488149842686
TALDO1,298.11402900593356
TAOK1,1.587218396277806
TAOK2,14.909129263424282
TAOK3,17.528768758758275
TARS,690.4533434092654
TARS2,1.258141801744323
TARSL2,2.5510814330409723
TAT,0.005815161543620745
TBCB,186.9783943293401
TBK1,0.8404403900116019
TBL1X,14.774163179009115
TBL1XR1,9.268147820650446
TBXAS1,36.44632820352701
TCIRG1,48.258372919452746
TDO2,141.15921874968873
TECR,82.02461691896086
TECRL,0.11400593534832566
TENT2,0.15316461371698084
TENT4A,0.45357387630786017
TESK1,36.14334083862205
TESK2,1.1949829764635163
TFRC,156.4105913669728
TGDS,6.13655394845979
TGFBR1,24.764615906959854
TGFBR2,85.8794367390399
TGM1,0.15832217693935569
TGM2,11.061805883870889
TGM3,0.004725792751350184
TGM4,0.002992589529683146
TGM5,0.005786663595462368
TGM6,0.0006569857631296858
TGM7,0.01438308791538765
TGS1,3.1540897417112572
TH,0.009568701791584696
THNSL1,0.15678067546073307
THTPA,4.606058816216375
TIAM2,0.07081392551626942
TICRR,0.05167590734814967
TIPARP,3.720587806391705
TK1,118.6835521294545
TK2,8.91755374635623
TKFC,17.655218887752373
TKT,264.53291758890356
TKTL1,0.06647906909943585
TKTL2,0.0005004650776908888
TLK1,15.655383605726284
TLK2,0.18093426387988087
TM7SF2,1.7342715211270805
TMEM91,5.2985688150208405
TMLHE,1.0280883274106707
TMX3,14.517117754225627
TNFRSF21,11.348075926474193
TNIK,0.5130867460005798
TNK1,0.11947718379426693
TNK2,9.554367019104886
TNKS,3.2551046074777568
TNKS2,6.954128363152033
TNNI3K,0.3354345050980549
TNS2,1.434061794943761
TOPORS,2.328797039800379
TP53RK,9.102663746681255
TPH1,0.02115220678027286
TPH2,0.0006314327861564004
TPI1,21379.826737873314
TPI1P2,32.831759609074226
TPK1,1.148191884006554
TPMT,11.381374424867838
TPO,0.00842786257604342
TPP1,513.947291545671
TPSAB1,6.976404088975734
TPSB2,8.202627558574974
TPSD1,0.75231805687308
TPST1,98.69588229476042
TPST2,27.424637127498297
TPTE,0.3354345050980549
TPTE2,0.0007142923800611753
TRAF7,19.332361006232585
TRDMT1,0.2189342297712849
TREH,0.1818931929382159
TREX1,8.7632902096906
TREX2,0.2371538601781497
TRHDE,0.00019778597749671833
TRIB3,2.315467660042423
TRIM11,13.855764839296926
TRIM32,1.555605465434628
TRIM33,0.6823982202056681
TRIM63,0.06213853652351577
TRIO,1.1770073217551753
TRIP12,9.778750177870153
TRIT1,9.490671367099365
TRMT1,8.067039118486553
TRMT11,7.580064722935883
TRMT1L,2.2796317762705236
TRMU,14.800759026153788
TRPM6,0.003902034655336828
TRPM7,6.426142612636848
TSSK1B,0.0015136912098775521
TSSK2,0.0231714118888251
TSSK3,1.2408184706819303
TSSK4,0.14621104450831796
TSSK6,1.2677882409225847
TST,12.734757262028825
TSTA3,174.03508751720332
TTC3,19.37949286637191
TTK,0.15851463880097214
TTL,1.5412498308014595
TTLL10,0.002825147219280479
TTN,0.03042401627072833
TUSC3,3.9363818601543255
TUT1,0.4376185414904475
TUT4,0.6950417161591614
TUT7,0.1907089895411479
TXN,2457.0387650212842
TXN2,65.3664984820666
TXNRD1,377.8992767157905
TXNRD2,18.574756982119638
TXNRD3,0.34305292665989157
TYMP,184.20024800191914
TYMS,90.69459726350482
TYR,0.0019385486939566617
TYRO3,9.10707660988637
TYRP1,0.0487616486934359
UAP1,38.1238330279565
UAP1L1,15.632699318047033
UBA1,836.6329737802458
UBA2,105.50281430178742
UBA3,44.09689393513782
UBA6,29.581281788401796
UBA7,37.283744571513786
UBE2A,57.634833662821116
UBE2B,34.801505463181094
UBE2C,15.034454127493444
UBE2D1,5.788728678397815
UBE2D2,28.089013856421193
UBE2D3,1063.2624979325658
UBE2D4,6.071249623153525
UBE2E1,79.13742228239518
UBE2E2,9.398511007022732
UBE2E3,9.101021370959506
UBE2F,2.1620567760845284
UBE2G1,11.302513126575764
UBE2G2,5.601747620368471
UBE2H,385.6813923857333
UBE2I,1099.9708999601241
UBE2J1,11.459314565574434
UBE2J2,53.711719324045056
UBE2K,401.24175441249844
UBE2L3,1025.4117446827897
UBE2L6,109.60970453455
UBE2M,141.0623806997114
UBE2N,52.205606301588716
UBE2NL,11.278850479185671
UBE2O,8.158076987992098
UBE2Q1,7.347789242853709
UBE2Q2,1.5435900517666186
UBE2QL1,0.14674696040868765
UBE2R2,14.169747672524142
UBE2S,24.584224477384165
UBE2T,6.640567208970141
UBE2U,0.0017028724590952018
UBE2W,4.154019987861376
UBE2Z,148.54834940514976
UBE3A,10.12413841402899
UBE3B,9.614507284157503
UBE3C,3.4433299078719615
UBE4A,0.6303640235616668
UBE4B,2.1735567163839864
UBLCP1,64.12004265767202
UBR1,0.28120012597221916
UBR2,1.5025898492048297
UBR3,0.012520631047805608
UBR4,5.162553446591948
UBR5,0.2514974309376889
UBR7,11.47252919845617
UCK1,17.01388074259922
UCK2,3.8813271714625435
UCKL1,18.850517581691406
UCP1,0.058364989262093596
UCP2,270.349074964476
UCP3,0.05551656514791831
UEVLD,1.5657864850708791
UGCG,2.5583282451182976
UGDH,102.3279492556092
UGGT2,6.362369951115056
UGP2,1817.662736382426
UGT1A1,0.5818457107151666
UGT1A10,0.0027638449518211693
UGT1A3,1.0114790584917612
UGT1A4,0.0951329295757727
UGT1A5,0.4044927492424471
UGT1A6,0.17846484523713252
UGT1A7,0.817507176308654
UGT1A8,0.004058157348023727
UGT1A9,0.11549856641655931
UGT2A1,0.3354345050980549
UGT2A3,1.2389146853275619
UGT2B10,1.2536713325042186
UGT2B11,0.0009807452710749378
UGT2B15,0.6704297803167216
UGT2B17,0.0007524064164854695
UGT2B28,0.0008897009381847058
UGT2B4,0.06463358360005064
UGT2B7,0.033724763897747034
UGT3A1,0.0005499406944425736
UGT3A2,0.43588523908266413
UGT8,0.0009784099819806478
UHMK1,6.594458693593345
UHRF1,0.6203947645537123
UHRF2,4.671788058745939
ULK1,22.268858343043377
ULK3,19.225763128454744
ULK4,0.30594499234861383
UMPS,66.76323323161208
UPB1,0.003356146492918385
UPP1,6.566258781155234
UPP2,0.0014338224357511448
UPRT,2.1873635673590774
UQCR10,59.64786637633419
UQCR11,207.3743037890221
UQCRB,33.35462168830654
UQCRC1,1803.1176985162663
UQCRC2,2212.026501232742
UQCRFS1,339.27796471624725
UQCRH,40.92980298988048
UQCRQ,70.4284719117974
UROC1,0.0009680196854627224
UROD,114.19759179454088
UROS,56.3237098582318
USP1,9.870012968587233
USP10,3.915984894190604
USP11,112.95654096977484
USP12,2.5795938715679125
USP13,1.414529531159129
USP14,71.79292317909356
USP15,2.643889544878335
USP16,10.629152331784402
USP17L2,0.7544524097088302
USP17L22,0.04998256910149056
USP17L30,0.050968258904732194
USP17L5,0.050968258904732194
USP17L9P,0.3354345050980549
USP18,1.265843367851508
USP19,1.1624319336249704
USP2,0.08699963526105658
USP20,8.976082107122767
USP21,23.931076351391848
USP22,114.98985941632259
USP24,0.7626539968929298
USP25,0.04238533767525833
USP26,0.08118014005684498
USP28,2.598797639670255
USP29,0.08228852752006045
USP3,0.4963180952016902
USP30,0.23012122603239893
USP31,1.3345462694131351
USP32,0.3230685324522636
USP33,9.190784641967417
USP34,6.322400265164794
USP35,0.9237541567300058
USP36,10.114740169827058
USP37,0.840533178732867
USP38,2.2208809655590627
USP4,2.36334900520183
USP40,0.5838601612256664
USP41,0.01834435481333142
USP42,2.579972806633803
USP43,0.0445417862103569
USP44,0.008281437585394603
USP45,0.3876793444586892
USP46,2.378038382408466
USP47,3.4551960446334786
USP48,0.26976692588356566
USP49,0.016632642118469855
USP51,0.5611889403793885
USP6,0.04471200892490225
USP7,18.430226152872418
USP8,0.4498669513094794
USP9X,4.857653905720274
USP9Y,0.2238465679540323
UST,12.239552121023989
UXS1,31.21993407941492
VARS,21.01787022339648
VARS2,6.288766116380313
VKORC1,350.5790062458381
VNN1,0.6747112180656191
VNN2,1.157366103877352
VNN3,0.4016829475228437
VRK1,40.684509600083814
VRK2,2.484541538382766
VRK3,12.673829507521702
WARS,4963.686829673466
WARS2,16.550049223825592
WDYHV1,4.1369624187897855
WEE1,8.338087702154015
WEE2,0.003939888909275534
WNK1,2.1939589058798155
WNK2,0.002091542536406376
WNK3,0.03986701640020289
WNK4,0.03206652086705245
WWOX,1.1206980793136758
WWP1,8.663794665194946
WWP2,0.11109946882412998
XDH,0.018886715328846962
XPO6,0.4877128366215823
XPO7,9.736399065327042
XYLB,0.40544336221238886
XYLT1,2.4852740885872047
XYLT2,30.774421350630004
YARS,4349.058359642875
YARS2,19.07685317608991
YES1,16.39875508538401
ZADH2,3.365656288629337
ZAP70,1.5656193946987695
ZC3HAV1,1.7084355861268783
ZNRD1,0.983812388004328
ZNRF1,8.671501520362757
ZNRF2,2.5154303946411396
ZSWIM2,0.003946009813454757
