A4GALT,92.16213838063653
A4GNT,0.00036039749134927896
AACS,165.5986278997698
AADAC,0.1317852869066716
AADAT,0.005403612290221056
AAK1,17.92248179081069
AANAT,0.023682579618011918
AARS,379.7649772852051
AARS2,2.1062405254882237
AASDH,3.2040535583627663
AASDHPPT,9.405717462591689
AASS,0.04793772112508625
AATK,0.037746674304707815
ABAT,1.9492448017738673
ABCA1,2.0168665024347963
ABCA3,2.10992641672233
ABCA4,0.07112116089307223
ABCA8,0.00032426322416034825
ABCB1,0.18240655565515837
ABCB11,0.010800333823349844
ABCB4,0.008211447179146606
ABCB6,7.051248309826409
ABCC1,1.2471488515204503
ABCC11,0.006542033914070914
ABCC2,0.07700261444469177
ABCC3,1.3152442621877471
ABCC4,0.971187316597282
ABCC5,23.903690532208184
ABCC8,0.05536502372092665
ABCC9,0.00950387290323301
ABCD1,2.258515673634998
ABCD2,0.0017236448898081172
ABCD3,73.79538078758094
ABCG2,0.0820904879158336
ABCG5,0.015068427546706767
ABCG8,0.012574638816739493
ABHD12,17.31894322380307
ABHD5,3.8382200435762366
ABHD6,1.2421079888027502
ABL1,9.803586741915245
ABL2,1.1809074955958794
ABO,79.4365412134109
ACAA1,15.373659329670218
ACAA2,0.8206415379868034
ACACA,25.78081804196586
ACACB,0.4201664129775703
ACAD10,10.490224379267296
ACAD11,0.04828686757673535
ACAD8,22.32899575193867
ACAD9,361.91939526523214
ACADL,0.06501768673291763
ACADM,43.66424066853034
ACADS,23.832033469675334
ACADSB,59.11710663409963
ACADVL,545.7735665278332
ACAT1,21.57454447733298
ACAT2,55.84241315091108
ACE,0.670379311719266
ACE2,0.6855267966442555
ACER1,0.001952209160793949
ACER2,0.7496233608389636
ACER3,5.5619985438109865
ACHE,0.033981475883709304
ACLY,86.6795030894677
ACMSD,0.002859516757616227
ACO1,19.99119784579378
ACO2,25.67799990060453
ACOT1,2.9126539582456843
ACOT11,2.8194815092603918
ACOT12,0.0003052234290679781
ACOT13,1.6435634399928778
ACOT2,5.405728779887194
ACOT4,2.780511727981635
ACOT6,0.003913131458936481
ACOT7,39.083662500863284
ACOT8,23.50556587282794
ACOX1,4.090157185239446
ACOX2,0.0383691939752435
ACOX3,3.4210624651230064
ACP1,8903.102127983644
ACP2,4.986721813224711
ACP4,0.0036202735317779565
ACP5,23.444796892769627
ACP6,17.150783634967546
ACP7,0.44999467512671487
ACPP,1.1588565830004347
ACSBG1,0.05027603503855159
ACSBG2,0.008558598108212877
ACSF2,5.53457873638752
ACSF3,3.0762114368775677
ACSL1,97.60078492216942
ACSL3,4.892601327474962
ACSL4,3.1201125391381965
ACSL5,3.4351339193874235
ACSL6,0.0001383274881906023
ACSM1,0.018293070393390332
ACSM2A,0.00017244226904704468
ACSM2B,0.06320048198640206
ACSM3,0.010896093782274586
ACSM4,0.00036871301574824755
ACSM5,0.000622061838806085
ACSS1,2.0052483915135086
ACSS2,48.34533119633848
ACSS3,0.003273313323863089
ACVR1,18.523718762814706
ACVR1B,18.336809389300964
ACVR1C,0.1441665523610288
ACVR2A,2.207596496104459
ACVR2B,0.1315152555728959
ACVRL1,0.21760688820856805
ACY1,17.035897999990137
ACY3,1.7398213596328247
ACYP1,33.46660615785122
ACYP2,2.7745301261309776
ADA,16.52781653995841
ADCY1,0.016025853585673683
ADCY10,0.0011775528993573493
ADCY2,0.0002669218503854532
ADCY3,13.182362755013054
ADCY4,0.18114892650054967
ADCY5,0.009995785780023836
ADCY6,2.6560608007039934
ADCY7,15.09125685520694
ADCY8,0.10844658669179806
ADCY9,1.5035521090048194
ADH1A,0.03815185276597819
ADH1B,0.1860599351505973
ADH1C,109.03081230331372
ADH4,0.00399546806567311
ADH5,598.6315342384896
ADH6,0.011435548751333454
ADH7,1066.0461956341487
ADHFE1,0.8349458631164294
ADI1,189.17816354015426
ADK,94.51270795191014
ADO,11.102172855831768
ADPGK,58.55570348845622
ADPRH,1.5430480329938103
ADSL,506.2347422338362
ADSS,227.38642747172037
ADSSL1,30.626311000020497
AFMID,4.886206429977471
AGA,83.9856635249169
AGK,10.374339793952592
AGL,1.0588579228961241
AGMAT,0.7109094142431613
AGPAT1,0.4434583826896302
AGPAT2,72.03075675092965
AGPAT3,13.128093160750677
AGPAT4,0.8202367898812677
AGPAT5,9.447427571946818
AGPS,58.3595554405441
AGT,0.03410167887166548
AGXT,0.002011934497560701
AGXT2,0.07273189725255508
AHCY,11863.27248939464
AHCYL1,29.340548912947042
AHCYL2,8.023451601437202
AICDA,0.0030409021018311336
AK1,205.57830097776997
AK2,588.1998479516279
AK3,15.21601815655439
AK4,170.41953767569973
AK5,0.007814214897645565
AK7,0.6057100346549833
AKR1A1,540.5524836549781
AKR1B1,54.8435435705894
AKR1B10,382.56993439869154
AKR1B15,5.965674210306674
AKR1C1,12.395776046898735
AKR1C2,18.163044766134057
AKR1C3,49.888598656998866
AKR1C4,0.010292840065230104
AKR1C8P,0.3354345050980549
AKR1D1,0.00019603629379924957
AKR7A2,225.44954028918508
AKR7A3,3.883496718463804
AKT1,8.78905225923698
AKT2,1.7183844880353347
AKT3,0.11307111864148313
ALAD,242.05284182266809
ALAS1,22.94526279614461
ALAS2,0.005414085914930362
ALB,0.0006913279322381802
ALDH18A1,152.86735768824286
ALDH1A1,261.0362817795736
ALDH1A2,0.007570170305465239
ALDH1A3,395.2911639425386
ALDH1B1,10.705776187456918
ALDH1L1,0.0004311672694018617
ALDH1L2,0.12264222050360805
ALDH2,191.27874967760124
ALDH3A1,119.0875114504506
ALDH3A2,173.41079660814685
ALDH3B1,5.364173902306094
ALDH3B2,35.20684797391226
ALDH4A1,48.66471925298149
ALDH5A1,1.3080730436198535
ALDH6A1,3.1492469575498525
ALDH7A1,14.435137067313619
ALDH9A1,767.6558379725451
ALDOA,8127.210114498501
ALDOB,0.0011068473678759547
ALDOC,82.27495779234911
ALG1,3.179344482453657
ALG10,1.8445299634783983
ALG11,1.4123324881962016
ALG12,12.621126755063965
ALG13,4.958930314886076
ALG14,13.528487454781361
ALG1L,15.159028664418619
ALG1L2,0.02994661704076592
ALG2,54.039477455701295
ALG3,2.3718721598243717
ALG5,64.15491229418254
ALG6,11.71856175435894
ALG8,42.37964276650878
ALG9,1.9963594240785478
ALK,0.0009572628738791977
ALLC,0.09874098907430014
ALOX12,17.79990800173283
ALOX12B,5.946788516551717
ALOX15,12.927975709309766
ALOX15B,123.33123523333556
ALOX5,5.541913373002111
ALPG,2.1334538652401167
ALPI,0.09522613776587274
ALPL,1.826094972378148
ALPP,0.025807322988341087
AMACR,41.46686855452284
AMD1,30.537153940829857
AMDHD1,0.02006962435484665
AMDHD2,9.70772592124019
AMFR,0.42129018075285174
AMHR2,0.0009040303563561325
AMN,7.347172082282878
AMPD1,0.001120040517032122
AMPD2,4.420322084733175
AMPD3,13.603049489951001
AMT,0.2408243739978734
AMY1A,0.00016673663432858362
AMY1B,2.6438139326066277
AMY1C,2.6438139326066277
AMY2A,0.000405128549796722
AMY2B,0.13432472484867874
ANAPC11,45.12546072394888
ANGPTL4,94.8378825550681
ANKRD1,0.0008321597911774844
ANPEP,0.13435277398813306
ANXA3,1171.517008752975
AOAH,0.11486719208004814
AOC1,0.022327631781835014
AOC2,0.03527042437811202
AOC3,0.15472546749876775
AOX1,0.015178270850365267
APOA1,0.03344592909080296
APOA2,0.002384866647956241
APOA5,0.11645175048604357
APOB,4.978301850576401e-05
APOC1,10.222234764475864
APOC2,27.211319250515267
APOC3,46.87519708233557
APOE,7.411343381341124
APRT,1715.2011087036724
AQP1,3.75291912527798
AQP10,0.00823508265970132
AQP2,0.0178125418628673
AQP3,8522.730970698427
AQP4,0.12071685379157386
AQP5,119.07288698839281
AQP7,0.19700953391284948
AQP8,0.0026797732740393987
AQP9,0.24186368396790048
ARAF,1.0085265466150406
ARCN1,264.731783261941
ARG1,0.0033377062062591024
ARG2,13.636592520963172
ARSA,8.081758393424172
ARSB,0.44154342590189
ART1,12.508037072622695
ART3,0.0027153600689700757
ART4,0.0052047721368283255
ART5,0.0188525234792983
AS3MT,0.0022463002095320173
ASAH1,91.41258185331618
ASAH2,0.005358886059621785
ASH1L,0.014262942209464523
ASL,346.76388864257234
ASMT,0.00018350484708041715
ASNS,195.35264057854133
ASPA,4.1554543647675315
ASPG,7.428858345801566
ASPH,108.44789375408352
ASRGL1,1.746268443176939
ASS1,1398.5734362162168
ATE1,5.416510957757661
ATIC,365.7259646173707
ATM,0.5201824050527104
ATP10A,0.07059519872240554
ATP11A,2.289381132524536
ATP11C,2.0292824894200234
ATP1A1,284.2642310501713
ATP1A2,0.002227587192165098
ATP1A3,0.03872705461294294
ATP1A4,0.0005498862859009479
ATP1B1,508.10092410075106
ATP1B2,0.009868523467265347
ATP1B3,171.18480750872882
ATP1B4,8.719184600346917e-05
ATP2B1,9.069873771820802
ATP2B2,9.543744635515751e-05
ATP2B3,0.0012803499830264533
ATP2B4,40.511072145382386
ATP4A,3.7675709576044514
ATP4B,0.2703572249398832
ATP5F1A,124.53265572432873
ATP5F1B,167.30632217246165
ATP5F1C,21.50971022167614
ATP5F1D,155.46511749348954
ATP5F1E,125.55773209538297
ATP5MC1,4.311892001287344
ATP5MC2,2.868050998110428
ATP5MC3,5.997867959791037
ATP5ME,117.38991896387836
ATP5MF,1.481717785000078
ATP5MG,179.57272888452187
ATP5MGL,23.718922705117464
ATP5PB,5.524565248774745
ATP5PD,6.7181129554220975
ATP5PF,4.959033242795014
ATP5PO,42.13932100131758
ATP5S,0.3354345050980549
ATP6V0A1,0.9682425976969281
ATP6V0A2,0.7985292510439391
ATP6V0A4,0.001049570424176564
ATP6V0B,240.1569549157228
ATP6V0C,280.36249547116427
ATP6V0D1,559.3803964517065
ATP6V0D2,0.1512760761619502
ATP6V0E1,464.70858054437673
ATP6V1A,171.3403669489694
ATP6V1B1,1.5951025607466602
ATP6V1B2,506.3136914545166
ATP6V1C1,18.84517252045564
ATP6V1C2,0.18097111344966085
ATP6V1D,108.55406360273132
ATP6V1E1,145.20162682097057
ATP6V1E2,1.636042108843056
ATP6V1F,64.61731700825683
ATP6V1G1,54.22730032382273
ATP6V1G2,0.00018657900866829547
ATP6V1G3,0.2330917175245828
ATP6V1H,15.14601298964485
ATP7A,1.382473809442985
ATP7B,0.3027154503665809
ATP8A1,0.044856220008833686
ATP8B1,46.974145165837584
ATP8B2,0.2638907282162916
ATR,0.04339184033391553
AUH,3.026714012699239
AURKA,0.31786221789916436
AURKB,21.674421584075752
AURKC,0.05297646256997181
AWAT1,0.0633604788899994
AWAT2,0.000277840655340216
AXL,0.010978802977572175
AZIN2,0.7963414524148358
B3GALNT1,2.2930078179933373
B3GALNT2,6.281088718175325
B3GALT1,0.0002698049087656793
B3GALT2,0.0013345229800646803
B3GALT4,0.7364387769394258
B3GALT5,0.00589725438795577
B3GALT6,8.109293965758415
B3GAT1,0.0006153752661553641
B3GAT2,0.18502305591754267
B3GAT3,6.760787305053363
B3GLCT,0.7866139610071975
B3GNT2,48.21967049434544
B3GNT3,33.86890039844227
B3GNT4,1.2605367857576515
B3GNT5,72.23773122791104
B3GNT6,0.09262009696675177
B3GNT7,5.410603446950391
B3GNT8,31.180083957743697
B3GNT9,6.422985784427007
B3GNTL1,0.793265409960911
B4GALNT1,6.051331515327031
B4GALNT2,0.05906973155459654
B4GALNT3,1.9587512183849922
B4GALNT4,0.4567285803110146
B4GALT1,153.49022596126335
B4GALT2,62.55764442082165
B4GALT3,14.860560339601431
B4GALT4,141.7766553422897
B4GALT5,57.117511267373715
B4GALT6,0.5268866940348219
B4GALT7,8.036594230352941
B4GAT1,2.277812689362301
BAAT,0.0041588293836954775
BARD1,1.1265354806880588
BBOX1,1.1569938753821907
BCAP31,2328.26937025915
BCAT1,0.8236750520616536
BCAT2,30.95284883401241
BCHE,0.008917707065573044
BCKDHA,15.251452171161073
BCKDHB,1.819087286386949
BCKDK,30.6827993121603
BCO1,0.06461878427195712
BCR,1.5789708718658295
BDH1,5.532724295248446
BDH2,1.7776445820853752
BHMT,0.00022002705508919595
BHMT2,0.003968888267920459
BIRC6,5.219342415672221
BLK,0.00020916581512093923
BLVRA,1363.3219536206511
BLVRB,3692.7631778556092
BMP1,41.83741676970776
BMP2K,0.22571379860808613
BMPR1A,2.8773356318386454
BMPR1B,1.4219463639666707
BMPR2,2.7742179046586832
BMX,0.006963015174347667
BPGM,29.15215164553338
BPNT1,21.364140871900776
BRAF,0.564960829288861
BRAP,0.21314265812899885
BRPF1,2.317835290076313
BRSK1,0.02539095803022315
BRSK2,0.020359365233111135
BSCL2,1.0610367764368593
BSG,122.15593662204022
BTD,2.021053860751182
BUB1,29.75245589538277
BUB1B,0.45614881369823934
C1GALT1,5.410436278592315
CA1,0.3354345050980549
CA12,145.51678072789196
CA13,9.13579449056863
CA14,0.24266936101960576
CA2,682.2156945231521
CA3,0.052270559443475154
CA4,0.0032060252930022474
CA5A,0.08417582761312976
CA5B,0.24067414465226755
CA6,0.00874257863302778
CA7,0.009148535265419077
CA8,0.0012112031862669315
CA9,257.2463103347828
CAD,73.52238566763968
CALM1,457.0427612643171
CAMK1,0.9993606031720217
CAMK1D,0.5153129178616094
CAMK1G,0.01748058585750772
CAMK2A,0.16965340207779306
CAMK2B,0.1353183085054862
CAMK2D,302.51916655018664
CAMK2G,13.214563218887058
CAMK4,0.022887027603581505
CAMKK1,4.95365863892591
CAMKK2,8.347370106272193
CANT1,16.585031591158778
CARM1,18.14097090034801
CARNS1,0.037953130228319025
CARS,62.683514543105964
CARS2,18.79006591781751
CASK,26.185001347878636
CAT,109.7436698446903
CBLC,84.88326789947236
CBLL1,6.033307907209116
CBLL2,0.027434690025870352
CBR1,179.71057263020023
CBR3,274.4173888959218
CBR4,54.458233867406655
CBS,5.767479598929254
CBSL,0.3354345050980549
CBX1,129.35800049701825
CCNB1IP1,11.468279681561837
CD36,0.035708962771509166
CD38,0.02660612448894497
CDA,361.33121568489054
CDC14A,0.4206475689534788
CDC14B,2.5806374504999265
CDC25A,3.4747239207129526
CDC25B,79.40157070237375
CDC25C,3.4312327995520167
CDC34,5.009822685418488
CDC42BPA,1.4147588074893804
CDC42BPB,4.158922253289886
CDC42BPG,10.056838571079608
CDC7,19.070770448407217
CDIPT,137.7659780701185
CDK1,95.87353171726147
CDK10,25.28133406280184
CDK11A,2.9522136609577383
CDK11B,10.857167945264946
CDK12,8.207301645264
CDK13,7.317821536404229
CDK14,1.6159789735510581
CDK15,0.005769291881013118
CDK16,64.77272727091757
CDK17,5.019643025605614
CDK18,28.70498953885367
CDK19,1.9217927568370952
CDK2,83.70954207869157
CDK20,0.7584047069174349
CDK3,1.5727061588340354
CDK4,25.830749224051388
CDK5,27.607832020078376
CDK6,37.812981524080776
CDK7,59.814934389852155
CDK8,8.678655359661157
CDK9,44.742091117884534
CDKL1,1.2899098362103822
CDKL2,0.023983804395712575
CDKL3,0.05902167935563036
CDKL4,0.0011580868195960544
CDKL5,0.15922542421477295
CDKN3,191.90636716764914
CDO1,0.005349383632975999
CDS1,12.403236016164138
CDS2,3.0694140568317505
CDY1,0.256335927830294
CDY1B,0.256335927830294
CDY2A,0.04923577690024244
CDY2B,0.04923577690024244
CEL,10.091300508202778
CEPT1,8.23789021670617
CERCAM,16.024023114171143
CERK,8.0721019268687
CERS1,0.0009576457385894209
CERS2,84.51488874333235
CERS3,2.479546287097161
CERS4,19.147427398041568
CERS5,41.21578851291536
CERS6,8.121534337710264
CES1,0.06979387008866723
CES2,259.4325669654551
CES3,0.12478606650134473
CES5A,0.03703753789261324
CFTR,0.026114962458881764
CH25H,0.9714716262464312
CHAT,0.0009357389459196365
CHD9,4.0208018513013
CHDH,0.2877651838599254
CHEK1,4.671363077044114
CHEK2,18.007770058355558
CHFR,12.008517101846444
CHI3L1,53.62031018527853
CHIA,0.34819723870797287
CHIT1,0.02413426484545969
CHKA,1.19216948778458
CHKB,0.029578913940705463
CHMP4A,87.82705800933093
CHPF,17.909371769460005
CHPF2,12.456205492399922
CHPT1,9.724935001755416
CHST1,0.03835361588513375
CHST10,0.2170023875343507
CHST11,1.1759978060449012
CHST12,3.1495678966461105
CHST13,0.0009618744776251259
CHST14,0.3939949201322525
CHST2,0.7630447206190037
CHST3,4.166800827652265
CHST4,0.014244207441483544
CHST5,0.0010993803351317666
CHST6,0.5507275538727956
CHST7,1.3479253295115081
CHST8,0.00859122673279761
CHST9,0.00023438399366954986
CHSY1,10.093343211323583
CHSY3,0.09658347513293844
CHUK,1.709078970381754
CHURC1-FNTB,0.004143504332600199
CIDEA,0.00042243326612619074
CINP,3.006682826251762
CIT,7.98523774615441
CKB,263.4241242226304
CKM,0.009212653772731672
CKMT1A,62.153077229272895
CKMT1B,46.84986723716517
CKMT2,0.03340231076823281
CLC,0.025466982667190278
CLCF1,5.293366505292661
CLK1,0.6288582474543379
CLK2,18.698258371336134
CLK3,0.9105510486864176
CLK4,0.2987442027217393
CLOCK,1.5091908088896409
CLPS,0.001490056069591248
CLTRN,0.5786685643266595
CLYBL,0.32376693113476945
CMA1,0.008416095768270532
CMAHP,5.2685108862076255
CMAS,106.71158268126364
CMPK1,847.3199166191141
CMPK2,0.6347835190261615
CMTR1,4.115778316984253
CNDP1,0.0026484170641417754
CNDP2,27.330327341818734
CNOT4,2.5215466661676333
CNP,29.639320213690258
COASY,904.0260420793469
COL4A3BP,1.7689306941206981
COLGALT1,4.827811645801103
COLGALT2,0.08819212596505183
COMT,190.47461562539286
COMTD1,1435.237064953841
COP1,0.4785008438550989
COPA,180.279769800338
COPB1,215.78654056612726
COPB2,91.84685752780122
COPE,921.7646733329059
COPG1,148.99833274253703
COPG2,201.77698995933986
COQ2,34.36235909448703
COQ3,5.899818001242576
COQ5,2.894614235201843
COQ6,17.822806418058384
COQ7,0.24810503980088383
COX1,7.766401376158287
COX17,31.04935343894748
COX2,5.3369352212394165
COX3,0.33446363282071023
COX4I1,1500.3263410345178
COX4I2,0.032661342043251045
COX5A,473.2379704071193
COX5B,839.6601798359161
COX6A1,27.84401197375286
COX6A2,0.09270872801573667
COX6B1,183.72224274694645
COX6B2,9.152530387896
COX6C,309.32746612444396
COX7A1,0.42287972021801584
COX7A2,28.153859869256554
COX7A2L,257.15588856144404
COX7B,924.2145602372896
COX7B2,0.0019573572797852235
COX7C,262.6381413854934
COX8A,1733.0593866342117
COX8C,0.002020979557417543
CP,0.15620406378672386
CPA1,0.015162669814228199
CPA2,0.003953935736957332
CPA5,0.007740502041184246
CPA6,2.703682266134005
CPOX,253.5134798473676
CPS1,0.00029128986790954075
CPT1A,0.41848313629996164
CPT1B,0.042586467231499
CPT1C,2.173243370407998
CPT2,86.1670320949849
CRAT,11.384962706829059
CREBBP,0.14584476118273623
CRLS1,4.740379838560389
CROT,23.49556500251874
CS,3410.5859588449366
CSAD,1.0174519601934267
CSF1R,0.33155961844345416
CSGALNACT1,1.030590888716287
CSGALNACT2,2.2108587283687777
CSK,81.04843207092055
CSNK1A1,137.27401696368668
CSNK1A1L,0.1943263539176745
CSNK1D,29.77827273996574
CSNK1E,4.943584139415812
CSNK1G1,3.5628887545721444
CSNK1G2,40.92955062890887
CSNK1G3,4.260063208205871
CSNK2A1,292.61710085816213
CSNK2A2,296.783163399901
CSNK2B,33.81656741992481
CTBP1,61.3155646503789
CTDP1,1.5239358482413075
CTDSP1,52.90964427749531
CTDSP2,66.07794914184214
CTDSPL,6.998869079126284
CTDSPL2,3.637454512639344
CTGF,0.3354345050980549
CTH,0.08294957485765725
CTPS1,0.2774814774265704
CTPS2,1.708004742455474
CTSA,160.7630777905783
CTSB,898.5639865831428
CTSC,22.799733143520726
CTSD,3386.063518041387
CTSE,2.232761016229889
CTSF,8.771113555841614
CTSG,0.03594720823839041
CTSH,1281.0403698227879
CTSK,12.709314112206387
CTSL,22.309476873829027
CTSO,0.4151826211591874
CTSS,4.192570245483061
CTSV,0.5139622638412911
CTSW,3.2479327531957223
CTSZ,6.780230432272059
CUBN,0.0007268819600713154
CWC27,8.7322060862093
CYB5D1,2.3274631976441253
CYB5R1,255.2926257875253
CYB5R2,43.908901320515
CYB5R3,2498.416718085615
CYBB,0.7135076962267257
CYBRD1,0.9728439258152843
CYC1,528.6489683239864
CYLD,2.66460756488537
CYP11A1,0.000618763999835865
CYP11B1,0.8426372984421979
CYP11B2,0.08105018928386314
CYP17A1,0.002425128428756814
CYP19A1,0.002922591432120123
CYP1A1,0.00020710253850774664
CYP1A2,4.881250664873969
CYP1B1,15.919284189290982
CYP21A2,1.14901960063891e-05
CYP24A1,0.5347774118233309
CYP26A1,0.26278898642828297
CYP26B1,5.25398308330306
CYP27A1,0.07714248527467929
CYP27B1,2.775351486354984
CYP2A13,0.02460451971343871
CYP2A6,0.002636390880509777
CYP2A7,0.0012013777350180692
CYP2B6,0.0032441845577958627
CYP2C18,7.456434997811449
CYP2C19,0.01844039415041017
CYP2C8,0.005840142537932574
CYP2C9,0.03558832257572833
CYP2D6,0.11941975674717352
CYP2E1,22.53980575673525
CYP2F1,0.002509205462403339
CYP2J2,0.5830327982063711
CYP2S1,129.3817457682301
CYP2U1,0.07716022996799889
CYP39A1,0.05495517026669898
CYP3A4,0.005813214918473933
CYP3A43,1.2489318499587934
CYP3A5,0.3509556092363383
CYP3A7,0.0007731960737332481
CYP46A1,0.005628011647011305
CYP4A11,0.0021387412592485436
CYP4B1,4.952400629130132
CYP4F11,9.872547620639228
CYP4F12,4.070685385906982
CYP4F2,0.06092085431236214
CYP4F22,1.882008208949514
CYP4F3,7.411092020621481
CYP4F8,0.04024047055362791
CYP4V2,1.0624762410874526
CYP4X1,20.516950822762123
CYP4Z1,0.165600784161426
CYP51A1,228.84678068192414
CYP7A1,0.015615087844251259
CYP7B1,0.5341098422365019
CYP8B1,0.0014857383411036203
CYTB,10.283962318241796
DAD1,1144.544631609665
DAGLA,1.1122248850449088
DAGLB,7.179449458730435
DAO,1.8577966562707513
DAPK1,4.043499466074143
DAPK2,2.7273607223778167
DAPK3,4.782461865433608
DARS,6848.559656019416
DARS2,20.56018528056091
DBH,0.0009202488014136772
DBI,285.2291274930516
DBT,2.956097865159215
DCK,16.37354447013376
DCLK1,0.14426291867178515
DCLK2,0.050074247522470985
DCT,0.45229416967959896
DCTD,26.70891030891826
DCTPP1,69.89061196174306
DCXR,79.6566917839065
DDAH1,31.314888356228558
DDAH2,2.438122827786938
DDC,1.3078191747169696
DDO,0.0003792575538901553
DDOST,1228.6928639736454
DDR1,12.975866891316956
DDR2,0.034111997157671936
DECR1,90.010051156435
DECR2,4.7961216286016075
DEGS1,5.7869438400647235
DEGS2,13.973892255904468
DERA,80.02133038942122
DGAT1,17.382587760543792
DGAT2,8.801103497637932
DGKA,110.23700512954795
DGKB,0.00012216708713852007
DGKD,0.7192523069011213
DGKE,0.40454224788528376
DGKG,0.019897545467971626
DGKH,0.758192362180613
DGKI,0.00023466478782263795
DGKQ,3.592914604148156
DGKZ,8.320985931276986
DGUOK,59.37015592213382
DHCR24,25.474523253115766
DHCR7,66.66538728658165
DHDH,3.1346921654345983
DHFR,443.035173278824
DHODH,3.096678046468852
DHRS2,9.127306093693743
DHRS3,316.4560706002448
DHRS4,479.40388181613787
DHRS9,17.58319228493891
DIO1,0.00150782718205459
DIO2,0.9327303358295643
DIO3,0.06142620838877739
DLAT,471.120227695137
DLD,1161.6935235458843
DLST,286.29173086656255
DMGDH,0.0007854302382433345
DMPK,4.527569412494334
DNAJC6,0.006693779256738734
DNMT1,26.650632734308807
DNMT3A,2.259320910650183
DNMT3B,4.4754004094509225
DNMT3L,0.00038053175828060506
DOLPP1,22.171089130158585
DOT1L,5.880273778570047
DPAGT1,23.430953471045125
DPEP1,0.005559468868457828
DPEP2,0.054118973979277354
DPEP3,0.0026930249930369045
DPH5,60.17273345328452
DPM1,1919.7194185587932
DPM2,58.65617517506622
DPM3,22.269950740284997
DPYD,24.242509478908833
DPYS,5.275394804691691
DPYSL2,382.88355018163884
DPYSL3,9.63463442619662
DSTYK,2.7679525466666988
DTYMK,64.85910178834983
DUOX1,36.367258832221104
DUOX2,18.358568906444646
DUPD1,0.11783200419515537
DUSP1,279.0594249517021
DUSP10,2.3868503756859827
DUSP11,108.22350673880781
DUSP12,8.527097790127495
DUSP13,0.017076971331754013
DUSP14,1.5524383787390634
DUSP15,0.0037217284455130033
DUSP16,1.9213560305708146
DUSP18,1.3163458011505695
DUSP19,0.3869057107229872
DUSP2,2.6482479637079797
DUSP21,0.08186674790155296
DUSP22,24.377174526761234
DUSP23,64.285630987302
DUSP27,0.19340183535026034
DUSP28,0.9656413683373286
DUSP3,65.51224618833088
DUSP4,0.7122264252935281
DUSP5,60.18428016126301
DUSP6,29.954143314138573
DUSP7,70.4296370349502
DUSP8,0.22692861061524391
DUSP9,11.372327333542076
DUT,545.1854980563742
DYRK1A,16.115308127424406
DYRK1B,3.3021512860051097
DYRK2,5.228128487089994
DYRK3,1.140223366765799
DYRK4,6.05776802833237
DZIP3,0.28594252297733214
EARS2,0.631605551922992
EBP,2188.971615552807
ECH1,372.33378940880425
ECHDC2,12.249369550628105
ECHS1,243.9067735426986
ECI1,123.27100932161113
ECI2,2.536602585556415
EGFR,4.102858524587982
EHHADH,5.829868419978159
EHMT1,0.6953640905278756
EHMT2,0.09560435193465767
EIF2AK1,45.55392538038437
EIF2AK2,39.65998096969202
EIF2AK3,9.274203709352138
EIF2AK4,0.16013915788825733
EIF4EBP3,1.8055651485020623
ELOVL1,23.76223069198089
ELOVL2,0.0005272266598691525
ELOVL3,0.8346799919540807
ELOVL4,2.339307885665261
ELOVL5,1.4349047035956748
ELOVL6,9.768081031715207
ELOVL7,2.6725192326366907
ELP3,2.4090657324814546
ENGASE,0.5392752415572496
ENO1,3952.924951249123
ENO2,59.719432174504234
ENO3,15.166271834943288
ENOPH1,206.41392375941797
ENPP1,0.011422122816954212
ENPP2,0.32880044257076707
ENPP3,0.00042338881291884755
ENPP6,0.08376412289933251
ENPP7,0.2621620114119895
ENTPD1,1.0969325131911265
ENTPD2,2.536179342505594
ENTPD3,4.268746716681098
ENTPD4,7.140170848982641
ENTPD5,4.519636123112901
ENTPD6,26.651191843165762
ENTPD8,0.07242826188731276
EP300,1.9124354463873794
EPHA1,25.774441370541528
EPHA10,0.03735252188785447
EPHA2,14.088391877399674
EPHA3,0.005407990908129331
EPHA4,2.2479787665298043
EPHA5,0.00020582110476612242
EPHA6,0.00010406827820590751
EPHA7,5.433312711729957e-05
EPHA8,0.00019660718350637577
EPHB1,0.004752306493181033
EPHB2,0.4765820703746597
EPHB3,33.967008851861536
EPHB4,1.360553820068387
EPHB6,3.803575595320051
EPHX1,153.68150448367797
EPHX2,21.749625526733485
EPM2A,0.0948222636121701
EPRS,47.31821654995852
EPX,0.02302187403138809
ERBB2,0.8073099897153737
ERBB3,44.43663300925179
ERBB4,0.00023542579328214762
ERN1,0.29636356371
ERN2,4.253905436041911
ESD,1888.4785638789147
ETFA,5542.12596438356
ETFB,3114.5546909983614
ETFDH,19.55628882520155
ETNK1,6.2355513795298485
ETNK2,5.048125691467467
ETNPPL,1.3663166774328985
EXT1,47.08335297288461
EXT2,58.61747240495245
EXTL1,0.0021917128765964592
EXTL2,3.3046072431301896
EXTL3,10.230483694333218
EYA1,0.00025111595918620415
EYA2,100.2624887229235
EYA3,1.9349955705317463
EYA4,0.0023156520099043123
EZH1,2.964345998161303
EZH2,0.2826227774220246
F13A1,0.21399944290470646
F13B,0.0002613102512725904
F2,0.000810908948417572
FAAH,21.861955626069268
FAAH2,1.5579979941329207
FABP1,53.54695633547291
FABP12,0.0075474106621191105
FABP2,2.0423800119197857
FABP3,0.8269229447037015
FABP4,5.757859859273857
FABP5,7059.985832874353
FABP6,0.016234216858630596
FABP7,2.482310752887457
FABP9,1.0553661478381027
FADS1,80.05961062203124
FADS2,18.60925879641918
FADS3,0.3694778354542656
FADS6,1.1196073934043564
FAH,14.189813507438439
FAM20B,11.554486809972795
FANCL,28.468880449802793
FAR1,96.84477894868402
FAR2,0.12145109968731657
FARS2,1.6915987001438164
FARSA,1543.1940890667647
FARSB,2.577200589761433
FAS,8.99246004009893
FASN,13.138228068676394
FASTK,79.8284777807979
FAXDC2,0.014854582046724449
FBP1,2.862908314623262
FBP2,0.01728538181351455
FDFT1,436.54260649107056
FDPS,285.7537165195853
FDXR,41.65316853865298
FECH,5.215657179530653
FER,0.4117622360521908
FES,0.3356147117810433
FGA,0.0018756050097853815
FGFR1,0.43107584175218366
FGFR2,3.878822643443625
FGFR3,52.52391172613528
FGFR4,0.25540575611397887
FGGY,7.310527717391452
FGR,1.5007319161645591
FH,791.0530702328641
FHIT,0.12193678630013666
FHL2,29.843011110414146
FIG4,1.349604420894576
FITM1,0.031964447769539016
FITM2,0.942009624174894
FKBP10,26.08142612170263
FKBP11,13.21570099525019
FKBP14,3.885726843322606
FKBP1A,349.6009546325012
FKBP1B,20.390604046415174
FKBP2,1102.2119120319032
FKBP3,1625.4288844232497
FKBP4,425.9341923692036
FKBP5,2.304026841671313
FKBP6,0.06711698427250952
FKBP7,3.430134196933394
FKBP8,41.7727277739049
FKBP9,71.47326884035273
FKBP9P1,0.3354345050980549
FLAD1,8.099306274989205
FLT1,0.43079437388798797
FLT3,0.0032116007407417533
FLT4,0.025131029389632114
FLVCR1,1.5599063140856255
FMO1,0.04501237263092381
FMO2,0.0470703394655224
FMO3,0.6212767648016909
FMO4,3.703473287448391
FMO5,0.00977368396032878
FMO6P,0.12148074111079553
FN3K,0.24472579398340089
FN3KRP,15.623636118320386
FNTA,114.6523764642392
FNTB,0.37212315506389243
FOLR1,0.011641483792567957
FOLR2,0.039515424400118127
FOLR3,0.05499197687372075
FOSL1,81.05489201852569
FPGS,1.7681898444766113
FPGT,4.122852027857316
FRK,0.9920155555056754
FRMPD2,0.004743751075158334
FTCD,0.006512890006382823
FTMT,0.0026710002004258905
FUCA1,20.72313926383166
FUCA2,28.818587899672586
FUK,2.7399124820455736
FUT1,3.7749661481033456
FUT10,0.28308226781338663
FUT11,3.1288714032104563
FUT2,12.855732564271069
FUT3,38.378471410612306
FUT4,0.48755069117514926
FUT5,0.05365320916899391
FUT6,5.1747018232046145
FUT7,0.006245961103992913
FUT8,0.7601467812928244
FUT9,2.124960013386574e-05
FYN,5.066333163498884
G0S2,134.55597526727286
G6PC,0.2573661812362027
G6PC2,0.018216384410824384
G6PC3,40.04153563245633
G6PD,413.9467434236631
GAA,23.16014586579205
GAD1,0.4043620827928374
GAD2,0.002816113465113253
GAK,1.1381829084476
GAL3ST1,0.7161246838661824
GAL3ST2,0.06853944320006253
GAL3ST3,0.00039538304147192016
GAL3ST4,11.368723637651916
GALC,11.05422548482497
GALE,151.7629554057779
GALK1,325.07413027517833
GALK2,40.84633513748883
GALM,6.136431381199297
GALNS,11.403406832938472
GALNT1,113.60844058414152
GALNT10,0.24516150392275732
GALNT11,9.630654801279434
GALNT12,19.89285763211884
GALNT13,0.0004964165233752008
GALNT14,17.43203100078833
GALNT15,0.0116113720313577
GALNT2,64.74751169532072
GALNT3,27.865733612797957
GALNT4,0.0186598585424065
GALNT5,70.52501072959409
GALNT6,11.330322147209293
GALNT7,1.600583785485385
GALNT8,0.03984975304637445
GALNT9,0.028579992044176043
GALNTL5,0.00030632504888380047
GALT,11.17897176866427
GAMT,5.328679872135292
GANC,5.464582179545666
GAPDH,24921.038952826806
GAPDHS,0.5379940353486041
GARS,316.3727740636159
GART,194.2562240247119
GATM,13.054492828804197
GBA,15.842915658461632
GBA2,7.821713158718024
GBA3,0.3354345050980549
GBE1,8.499897060175268
GBGT1,0.367009945466157
GC,0.1128901827185453
GCAT,66.21892923258221
GCDH,12.227567919868493
GCH1,13.686129309723375
GCK,1.1882471967241746
GCLC,10.053553964155881
GCLM,83.39776144887806
GCNT1,1.8526360139232836
GCNT2,0.7636457440998743
GCNT2P,0.3354345050980549
GCNT3,6.607920731638327
GCNT4,0.05014647033986587
GCNT7,0.001394897642183531
GCSH,0.2590829634044869
GDA,4.112528572485768
GDE1,26.126916762851277
GDPD2,5.5075540042969235
GFPT1,252.40307591403368
GFPT2,0.2050837054272159
GGCT,231.05674054874072
GGH,139.28858944759554
GGPS1,564.8221757978318
GGT1,0.7969836822582805
GGT2,1.2557625587889092
GGT3P,0.010346636537511947
GGT5,0.9772637704825542
GGT6,5.741072544269627
GGT7,9.254446322541837
GGTLC1,0.5642767148917974
GGTLC2,0.0240121474869327
GIF,0.3354345050980549
GK,0.3304066903674443
GK2,0.9456388863331135
GK3P,0.0050770786973120974
GLA,27.226134502631375
GLB1,7.922165416004671
GLB1L,0.3067956009063544
GLCE,0.40246559127183895
GLDC,0.005263155322987814
GLIPR1,1.1530679818430436
GLO1,1051.1399394952723
GLRX,40.67432376004334
GLRX2,12.032284044028978
GLS,55.91282201124588
GLS2,6.337978583806784
GLT6D1,0.06930364432416915
GLT8D1,0.9454265937714854
GLT8D2,0.4695084361478906
GLTP,163.37389133412483
GLUD1,1198.550471413599
GLUD2,89.5202464274338
GLUL,40.089756187461404
GLYAT,26.66571856032572
GLYCTK,0.3139492636146467
GM2A,147.66077788239033
GMDS,161.26416674963195
GMPPA,15.128234266860131
GMPPB,221.77651840693497
GMPR,0.13240382627407574
GMPR2,72.75317886311409
GMPS,376.92351097865605
GNE,19.90199525586772
GNMT,0.03585829847500033
GNPAT,25.122311991471264
GNPDA1,40.36165727513419
GNPDA2,1.9224202471452743
GNPNAT1,186.76987216880573
GNPTAB,12.372847866999825
GNS,11.748299476237246
GOT1,4601.478601530093
GOT2,3133.2103119796957
GPAA1,51.273546296202355
GPAM,0.1948734231538083
GPAT2,0.016437959525705374
GPAT3,0.6582069289240687
GPAT4,1.352005973421296
GPCPD1,6.455576246200389
GPD1,0.012182580955185483
GPD2,527.6092491645634
GPHN,16.16482582297491
GPI,3232.3191742493213
GPIHBP1,0.0012089236873934932
GPLD1,0.00145402141809674
GPT,0.2716241940066284
GPT2,11.188008063966869
GPX1,116.19732292839466
GPX2,1906.9801363872225
GPX3,0.7400476445594658
GPX4,106.43105151382605
GPX5,0.793289329058847
GPX6,0.0003783066488279215
GPX7,5.072389144322032
GPX8,1.9760419788973547
GRHL1,57.43219767020979
GRHPR,134.40992210556448
GRK1,0.0002827822813481449
GRK2,4.014622265826703
GRK3,1.2623639556998993
GRK7,0.016074749094041264
GSR,419.8946000638611
GSS,723.7496664741144
GSTA1,6.4167477250739875
GSTA2,5.619549002346362
GSTA3,0.006767360112158652
GSTA4,31.027541652445137
GSTA5,0.58469847618054
GSTK1,268.74686523615196
GSTM1,33.42110720598946
GSTM2,0.06082725213012946
GSTM3,102.35011612674938
GSTM4,10.82216285036617
GSTM5,5.107768808687602
GSTO1,2091.5086740630063
GSTO2,39.375723324481555
GSTP1,48308.69133906822
GSTT1,76.90561675221261
GSTT2,0.006960788606228787
GSTZ1,33.61792484774041
GTF2F1,9.63104206365838
GTF3C4,0.9848542173441676
GUCA1A,0.006374071203376302
GUCY1A1,2.9663227089166733
GUCY1A2,0.008452513681807636
GUCY1B1,1.0453859436592674
GUCY1B2,0.008874200978978756
GUCY2C,0.10460093704618033
GUCY2D,0.16370423217293645
GUCY2F,0.13808747592085474
GUK1,297.0161339642925
GUSB,4.875534100488104
GYG1,19.89825730053367
GYG2,0.008193450623881686
GYS1,55.526634314468005
GYS2,0.0004297885933440008
H6PD,11.803077798897773
HAAO,3.95448251878174
HACD1,0.6699772991826155
HACD2,3.095013644366691
HACD3,4.330319334841662
HACD4,0.5979568033382378
HACE1,0.9217311933111912
HACL1,2.9048271411003888
HADH,1798.6633193163636
HADHA,1366.9374186013204
HADHB,166.71001093446188
HAGH,40.06261412541126
HAGHL,0.925492280987846
HAL,0.026829782176200783
HAO1,0.19763453007540133
HAO2,0.0003834254582715288
HARS,207.55273983191015
HARS2,24.418196910382964
HAS1,0.003702854133755962
HAS2,3.4164857752763216
HAS3,54.36410082174576
HAT1,221.3090084865765
HCCS,15.909570028640262
HCK,1.622902474712887
HCST,1.41881525883488
HDAC3,1.4389970610314797
HDC,0.016967866511730174
HDLBP,128.58138140940426
HECTD1,6.2856673926765385
HECTD2,0.3935229222627614
HECTD3,3.2428469797024513
HECW1,0.0014068828010481008
HECW2,0.13139152351125521
HELZ2,0.16199531088786426
HEPH,0.15191792307369778
HERC1,0.21272310864554866
HERC2,0.09085358058852695
HERC3,10.872335828960834
HERC4,15.154001712862305
HEXA,38.698114303323486
HEXB,2.0974197725751473
HEXDC,0.3354345050980549
HGD,0.000300669260857772
HIBADH,36.04004650815256
HIBCH,49.21302565094291
HIF1AN,8.716316602636864
HIGD2A,13.687109456612317
HIPK1,5.874313310028112
HIPK2,1.0746217129190758
HIPK3,7.793064913898911
HIRIP3,0.4940523980454104
HK1,665.8369016608697
HK2,215.45815684239082
HK3,0.02772292872713959
HKDC1,1.1519243965535308
HLCS,5.166801506621962
HLTF,0.14289683158612412
HMBS,206.533972142785
HMGCL,373.66873484448615
HMGCLL1,2.9108746089659068
HMGCR,24.65131675476512
HMGCS1,258.3593683196356
HMGCS2,7.047271030787692
HMOX1,48.93702245481855
HMOX2,247.74326630934004
HNMT,0.14136016721965364
HPD,0.07813787985569871
HPGD,24.54155443559614
HPGDS,0.061326212331771185
HPRT1,1224.2086371647324
HS2ST1,8.055196412443044
HS3ST1,12.845507390414426
HS3ST2,0.009702889320088158
HS3ST3A1,0.011463855354252546
HS3ST3B1,0.08858102696078625
HS3ST4,0.00015432534000634157
HS3ST5,0.17535341548517636
HS3ST6,2.6072301196498846
HS6ST1,28.749474962468483
HS6ST2,13.003025183434923
HS6ST3,0.0002078626681690117
HSD11B1,0.06688927007127132
HSD11B1L,0.5591462448547918
HSD11B2,4.481400901717698
HSD17B1,15.603032635303158
HSD17B10,159.64085961694744
HSD17B11,21.457464863303088
HSD17B12,550.9244051526694
HSD17B14,0.24753298217569783
HSD17B2,0.3452712029591096
HSD17B3,0.35489002147167387
HSD17B4,31.57048598909702
HSD17B6,2.193290962837978
HSD17B7,6.486971431028369
HSD17B7P2,0.9910021969818539
HSD17B8,0.5312980473608082
HSD3B1,0.8561440324619417
HSD3B2,0.9278984217862639
HSD3B7,15.050137996118734
HSPG2,0.1254186641431677
HTATIP2,94.35150045533231
HUNK,0.09309829886304095
HUWE1,4.106128208594922
HYAL3,1.1305431043885987
HYALP1,0.3354345050980549
HYI,15.133447674791238
HYKK,0.3304860018863759
IARS,1169.7394562085424
IARS2,83.86106737765213
ICK,1.4059680129959575
ICMT,75.09443438627453
IDH1,58.46360304776408
IDH2,179.11131466645776
IDH3A,1512.139545737763
IDH3B,213.336624689205
IDH3G,91.56378849289655
IDI1,85.16970981955298
IDI2,1.7185420994157132
IDO1,0.8567309992212156
IDO2,0.0018100840006473322
IDS,25.734842819153265
IDUA,0.7339166138196207
IGF1R,10.049933268187507
IKBKB,8.706485168726804
IKBKE,4.836167615474889
IL4I1,0.17954851280345469
ILK,32.47984904714472
ILKAP,18.4914359468061
IMPA1,282.52259285699193
IMPA2,165.14304334021725
IMPDH1,56.77238915293272
IMPDH2,184.69514006085907
INMT,0.071134581448458
INPP1,1736.138107351368
INPP4A,3.228722002196529
INPP4B,13.76263142105145
INPP5A,13.629328426956244
INPP5B,4.266185622886803
INPP5D,0.3022995354360806
INPP5E,6.712049392086624
INPP5F,0.7528869710987208
INPP5J,1.9501917096900017
INPPL1,3.6999392822566115
INSL3,0.04920716103666868
INSR,1.112451120685233
INSRR,0.1005050945541876
IP6K1,4.308426400225918
IP6K2,9.75888711383743
IP6K3,0.13095083673968247
IPMK,6.3892131634807745
IRAK1,97.93380030021518
IRAK2,2.605656298309144
IRAK3,0.8499891837381615
IRAK4,4.606795850782394
IREB2,13.206600336497758
ISYNA1,52.83150400933078
ITK,0.04157815976659455
ITPA,807.9423068921357
ITPK1,32.83257440060245
ITPKA,0.582063765676779
ITPKB,1.8625849000104664
ITPKC,105.46302603845523
IVD,122.60996478862643
JAK1,47.073857107920446
JAK2,1.2878211483031747
JAK3,0.39782380499483155
JMJD7-PLA2G4B,0.0038793504306381668
KALRN,0.3922671380123185
KANSL3,13.785477162488153
KARS,704.426544597542
KAT2A,15.03583822076608
KAT2B,1.4954467703194185
KAT5,17.101233834239466
KAT6A,7.21051879463913
KAT6B,2.067394836638311
KAT7,9.815134994948924
KAT8,18.47370625560813
KCNJ11,0.021443676777843246
KCNJ8,0.0656062520975508
KDR,0.16020927567182622
KDSR,25.662362414110518
KHK,10.797216864450514
KIT,0.3428575061380585
KL,0.0021989232098742154
KMO,0.010809040635388312
KMT2A,0.1132089503784727
KMT2B,0.3354345050980549
KMT2C,0.02724143815923862
KMT2D,0.256842919373976
KMT2E,0.08892210317369556
KMT5A,0.08744585611927874
KMT5B,0.052531638327043204
KMT5C,0.3350355754164824
KPNA6,38.93036326834714
KYAT1,0.41426786262502635
KYAT3,10.315561941178165
KYNU,12.179254914344973
L1CAM,0.13898870827166918
L2HGDH,3.440689998217854
LALBA,0.001286508006605591
LAP3,406.987000649276
LARS,331.2080875791692
LARS2,3.1066892244451263
LATS1,0.14547362140662312
LATS2,2.133923721228501
LBR,89.38869503474348
LCAT,3.12299000976525
LCK,2.380505874224209
LCLAT1,10.056082402128503
LCT,0.0005901693490780229
LDHA,18413.99542355572
LDHAL6A,0.0027289126251781337
LDHAL6B,0.014165716934762311
LDHB,984.5824248187408
LDHC,2.5115041148018746
LDHD,5.3924800804892135
LDLR,6.312478021846456
LGALS13,0.16621830202908744
LGMN,90.51678070585413
LGSN,0.059118472577440906
LHPP,212.10112388773095
LIAS,0.49322361967950135
LIMK1,28.16372458318222
LIMK2,52.93911488210623
LIPA,77.62986033315477
LIPC,1.2398895451585645
LIPE,3.9753693270226043
LIPF,1.3406968406403874
LIPG,2.332468308045759
LIPT1,0.9121422505982527
LIPT2,1.487408833186188
LMTK2,5.507033168953443
LMTK3,2.482017637126968
LOC102724197,0.3354345050980549
LOC286297,0.0012553634843905023
LOC344967,0.09882839640303007
LOX,6.396479850362193
LOXL2,32.6317084881143
LPCAT1,3.2239032761063493
LPCAT2,10.842360674249242
LPCAT3,55.717250760076624
LPCAT4,2.9205545814584717
LPIN1,1.8801243466857984
LPIN2,1.260584682381787
LPIN3,5.28616535623365
LPL,0.0005940960355840194
LPO,0.0008249720673227835
LRAT,0.004065265455459195
LRP1,6.195883365479547
LRP2,0.1334706329777467
LRRK1,0.1848829467629031
LRRK2,0.01163200081604365
LRSAM1,4.662372634572488
LRTOMT,0.7518227528053821
LSS,95.06134055792037
LTA4H,962.0811550526657
LTC4S,0.7862238170300303
LTK,0.004942827982112919
LYN,29.03864716454904
LYPLA1,259.3436546082283
LYPLA2,155.47719516672805
LYZL1,1.4145390562382973
MACROD1,9.3867227865024
MACROD2,0.024526870484537135
MAGEA2B,0.1626710879648594
MAK,0.016143357739896974
MAN1A1,0.05646757891394206
MAN1A2,2.6450107276494346
MAN1B1,2.3636456981783667
MAN1C1,0.3548960478034762
MAN2A1,3.774283334224587
MAN2A2,1.2017756266126227
MAN2B1,20.27071425548101
MAN2C1,11.463706717523708
MANBA,9.85906613653524
MANSC1,6.7593861679938145
MAOA,1574.1719365280692
MAOB,3.855294161423967
MAP2K1,605.9663361819926
MAP2K2,218.4753310082446
MAP2K3,15.638373246133817
MAP2K4,28.740093366640455
MAP2K5,4.937161840780264
MAP2K6,4.764964210911781
MAP2K7,2.2763715101545743
MAP3K1,1.37661793140961
MAP3K10,2.518088174163826
MAP3K11,28.258784484540012
MAP3K12,0.3779865993429291
MAP3K13,4.109360127372295
MAP3K14,2.789360468488561
MAP3K15,0.0004384455312345791
MAP3K2,5.943163764092772
MAP3K20,0.20179825659102824
MAP3K21,0.03839897316107535
MAP3K3,2.886605840656556
MAP3K4,3.756298478715398
MAP3K5,6.575578357605803
MAP3K6,57.44883308115403
MAP3K7,0.2987538325926933
MAP3K8,3.7703935493979497
MAP3K9,1.8554558652690003
MAP4K1,0.40414490210985
MAP4K2,5.215933827678451
MAP4K3,15.463527378679274
MAP4K5,28.305023665752802
MAPK1,529.6437450101887
MAPK10,3.729375621573541
MAPK11,6.364574298967412
MAPK12,7.181967087164931
MAPK13,30.346602996335207
MAPK14,28.784134438598787
MAPK15,0.920615119942401
MAPK3,132.0610057115742
MAPK4,0.0008826590861208514
MAPK6,79.26240594005434
MAPK7,4.867750530228297
MAPK8,10.789644184745056
MAPK9,4.516736767953109
MAPKAPK2,2.6017774106591856
MAPKAPK3,11.538527357082627
MAPKAPK5,13.114200498815896
MARCH1,0.2156491836546463
MARCH10,0.0010654344517262908
MARCH11,0.00044516933244635666
MARCH2,17.472728351545072
MARCH3,0.27156382770508836
MARCH4,0.0007011329836790604
MARCH5,13.50430024130964
MARCH6,44.144877029373895
MARCH7,60.75666196869571
MARCH8,1.400982598246261
MARCH9,4.629702713606888
MARK1,7.746139069999843
MARK2,50.3084865048442
MARK3,62.99762537908613
MARK4,4.180220428263677
MARS,133.5858609657033
MARS2,1.7170828038781811
MAST1,0.2480036088433187
MAST2,7.748037282579603
MAST3,0.40987556233219147
MAST4,2.9089763321327555
MASTL,0.3013639898468958
MAT1A,0.19487629459545716
MAT2A,141.7853151894526
MAT2B,238.3427080953121
MATK,0.05943939743866286
MBOAT1,2.3908548852003966
MBOAT2,137.5123078524167
MCAT,16.536349028137977
MCCC1,10.671513829130705
MCCC2,25.823343865011797
MCEE,16.234263002162546
MDH1,10610.107025898345
MDH1B,0.021646078788832412
MDH2,9701.238504037836
MDM2,0.023484259531921414
MDP1,42.8635575789516
ME1,314.96702498590025
ME2,18.05592777834182
ME3,0.37868739815507596
MECR,9.375261362016788
MED1,0.6081913724776564
MELK,1.6029022173410228
MERTK,0.5338705268223359
MET,7.240665226921458
METTL1,38.926897459064485
METTL3,22.72628803053713
MGAM,0.0019711989446547693
MGAT1,43.97129858079172
MGAT2,7.04971895030437
MGAT3,4.317077413760474
MGAT4A,0.11808928832458118
MGAT4B,27.128674619757376
MGAT4C,0.3354345050980549
MGAT4D,0.02696149145334556
MGAT5,6.627927748434937
MGAT5B,0.005565859375759805
MGLL,20.446673618098128
MGMT,23.22353823212979
MGRN1,4.277211473354114
MGST1,816.1101633907809
MGST2,296.19513476475015
MGST3,61.56955158686857
MIA3,5.681995825218622
MIB1,6.006315258683135
MIB2,10.823328394079303
MID1,9.812585179521125
MIF,140.49615036235662
MINK1,0.5430177908926034
MINPP1,2.782783535318179
MIOX,0.99695987984377
MIP,0.0005585582684335973
MKNK1,22.196338674861632
MKNK2,323.8936173632764
MKRN1,42.6969188588501
MKRN2,4.1746836008323855
MKRN3,0.376491099424174
MLKL,19.941078364433153
MLYCD,1.6267436206687191
MMAA,0.7464386378655462
MOCS1,0.04700366492576842
MOCS2,14.309126267924757
MOGAT1,0.05476426140032141
MOGAT2,0.0021870320921656976
MOGAT3,0.06832763191888709
MOGS,90.55384552873186
MOK,4.806230848430765
MOS,0.09191795284698573
MOXD1,0.042420483514459185
MPC1,27.8052229308476
MPC2,12.311032245951754
MPI,47.49487436217677
MPO,0.00015350151085996244
MPST,2169.2236093068063
MRPL58,13.330417578133794
MSMO1,214.46567429038504
MSRA,3.1120669049038776
MST1R,10.605821180951256
MT1A,0.10779935963036848
MT2A,9000.220462274818
MT3,0.00854056193082813
MT4,0.3354345050980549
MTAP,513.3389457689406
MTFMT,3.5236199837298785
MTHFD1,454.7374153331626
MTHFD1L,5.731813020576004
MTHFD2,46.12975216667819
MTHFD2L,0.7765183031983464
MTHFD2P1,0.3354345050980549
MTHFR,3.391573770458396
MTHFS,0.6183126523705724
MTMR1,3.447148948581271
MTMR14,7.832953799906865
MTMR2,0.9740458511614393
MTMR3,0.31122518940565946
MTMR6,4.303112416838188
MTMR7,0.08081288923942036
MTMR8,0.059782721416571344
MTPAP,4.6288120199734415
MTR,0.25758499132574764
MTRR,11.39349645140448
MTTP,0.00029333084952416343
MUL1,27.118752748822253
MUSK,0.0018863518472118303
MUT,0.3354345050980549
MVD,258.23416482354827
MVK,50.621547720375744
MYBBP1A,36.19335799520341
MYCBP2,0.1723130196773447
MYLIP,1.5159756951976442
MYLK,0.11050654278343686
MYLK2,0.025601331915374566
MYLK3,0.0005412467621187228
MYLK4,0.06531969683889942
MYO3A,0.26319460299681474
MYO3B,0.14564273670857034
MYO5B,9.88933174304851
NAA10,70.55124697033659
NAAA,4.588268298732055
NADK,9.451648974778038
NADSYN1,28.148252500549884
NAGA,31.617942127751697
NAGK,152.4811649583696
NAGLU,18.457783277004328
NAGPA,3.7833660950650985
NAGS,1.7781459952296563
NAMPT,519.3535717374257
NANP,1.6397480252487333
NANS,1206.1720965009529
NAPRT,25.164291606310147
NAPSA,0.09635249991697113
NARS,3380.514380997652
NARS2,9.41939731465051
NAT1,7.504229562823417
NAT2,0.0764089101893894
NCOA1,6.747264110441088
NCOA2,0.23302310680711788
NCOA3,4.630839006700519
NCOA6,13.527685632216143
NCOR1,0.08766942727560473
NCOR2,0.8148661340816645
ND1,0.7496282848946749
ND2,6.647572110665278
ND3,3.518721426725826
ND4,15.91921099634504
ND4L,0.3354345050980549
ND5,3.9860139175064595
ND6,2.1511623729121254
NDST1,21.310372071882977
NDST2,3.3719114027422115
NDST3,0.0008271570943019444
NDST4,0.024005586560330774
NDUFA1,621.8579316416026
NDUFA10,53.148503054377166
NDUFA11,101.67110981335789
NDUFA12,38.25229578319233
NDUFA13,1842.2237662577272
NDUFA2,20.79233785528996
NDUFA3,25.48766053269332
NDUFA4,12.010070825526268
NDUFA5,48.49446568841476
NDUFA6,65.00006245390739
NDUFA7,8.235617129072486
NDUFA8,119.90959616916163
NDUFA9,56.49807660567165
NDUFAB1,257.14616343657565
NDUFB1,194.67637845864073
NDUFB10,149.27093915878805
NDUFB2,417.934054303986
NDUFB3,83.469171024374
NDUFB4,115.32411604882047
NDUFB5,239.1324152038293
NDUFB6,29.339269235956614
NDUFB7,222.1056885167464
NDUFB8,111.48571782134646
NDUFB9,39.644098151697236
NDUFC1,83.27518606577496
NDUFC2,16.040726757392964
NDUFS1,39.718562848725774
NDUFS2,58.77644495267229
NDUFS3,411.16756368886826
NDUFS4,80.04531895373711
NDUFS5,482.16302870488164
NDUFS6,94.11659043785859
NDUFS7,42.3071752128352
NDUFS8,112.48834607089019
NDUFV1,58.44917553848202
NDUFV2,48.149816439491026
NDUFV3,19.5609087143191
NEDD4,4.016438461252654
NEDD4L,3.6002591745599797
NEK1,1.4072566957593033
NEK11,0.8123803563180256
NEK2,7.94492212184401
NEK3,2.7783177821231035
NEK4,2.0737737256444064
NEK5,0.010216260741555674
NEK6,0.4012612551445336
NEK7,30.439202877182016
NEK8,2.6962725042653832
NEK9,1.5317083490578924
NEU1,0.9220769230041956
NEU2,0.07868648115252536
NEU3,0.24791217281877534
NEU4,0.007569073425231113
NEURL1,0.14715923590013888
NEURL1B,6.721329159370424
NGLY1,5.599866937151688
NHLRC1,1.6230207964676946
NIT2,1404.9961923944886
NKTR,1.99580371407869
NLK,1.9175732201686821
NLN,37.49015152190766
NME1,9060.28873905737
NME2,589.0755583017785
NME3,31.545877846535923
NME4,32.27211948900856
NME6,0.6890044222694147
NME7,1.1681085557794064
NMNAT1,1.9271516374434337
NMNAT2,0.06448076785338638
NMNAT3,3.4895169640144066
NMRK1,2.9351673795914386
NMT1,86.23827579214657
NMT2,1.3403033395936694
NNMT,6.419735669207396
NNT,5.514915402585108
NOL9,2.148063091308825
NOS1,0.00010549734924548813
NOS2,0.0020499279320042173
NOS2P1,0.3354345050980549
NOS2P2,0.3354345050980549
NOS3,0.5700979539813602
NOX1,0.07776083533267077
NOX3,0.09198887034239282
NOX4,0.034518638450056705
NOX5,0.007708623208962935
NPAS2,10.970688324844923
NPC1,31.002666603166414
NPC1L1,0.002173399283289184
NPR1,0.09723334513050282
NPR2,0.02747901954295377
NQO1,1027.7763192821835
NQO2,161.3961685346317
NR1D1,28.66238269576651
NRF1,1.4107912692054017
NSD1,6.342275032828095
NSD2,0.8117852405670956
NSD3,0.8238692165195934
NSDHL,1784.4872596743342
NSF,60.389243409244045
NT5C,307.7626508056732
NT5C1A,0.058725969276404735
NT5C1B,0.006900956567674998
NT5C1B-RDH14,0.037698419756150243
NT5C2,194.56192356345318
NT5C3A,4.209671716104311
NT5DC3,1.0963717945689178
NT5E,1.6894582891298031
NT5M,1.368266304891387
NTAN1,2.3270804906136906
NTRK1,0.007943728963213685
NTRK2,0.155216074290479
NTRK3,0.003682128510427256
NUAK2,9.343810746584788
NUDT10,0.018950853215255734
NUDT11,1.1564547894439596
NUDT12,0.8985476852903816
NUDT2,31.711331792421877
NUDT3,0.9546334016449246
NUDT4,0.26305027704309386
NUDT5,444.5003110723034
NUDT9,11.344783362814141
OARD1,11.970020898409903
OAT,785.2132129090257
OBSL1,0.18712228963838382
OCRL,3.1869401442725236
ODC1,10.750910671039136
OGA,13.207835039605774
OGDH,342.3786607584859
OGT,18.081734738361526
OLAH,0.00034280928270673727
OPLAH,3.2635882078325267
OTC,2.3305572451444374
OTUD5,21.477575920212768
OXCT1,242.66336976448568
OXCT2,0.06785471305425757
OXSM,2.9581631253981846
OXSR1,11.470909302890995
P4HA1,57.7500017524232
P4HA2,49.6242102018446
P4HA3,0.192240181524515
P4HB,926.0935675216965
PADI1,27.212900596537423
PADI2,0.2775699330921864
PADI3,138.7617277333269
PADI4,0.013408291104499849
PADI6,0.3354345050980549
PAFAH1B2,836.8913440051049
PAFAH1B3,661.975832648207
PAFAH2,4.389732210331171
PAH,1.0237857162607364
PAICS,370.2410478564455
PAK1,44.38947198791356
PAK2,125.53559271490167
PAK3,0.0026562716236121896
PAK4,1.003757237506756
PAK5,0.1843105272396382
PAK6,8.189161461344662
PAM,0.24798870998196504
PAN2,4.60174375713626
PANK1,0.3872808175894047
PANK2,10.384342006895064
PANK3,5.299487299821586
PANK4,5.500943692515619
PAOX,5.997679374806469
PAPOLA,6.329484961573047
PAPOLB,0.3533606382353514
PAPOLG,3.5178368812845062
PAPSS1,99.71664689510288
PAPSS2,1.8071641552415627
PARP1,92.5695154964054
PARP10,1.3205111753501146
PARP11,0.9486841093900414
PARP12,2.5881695431601988
PARP14,5.633355685412419
PARP15,0.06588133512757459
PARP16,3.64737035075816
PARP2,18.41324425742404
PARP3,6.078845245458266
PARP4,5.550072235445198
PARP6,19.692242565578255
PARP8,0.13531911707963898
PARP9,10.689620594155953
PARS2,1.5188265777868644
PASK,0.8558496601025203
PBK,12.822910790955609
PC,37.12064195034084
PCBD1,92.18101467056178
PCBD2,7.065347625486318
PCCA,6.208177497010499
PCCB,8.974734028340887
PCK1,0.011463473397760906
PCK2,14.766410505230601
PCMT1,498.00076664489166
PCYOX1,80.31241132858086
PCYT1A,28.40170392007436
PCYT1B,0.0040887924771926066
PCYT2,1.797081744173784
PDE10A,0.0032833099932326484
PDE11A,0.0006117196886361952
PDE1A,0.02266406909212251
PDE1B,0.024777427910980292
PDE1C,0.0004746771861677145
PDE2A,0.2681899547037904
PDE3A,0.03120916729657018
PDE3B,0.07633117053755015
PDE4A,2.3005695683312415
PDE4B,0.17318732472584503
PDE4C,0.002035930369701161
PDE4D,0.8446957162213284
PDE5A,0.2922655508609947
PDE6A,0.0013463207131591574
PDE6B,0.010417709997469422
PDE6C,0.0033747776379078843
PDE6H,1.0083333333333333
PDE7A,5.090812323319884
PDE7B,0.0086428634679034
PDE8A,3.474484967940176
PDE8B,0.05651862417686388
PDE9A,2.9590331890693853
PDF,0.44171666769019896
PDGFRA,0.08808806877909528
PDGFRB,1.767399488967394
PDHA1,221.26474085322843
PDHA2,8.963593332760542
PDHB,38.11765562918835
PDHX,15.006174273966508
PDIA2,0.018038241076135525
PDIA3,2411.8990553541157
PDIA4,1695.8551619227728
PDIA5,42.1444351416277
PDIA6,929.280558083466
PDK1,1.006823683413293
PDK2,18.444820179320402
PDK3,4.815305263245193
PDK4,0.05269318829951877
PDP1,14.242315982040177
PDP2,1.2148230745026989
PDPK1,0.8166422599747243
PDPR,4.964658630123521
PDXK,43.18734767441253
PDXP,24.240610326247634
PDZD4,0.2391198324369904
PEAK1,0.33456517090534144
PECR,25.500254208102128
PEMT,23.062108455095455
PEPD,39.53461528092915
PEX11A,3.806473925833761
PFAS,51.486307213887336
PFKFB1,0.050692589081725276
PFKFB2,2.3331507524862167
PFKFB3,43.03110573655947
PFKFB4,1.4853311303883656
PFKL,163.97389577175787
PFKM,20.236222913609296
PFKP,1552.100319105136
PGAM1,309.04983015281783
PGAM2,5.498126549827259
PGAM5,65.41648605776273
PGAP1,1.5281583276419712
PGD,7498.376071120759
PGGHG,0.02991860446325157
PGK1,720.506737879365
PGK2,0.983624314490823
PGLS,1117.6170480869903
PGLYRP1,0.006374071203376302
PGLYRP2,0.0003306150854253329
PGLYRP3,15.007466200769246
PGLYRP4,1.1765282506341161
PGM1,173.29491999665328
PGM2,399.0124659763546
PGM2L1,1.5383316258683906
PGM3,18.1908334427009
PGP,39.45051880529873
PGS1,3.4984467186954795
PHEX,0.21844136644833867
PHGDH,615.5557197809281
PHKA1,0.34586418562766036
PHKA2,2.906350748584107
PHKB,24.62792910139708
PHKG1,0.033086877790001315
PHKG2,4.3420109175141635
PHLPP1,5.361744466872022
PHLPP2,0.27872576316633396
PHOSPHO1,0.034987578976466656
PHPT1,50.880430562576116
PHYH,7.357520593456796
PHYKPL,0.6462009571960334
PI4K2A,1.9377849522284245
PI4KA,1.0539241946484519
PI4KB,0.84089607407147
PIGA,4.63563361210924
PIGB,3.6578183723164823
PIGC,18.537013289482672
PIGF,13.213954117251696
PIGG,3.5077400309034688
PIGH,7.484837499035976
PIGK,10.536483309409107
PIGL,2.8381594974837143
PIGM,2.5925810489034067
PIGN,17.71366315104739
PIGO,13.480988854095015
PIGP,18.471597807104935
PIGQ,13.199545813538537
PIGS,25.848098504722326
PIGT,11.490175778501806
PIGU,4.156914136176282
PIGV,6.866263259476286
PIGW,8.755521223669206
PIGX,2.3255714472355447
PIGY,91.84948953089179
PIGZ,0.3043112320520571
PIK3C2A,0.7329268783996646
PIK3C2B,5.617985642969871
PIK3C2G,0.0649227341393769
PIK3C3,0.18539776550503184
PIK3CA,4.743412405002922
PIK3CB,0.40884468572615185
PIK3CD,2.6088503393762257
PIK3CG,0.022764790948025724
PIK3R1,0.4462404938176857
PIK3R2,29.67293566704384
PIK3R3,5.368116154062073
PIK3R4,26.665826814462765
PIK3R5,0.0795253946085118
PIKFYVE,0.6537894655584008
PIM1,32.24888746806974
PIM2,2.554619155392136
PIM3,95.1705564214086
PIN1,735.9402305674241
PIN4,1.403313136330644
PINK1,46.98062459019261
PIP4K2A,3.755912842682999
PIP4K2B,3.8760719883764043
PIP4K2C,40.58742378335663
PIP5K1A,0.554342426498527
PIP5K1B,0.057287754143931134
PIP5K1C,9.360531396374016
PIP5KL1,0.2082857543026054
PIPOX,0.016865436076241018
PISD,2.2095740600005795
PJA1,20.309269601594817
PJA2,7.114726352264744
PKLR,0.014846888294540013
PKM,541.3891072832749
PKMYT1,42.54302088753626
PKN1,23.997564429115055
PKN2,8.328108407278261
PKN3,4.235622072384204
PLA2G10,0.18463619088941066
PLA2G12A,0.48532700156061065
PLA2G12B,1.1304561412675453
PLA2G15,3.9258003136686916
PLA2G16,20.528830679452096
PLA2G1B,0.03449129925337993
PLA2G2A,0.00567881906987242
PLA2G2C,0.3354345050980549
PLA2G2D,0.00020485024370949949
PLA2G2E,0.10480083352838437
PLA2G2F,1.189668081048601
PLA2G3,2.6457845788803764
PLA2G4A,30.29910370979063
PLA2G4B,0.015107873404751246
PLA2G4C,0.03159218362802165
PLA2G4D,0.16464348253703884
PLA2G4E,2.1473970700272482
PLA2G4F,3.538826384730776
PLA2G5,0.003277333924757623
PLA2G6,1.7453295120693284
PLA2G7,0.07353688130278323
PLB1,3.240552203441146
PLCB1,0.24032061510946612
PLCB2,0.22231258842122933
PLCB3,4.1643003902034
PLCB4,0.0026865551559618226
PLCD1,3.5089287392560915
PLCD3,23.120008351421607
PLCD4,0.13199970403848346
PLCE1,3.8137259744664713
PLCG1,0.9602248383987525
PLCG2,2.1304754962486125
PLCH1,0.0001499506828829375
PLCH2,10.48701332743691
PLCL1,0.013954707052086205
PLCL2,0.037431998695584445
PLCXD2,0.04077134806388639
PLCZ1,0.0007747966553028682
PLD1,3.3494861616869716
PLD2,30.79765100385192
PLD3,8.957383238487221
PLD4,0.06017827656164518
PLD6,0.6297380652332711
PLG,0.0005014779781962219
PLIN1,0.0017263276171337661
PLIN2,6.404435339057924
PLIN3,204.9893293572521
PLIN4,0.030123886708128506
PLK1,9.735941085685228
PLK2,29.43904279727206
PLK3,10.165844509398909
PLK4,12.842425539188085
PLOD1,18.033101759289146
PLOD2,26.47467667204843
PLOD3,12.749843343885912
PLPBP,1.3790311261442316
PLPP1,5.389883230682263
PLPP2,2.123055391477898
PLPP3,4.2032094621878
PLPP4,0.019762828557283812
PLPP5,0.0656688155578048
PLPP6,0.050042688733332445
PLPP7,1.1305815492037874
PLPPR2,0.3307009692228308
PLPPR3,0.9307949846236876
PLPPR4,0.11900942508124815
PLPPR5,0.012456429933028047
PLTP,149.8631514906797
PLXNB3,1.4839357175406653
PMM1,6.839557182398564
PMM2,191.85837872498834
PMPCA,31.33540000017388
PMVK,567.7968874656824
PNCK,6.6904199961150965
PNKP,33.18044427959615
PNLIP,0.01735944451270558
PNLIPRP1,0.04876262171622993
PNLIPRP2,0.3354345050980549
PNLIPRP3,0.41050391453715634
PNMT,0.023233740647937737
PNP,2307.0243450775415
PNPLA2,20.598549386210575
PNPLA3,0.5252985588920881
PNPLA4,12.955034921933455
PNPLA6,0.572875311082842
PNPLA7,0.07879824670710711
PNPLA8,9.355438106590897
PNPO,17.85000624311522
PNPT1,5.819059263242423
POLA1,7.216490872834516
POLA2,8.623588774205244
POLB,28.012483034626666
POLD1,3.1698817861707425
POLD2,13.564573827385487
POLD3,1.5398989925269186
POLD4,297.1699235019303
POLE,0.1440675024943763
POLE2,29.79152885396843
POLE3,83.08717696818185
POLE4,65.26898572000968
POLG,14.23111100614074
POLG2,2.3099023464950226
POLH,0.709679740790388
POLI,1.23926440776685
POLK,1.486413366008427
POLL,4.206160499527981
POLM,9.02183598659987
POLN,0.005508561711285157
POLQ,2.08429289064583
POLR1A,1.1914721128459456
POLR1B,0.6139757598780097
POLR1C,15.599633207361356
POLR1D,83.27854333542962
POLR1E,21.82765134399075
POLR2A,4.8827739858014025
POLR2B,16.82993804399976
POLR2C,89.87726774406035
POLR2D,28.00575561609726
POLR2E,74.31385059389847
POLR2F,44.854004531080484
POLR2G,45.777301063240834
POLR2H,432.7946915154763
POLR2I,20.407208760587014
POLR2J,26.056081615482558
POLR2K,96.48534220570413
POLR2L,228.29546335940677
POLR3A,0.26717127742809826
POLR3B,2.0824587861200285
POLR3C,0.9397293143695301
POLR3D,12.820749283320435
POLR3E,12.075183802427578
POLR3F,3.4317816872363207
POLR3G,1.4968066697581857
POLR3GL,56.860550792319046
POLR3K,35.35136091550935
POLRMT,4.288326620856168
POMGNT1,33.96850534263265
POMT1,3.0575935578815976
POMT2,2.5564707339476755
PON3,1.5558218753850654
POR,333.1309893453604
PPA1,1116.693759245617
PPA2,454.9861371634771
PPARA,1.220222247922742
PPAT,12.443670574221173
PPCDC,5.395958829572521
PPCS,107.20300093280085
PPEF1,0.007110919862617645
PPEF2,0.0475767992202525
PPIA,555.4703874392943
PPIAL4A,0.3354345050980549
PPIAL4C,0.3354345050980549
PPIAL4E,0.026817552715216565
PPIAL4G,17.114066644270597
PPIB,2490.1106118990097
PPIC,40.28639260182741
PPID,715.7230852588442
PPIE,9.497490964627303
PPIF,267.36449813677797
PPIG,26.939331439917932
PPIH,2134.39922096781
PPIL1,90.32082407078612
PPIL2,1.450558398485817
PPIL3,37.21943032711412
PPIL4,2.1215573950378115
PPIL6,0.015582365722174866
PPIP5K1,3.4339149525093924
PPIP5K2,2.9027663351974846
PPM1A,1.7565165758022383
PPM1B,11.236655375450804
PPM1D,2.1618282808933444
PPM1E,0.0009007659702813987
PPM1F,21.331600755934442
PPM1G,46.69086340803134
PPM1K,0.013917176705582781
PPM1M,2.714809768692691
PPOX,2.7123781075141924
PPP1CA,477.93209061890656
PPP1CB,690.7528529575637
PPP1CC,192.7582003548638
PPP1R1A,0.00034280928270673727
PPP1R1B,0.713633587757482
PPP1R2,50.199268847873775
PPP1R3A,0.06646892507772041
PPP1R3B,4.952860083257688
PPP1R3C,0.019960299725446048
PPP2CA,183.30516799805574
PPP2CB,73.88617114786743
PPP2R1A,606.4872061540221
PPP2R1B,22.465333341020195
PPP2R2A,165.91237926564884
PPP2R2B,0.026237858201117216
PPP2R2C,6.0351942966054235
PPP2R3A,1.7283444816043703
PPP2R3B,0.5706018889291588
PPP3CA,769.1075804992374
PPP3CB,8.929867311016032
PPP3CC,13.403679053488037
PPP3R1,348.3593893435407
PPP3R2,2.4370537589271226
PPP4C,153.671293911065
PPP5C,44.3821014124296
PPP6C,189.5676218835968
PPT1,8.72549159152554
PPT2,0.04790372031033518
PPWD1,9.069912794869472
PRAG1,0.3354345050980549
PRDX1,37887.69703430687
PRDX2,3868.2482196174924
PRDX3,155.85902328555818
PRDX6,757.2365871587047
PREP,92.85256647175147
PRKAA1,32.794767945427324
PRKAA2,0.0011669595294357816
PRKAB2,2.8088675780240293
PRKACA,623.9437466039494
PRKACB,4.957782333298614
PRKACG,0.006808493969087404
PRKAG2,7.089076671336384
PRKAR1A,20.869925662856037
PRKAR1B,6.609682329390899
PRKAR2A,10.331896983647901
PRKAR2B,19.822104462387568
PRKCA,2.0452790924778212
PRKCB,0.024395237909387992
PRKCD,3.7451348080142712
PRKCE,3.302319682427269
PRKCG,0.4497238722756322
PRKCH,41.69249807153063
PRKCI,10.957266117930377
PRKCQ,9.341204908826723
PRKCSH,429.1635493981515
PRKCZ,8.146192220589198
PRKD1,0.02601224409609086
PRKD2,20.15496381050699
PRKD3,6.280979200179716
PRKDC,2.830783695757988
PRKG1,0.02195390885183014
PRKG2,0.5578524386814053
PRKN,0.21524163632635238
PRKX,4.204972363678497
PRKY,0.017742516248479348
PRODH,55.11334928022885
PRODH2,0.047452249121563574
PRPF19,596.4984575807566
PRPF4,307.5484611324771
PRPF4B,12.966561283335297
PRPS1,561.7259778459226
PRPS1L1,4.870744447139932
PRPS2,84.22752705403033
PRRT2,0.0354815944682573
PSAP,33.62821138410763
PSAT1,206.73563450614455
PSKH1,6.844157975565682
PSKH2,0.0017855233308762604
PSPH,826.6679184257099
PSPHP1,0.3354345050980549
PTDSS1,77.1088879720375
PTDSS2,5.217975687503695
PTEN,6.512366456242388
PTGDS,2.025425941679095
PTGES,653.3094020722604
PTGES2,90.43059918588825
PTGES3,6218.204089244704
PTGIS,1.074507087432949
PTGR1,308.55801522833445
PTGS1,13.534630353362227
PTGS2,7.407937754898124
PTK2,4.991570285363271
PTK2B,20.481343331123153
PTK6,79.00438313137967
PTK7,1.9393330472233845
PTP4A2,2.5840878430525804
PTP4A3,22.029465474806877
PTPDC1,0.960054333476515
PTPMT1,20.443790213384336
PTPN1,51.78903872593879
PTPN11,17.477653356005046
PTPN12,6.793897226693798
PTPN13,65.53912808945466
PTPN14,2.6985838553126498
PTPN18,21.84022457717658
PTPN2,16.75393230544396
PTPN21,3.5955643447138526
PTPN22,0.1434987960580926
PTPN23,4.608872801747744
PTPN3,5.76377701179383
PTPN4,2.963547635379325
PTPN5,0.00015913901781739072
PTPN6,29.62810941909923
PTPN7,0.22746043328294147
PTPN9,0.7738842496290061
PTPRA,0.358230277884449
PTPRB,1.1582815390484391
PTPRC,0.6956777112412531
PTPRD,0.0036597612396031443
PTPRE,4.131387273632194
PTPRF,183.83644821614345
PTPRG,0.042418771005371995
PTPRH,6.888743831021583
PTPRJ,0.6187722925161575
PTPRK,9.338066269949095
PTPRM,0.17179160447527966
PTPRN,0.01581729295362991
PTPRN2,0.2758527049261253
PTPRO,0.005245406013339158
PTPRQ,0.00012198184165770178
PTPRR,0.17485251766559967
PTPRS,15.915855629612482
PTPRT,0.0004992176704309545
PTPRU,21.971936504813833
PTPRZ1,19.558061484653187
PTRH1,8.576892735373889
PTRH2,1970.7052800073434
PTS,46.13897335675826
PUS1,10.893644400422184
PXDN,1.2364098287156058
PXDNL,0.0008640580450697814
PXYLP1,0.3900283303635837
PYCR1,4.700788278548236
PYCR2,527.8327426899871
PYCR3,18.52640291410028
PYGB,663.3405979643978
PYGL,923.1408221301742
PYGM,0.014515959399664347
PYURF,0.6402221518630032
QARS,305.6778397251773
QDPR,277.8101150758729
QPCT,0.13057251800266947
QPRT,0.11410904614838732
QTRT1,40.47756723975606
QTRT2,3.0803803903498332
RAD1,2.477159326008091
RAD18,1.604158438574899
RAD9A,6.411719969153773
RAF1,0.23296117848878173
RAG1,0.023114220059641952
RALBP1,67.94673285731784
RARS,366.4011053604351
RARS2,9.608706337418129
RBBP6,0.29997708988677463
RBKS,1.0519084199285487
RBP1,2370.265028010394
RBP2,0.44262896504099397
RBP4,75.02555780605796
RCHY1,2.7297505354014824
RCL1,5.081926404506303
RDH10,32.30946419986251
RDH11,638.9301594014008
RDH12,0.23126268198091923
RDH13,6.597413893785956
RDH14,1.4770701484922895
RDH16,0.5742314679234664
RDH5,0.008686684196098452
RDH8,0.3354345050980549
REG3A,15.598236131061894
RENBP,0.4395600416517964
RET,0.00015463621427822173
REV3L,0.49983760874288946
RFC5,78.93783050539407
RFK,12.8716446614196
RFWD3,24.272712829504545
RGL1,0.2657202660975815
RHAG,0.3012257575781964
RHBG,0.21376898190151108
RHCG,1183.0254630865638
RING1,1.249168192026526
RIOK1,0.9059097523524734
RIOK2,0.13368209531129732
RIOK3,75.84595644130205
RIPK1,6.009874453234133
RIPK2,2.5369323478818853
RIPK3,24.79058652270064
RIPK4,71.76286946003572
RIPOR1,1.8350848174091228
RNF103,10.079846192378714
RNF115,15.992981229946691
RNF123,3.1979113720742034
RNF125,0.08489369567837213
RNF126,35.82146672866257
RNF128,6.464353541546093
RNF13,13.842790102570586
RNF130,43.89398985079554
RNF133,0.007829721920900585
RNF138,8.075450700083094
RNF139,17.184216138781576
RNF14,3.994928433007103
RNF144A,2.5440165120135254
RNF144B,8.804802416232691
RNF146,3.119787740967404
RNF149,22.97439677416508
RNF152,1.9333743201018005
RNF167,157.1145756122208
RNF180,0.0046280318622621995
RNF182,0.0008799319081234092
RNF185,13.245045397304182
RNF187,89.0940970334846
RNF19A,12.125037526922236
RNF19B,52.95958712653055
RNF2,10.129429009110828
RNF20,2.3904449509408083
RNF216,4.985867391940951
RNF217,0.8089294507798397
RNF25,5.565507932722828
RNF31,9.852856812685413
RNF40,1.7697300288833522
RNF41,6.2220100481551475
RNF5,0.00011310985532024112
RNF8,1.8048063784108404
RNGTT,3.315568333227102
RNMT,42.161032663671314
ROCK1,6.678714695472298
ROCK2,8.325638094344667
ROR1,0.002125466365807949
ROR2,0.12373138984745151
RORA,0.0821064564071824
ROS1,0.0006086916029660783
RPAP2,5.371930837243456
RPE,31.167407716518923
RPE65,0.0026915470880055363
RPIA,62.85778143842233
RPL14,546.2012927823506
RPN1,1465.8569011834359
RPN2,772.1417829587674
RPP14,24.583639869183163
RPS6KA1,79.6617709092955
RPS6KA2,2.099970663383655
RPS6KA3,2.261571214247741
RPS6KA4,2.6292485660543807
RPS6KA5,7.665939361206889
RPS6KA6,0.00010828734815992379
RPS6KB1,2.521749092626373
RPS6KB2,66.47937217370954
RPS6KC1,0.3384433244110553
RPUSD4,0.965349311480773
RRM1,119.1857836283293
RRM2,50.38993727478699
RRM2B,6.465410358287937
RTCA,1.6973780629584712
RWDD2A,0.36225175225247
RXRA,37.950519388707406
RYK,26.347277810085885
SACM1L,4.622935178214539
SAE1,577.5462321984721
SAP130,1.0415126841444624
SARDH,0.10831578392270405
SARS,141.49726238000235
SARS2,15.860329898094108
SAT1,601.2091437367172
SAT2,28.992488472751955
SBK1,0.18546575891188233
SC5D,1.7142905425756392
SCARB1,10.68282961772203
SCARF2,0.30717987820360526
SCD,281.4424444030711
SCD5,3.0064152328951366
SCLY,0.005031128848211752
SCP2,315.2865525627959
SDC1,144.3322785956722
SDHA,335.7026054159336
SDHB,490.648558857598
SDHC,11.668369144485592
SDHD,4.525717964908475
SDR16C5,44.75158052482408
SDR42E1,3.346334053438538
SDR42E2,0.3354345050980549
SDR9C7,5.244224767836081
SDS,0.397714710007858
SDSL,0.8219482604659715
SEC11A,443.0339679372093
SEC11C,13.948918656410513
SELENOI,0.1784505883933933
SEPHS1,462.47982390093046
SEPHS2,48.88943411296904
SERPINA1,1.6357665179625747
SERPINA3,30.74205518884015
SETD1A,0.2410451694988341
SETD1B,3.807540239409663
SETD2,0.028080569116956073
SETD5,8.860800154105872
SETD7,6.132729180807315
SETDB1,0.2190981854845448
SETDB2,1.2065869578918307
SETMAR,0.8013839701895417
SFXN3,1219.2194078876082
SGK1,102.4522983336806
SGK2,0.0006083370315865757
SGK3,0.004007470738397237
SGMS1,15.48396477942702
SGMS2,8.357744945491186
SGPL1,77.91865759938638
SGPP1,6.340520840133317
SGPP2,10.598684642835822
SGSH,2.17353017303347
SH3RF1,7.903050959925003
SH3RF2,7.210711307978553
SH3RF3,0.7615037646467215
SHMT1,229.99472127480124
SHMT2,1137.5164046355007
SHPK,6.0183033282148894
SHPRH,0.23549828057480449
SI,6.267831834237198e-05
SIAE,15.711583189356238
SIAH1,4.354350210751062
SIAH2,29.46733636419895
SIK2,2.2760426155892644
SIK3,1.6140200695385605
SIN3A,6.531775688208073
SIN3B,0.08542834222708766
SIRT1,3.784112601094083
SIRT2,26.191850995074642
SIRT3,4.892258294805924
SIRT5,0.6352280526143506
SIRT6,13.672027214535321
SIRT7,10.917581337519028
SLC10A1,0.0010935960466584482
SLC10A2,0.058748703153154044
SLC10A6,9.74802398506575
SLC11A1,0.3170089879504086
SLC11A2,5.764573948377492
SLC12A1,0.12604246262781418
SLC12A2,0.9163441659800868
SLC12A3,6.995491256611565e-05
SLC12A4,0.3026101058290168
SLC12A5,0.022273674041874577
SLC12A6,0.3593233026138889
SLC12A7,0.6258092416345888
SLC13A1,0.00012097146510486149
SLC13A2,0.010738916611107851
SLC13A3,0.04901920848448711
SLC13A4,0.09451756935041027
SLC13A5,2.3246181944353204
SLC14A1,0.0033927554681345375
SLC14A2,9.623569799774179e-05
SLC15A1,0.13869621388343154
SLC15A2,2.5072382529832096
SLC15A3,25.190129553543468
SLC15A4,7.0883807557965195
SLC16A1,65.8925111994101
SLC16A10,0.005530393471590568
SLC16A2,3.8987213966763243
SLC16A3,72.64008034214375
SLC16A7,0.6611706784337148
SLC16A8,2.0190565000724408
SLC17A1,0.06505057075080632
SLC17A2,0.00023678908714260295
SLC17A3,0.0480606884147512
SLC17A4,0.016758172785412122
SLC17A5,1.6412482831549549
SLC17A6,0.03561924497624714
SLC17A7,0.04901793407326025
SLC17A8,0.00011296761408868105
SLC18A1,0.0004666557504322021
SLC18A2,3.190230036128497
SLC18A3,0.06214561646399096
SLC19A1,1.796738878314887
SLC19A2,2.544287924023239
SLC19A3,0.0003299871393894339
SLC1A1,1.517981728749225
SLC1A2,0.0005140490276562181
SLC1A3,6.957572226716839
SLC1A4,2.985515367210014
SLC1A5,220.39063871238585
SLC1A6,0.02355361056176307
SLC1A7,0.0019972486576443982
SLC20A1,44.7587648038415
SLC20A2,62.52160533426699
SLC22A1,0.02885634487658625
SLC22A10,0.10034501076203277
SLC22A11,0.20377100608576706
SLC22A12,1.368484858340572
SLC22A13,0.0010248648795212199
SLC22A16,0.1415176491516722
SLC22A18,13.133483316983892
SLC22A2,0.6215418871526734
SLC22A3,1.1062575680560442
SLC22A4,0.3198240005599049
SLC22A5,1.1042313116244133
SLC22A6,0.3332262579895881
SLC22A7,0.0002128021378331936
SLC22A8,0.6796964855365107
SLC22A9,0.11807453767167743
SLC23A1,0.0023906520876300625
SLC23A2,2.9963269512501944
SLC24A1,0.5116217027533111
SLC24A2,0.0060666225515363225
SLC24A3,0.15957297390684
SLC24A4,0.0007153560451306761
SLC25A1,504.2813249834163
SLC25A10,11.913620880576113
SLC25A11,1083.7547558446772
SLC25A12,328.5952389316082
SLC25A13,189.33717521745868
SLC25A14,3.0552943142885924
SLC25A15,5.209567507413299
SLC25A16,5.658890448803657
SLC25A17,13.377212782652956
SLC25A18,0.07481753914596505
SLC25A19,3.677395892820636
SLC25A2,0.013389671733306916
SLC25A20,0.9487764209552417
SLC25A21,1.7163514034739396
SLC25A22,7.807492483743624
SLC25A26,3.072624432149173
SLC25A27,0.01612981717256686
SLC25A28,42.738158322883116
SLC25A29,17.392005538625465
SLC25A3,3066.7717667671754
SLC25A37,11.848551471618178
SLC25A4,134.85500282302868
SLC25A5,7753.722863564525
SLC25A6,73.68083631691884
SLC26A1,0.01152960795325179
SLC26A11,0.4472746124972561
SLC26A2,1.5646485302947304
SLC26A3,0.0012979767978644001
SLC26A4,0.0036402764256847735
SLC26A6,1.8537427654453293
SLC26A7,6.655806785587718e-05
SLC26A8,0.0025531201916337686
SLC26A9,2.4688495412322986
SLC27A1,2.8981426011099924
SLC27A2,0.2326126295645946
SLC27A3,10.224598970567174
SLC27A4,6.889391045633299
SLC27A5,1.204861653176308
SLC27A6,0.00018322754810207043
SLC28A1,0.002770267676628952
SLC28A2,0.00695593483518278
SLC28A3,0.7910663340484159
SLC29A1,11.159375996762265
SLC29A2,4.554285736595015
SLC29A3,1.20975423649701
SLC29A4,0.06724410549922501
SLC2A1,266.4303305111066
SLC2A10,9.450676177087837
SLC2A11,0.593392933453929
SLC2A12,0.1676644083759433
SLC2A13,0.07913916798809625
SLC2A14,0.0026535997003892665
SLC2A2,0.7271472329221568
SLC2A3,1.155923055277804
SLC2A4,0.028856915161348185
SLC2A5,0.1422294918538209
SLC2A6,3.5824799358636987
SLC2A7,0.00044062198616963893
SLC2A8,5.155341010943493
SLC2A9,3.3291166127576948
SLC30A1,5.666712203322496
SLC30A6,12.226858223125344
SLC30A7,12.2092427936527
SLC31A1,9.349688575176513
SLC32A1,0.0002110293304658138
SLC33A1,950.1017518087056
SLC34A1,0.04846839599529407
SLC34A2,0.002388881787173486
SLC34A3,0.03374254358152234
SLC35A1,5.61439020322801
SLC35A2,17.220712576627545
SLC35A3,8.14111818012394
SLC35B2,0.49936042393776553
SLC35B4,2.1218911696634777
SLC35C1,16.48633029754581
SLC35D1,11.127706670222302
SLC35D2,10.394149526830052
SLC36A1,1.5589883282188164
SLC36A2,0.00014044484558264894
SLC36A4,2.916322625716456
SLC37A1,18.151328572303147
SLC37A4,6.270126734146136
SLC38A1,74.89261665203888
SLC38A2,268.78080965337335
SLC38A3,0.006996559426127576
SLC38A4,4.423655727436505
SLC38A5,10.959910986721816
SLC39A7,2.632430896563207
SLC3A1,0.0011799407353373457
SLC3A2,140.22892511040027
SLC40A1,1.8902812588526519
SLC41A1,7.501542062387702
SLC41A2,0.12485558821646134
SLC43A1,0.07145276900686759
SLC43A2,1.7879483342769327
SLC46A1,0.32927021681037555
SLC47A1,0.19437262547139347
SLC47A2,0.4301457626352518
SLC4A1,0.00022302167435714066
SLC4A10,6.595126077851707e-05
SLC4A2,17.893929128190855
SLC4A3,0.33867974297209646
SLC4A4,0.2274938749956557
SLC4A5,0.8809855622483509
SLC4A7,0.16259623899852854
SLC4A8,0.0059978656474371575
SLC4A9,0.0040433432164381595
SLC51A,0.15730939956507933
SLC51B,0.1317954273752661
SLC52A1,0.11277172956640528
SLC52A2,0.09357936368667576
SLC52A3,0.28454763876001143
SLC5A1,2.303112631110565
SLC5A10,14.050649665853799
SLC5A11,0.001158439525590004
SLC5A12,0.005936634701035715
SLC5A2,0.0460142677447799
SLC5A3,2.0982936775532095
SLC5A5,0.17332693006429903
SLC5A6,15.101267317501678
SLC5A7,7.831088294472162e-05
SLC5A8,0.3418527760399266
SLC5A9,0.0029339815221372744
SLC6A1,0.011779848617789777
SLC6A10P,1.093375866699282
SLC6A11,4.421329243741281
SLC6A12,0.00306331878429844
SLC6A13,0.002113407938685018
SLC6A14,2.432258587431236
SLC6A18,0.020564936803086797
SLC6A19,7.77263792424985e-05
SLC6A2,0.030553053346231707
SLC6A20,0.006047448625519467
SLC6A3,0.0008364019121443701
SLC6A4,0.0002531801409642207
SLC6A5,0.10319845039380167
SLC6A6,0.23810391087324786
SLC6A7,0.0008995346851685227
SLC6A8,178.5576762134428
SLC6A9,3.7248266130087098
SLC7A1,48.579738863452945
SLC7A10,0.44725159747283744
SLC7A11,0.2264118258236739
SLC7A2,0.9467734029518289
SLC7A3,0.00025310021698249444
SLC7A5,27.244986142912907
SLC7A6,2.7029356591355196
SLC7A7,0.09789404804642297
SLC7A8,81.1860661667711
SLC7A9,0.00963710159562173
SLC8A1,0.034290570601668555
SLC8A2,0.6855223318718666
SLC8A3,0.23722842177089118
SLC8B1,0.13932836983899105
SLC9A1,36.30050257136591
SLC9A2,0.2137076472947631
SLC9A3,6.0065601233200105
SLC9A4,0.010719651998751571
SLC9A5,0.10214407086579291
SLC9A7,0.7645526871135657
SLC9A8,5.852965273582735
SLCO1A2,0.00020533469956218102
SLCO1B1,0.5745214485775751
SLCO1B3,0.06631224535379562
SLCO1C1,0.0001317080948633254
SLCO2A1,0.9376683798492372
SLCO2B1,0.08051330225800275
SLCO3A1,23.189509643854077
SLCO4A1,12.70340130298035
SLK,63.317170701495165
SMARCD3,2.1248386927949356
SMG1,0.9195800058699508
SMPD1,6.748365070629567
SMPD2,3.2327595172039425
SMPD3,0.046698362457872795
SMPD4,8.673211842764703
SMS,137.8022814316448
SMURF1,18.444582165580282
SMURF2,6.825663429826565
SMYD3,10.089260519490304
SNRK,6.834198233853432
SOAT1,2.244095517289454
SOAT2,0.001386237440535719
SOD1,3750.063398509963
SOD2,77.83795501729371
SOD3,0.7580103071572856
SORD,50.524649690020496
SPCS1,97.49930399279108
SPCS2,149.69845645803392
SPCS3,536.3157098485307
SPEG,1.5535005018654344
SPHK1,12.490743808590937
SPHK2,0.8398467694736842
SPR,724.6694143318718
SPRYD3,24.200570944126852
SPTLC1,98.48592489073103
SPTLC2,7.887435243564055
SPTLC3,0.2625395622710301
SQLE,3.00049227990465
SRC,25.56431474669124
SRD5A1,162.45933373300153
SRD5A2,0.0016522311790993964
SRD5A3,13.412545802776325
SREBF1,104.62630023911646
SRM,458.3071270559274
SRMS,0.6779630458422726
SRPK1,6.671933218106089
SRPK2,16.780596453742874
SRPK3,0.026896412605391794
SSH1,4.491144987858955
SSH2,2.763860221640815
SSH3,65.65657811874355
SSR4,664.2450981907501
SSU72,191.9593024252778
ST3GAL1,6.008211409204887
ST3GAL2,0.963739846490284
ST3GAL3,1.6623440705981885
ST3GAL4,25.848783902433848
ST3GAL5,1.6642883812718205
ST3GAL6,4.9378805400251755
ST6GAL1,7.31915519452188
ST6GALNAC1,21.096165751742173
ST6GALNAC2,15.846285104885999
ST6GALNAC3,0.007471448335229108
ST6GALNAC4,8.405447751695903
ST6GALNAC5,0.04607057428521278
ST6GALNAC6,10.417152766849084
ST8SIA1,0.024313855875225478
ST8SIA4,0.03622747920696894
ST8SIA5,0.003328603074765482
STAMBP,28.640003836989823
STAMBPL1,2.3842260750561124
STARD3,24.595767467501023
STK10,0.42854217832393204
STK11,24.249796764570878
STK16,0.8382006092939323
STK17A,26.03307977272333
STK17B,11.422648106650437
STK19,0.40396425410277237
STK24,80.71713835084269
STK25,4.261704245945744
STK26,0.629690691282171
STK3,20.37384672697638
STK31,0.22687563013117762
STK32A,0.04689363934999416
STK32B,0.0035501106899762883
STK32C,2.89682195997713
STK33,0.02433586288866633
STK35,4.888783079254118
STK36,0.3942348499954114
STK38,12.132962577036496
STK38L,11.342046922085649
STK39,53.83149429959187
STK4,2.1164611294641786
STRA6,0.6210831339050834
STS,3.72747453729752
STT3A,24.611592643871475
STT3B,29.44804318217796
STUB1,27.566532101910763
STYK1,5.55173117747933
STYXL1,29.61622831058971
SUCLA2,152.1049702687899
SUCLG1,906.014036874196
SUCLG2,295.84150818958005
SULT1A1,3.6455472846368124
SULT1A2,1.1098101082308627
SULT1A3,3.7503041530200782
SULT1B1,0.012899012854843852
SULT1C2,1.4031706299134283
SULT1C4,0.007729850919438468
SULT1E1,4.409326049155649
SULT2A1,3.553854432798619
SULT2B1,164.31901420907985
SULT4A1,0.0022476046928211852
SUOX,12.359889914404194
SUV39H1,12.459631579500824
SUV39H2,2.7752095448015304
SYK,23.599788358821847
SYNJ1,0.04041158350683649
SYNJ2,0.042773633550249324
SYVN1,0.5055437306444751
TAF1,3.452069207979211
TALDO1,751.840834894748
TAOK1,2.580666539987803
TAOK2,11.936398906063632
TAOK3,17.981489009607607
TARS,519.1547892095858
TARS2,2.19766905347239
TARSL2,4.911197404361384
TAT,0.0009216824453169732
TBCB,147.76829986509688
TBK1,1.3589640129018214
TBL1X,7.048170038756757
TBL1XR1,13.127632833086233
TBXAS1,0.305281448239209
TCIRG1,26.406160144833883
TDO2,0.011795898198426157
TECR,254.2880066105944
TECRL,0.11400593534832566
TENT2,0.15316461371698084
TENT4A,0.45357387630786017
TESK1,14.899829337605034
TESK2,1.729698181574114
TFRC,316.5093358117141
TGDS,7.321926535108418
TGFBR1,12.981844674175319
TGFBR2,2.4540101759433153
TGM1,725.3046490408216
TGM2,90.32131313611397
TGM3,0.5061769197283988
TGM4,0.009785088768325954
TGM5,6.130729854085756
TGM6,0.018105422639918517
TGM7,0.0011857891180489762
TGS1,13.647856478270706
TH,2.1670748054744564
THNSL1,1.7353113985027941
THTPA,2.9244857779347933
TIAM2,0.00389461024851532
TICRR,0.05167590734814967
TIPARP,17.908562180929916
TK1,182.75571769303525
TK2,2.315913727224565
TKFC,17.655218887752373
TKT,208.60963101839323
TKTL1,0.0023133656737100283
TKTL2,0.3040568295727089
TLK1,8.36264103199483
TLK2,0.1660063859956532
TM7SF2,15.183487072593886
TMEM91,2.9472397985974412
TMLHE,0.5272233463436873
TMX3,14.83432945586927
TNFRSF21,80.97485723728634
TNIK,0.6911596274553823
TNK1,12.814618104378862
TNK2,6.81198488394284
TNKS,3.72197195388543
TNKS2,15.528070891306403
TNNI3K,0.000167645283648274
TNS2,1.434061794943761
TOPORS,6.75019906913993
TP53RK,6.506428812981595
TPH1,0.0009384459460363856
TPH2,0.08567194949607831
TPI1,14386.730775679787
TPI1P2,21.533426863216516
TPK1,0.06878846139738107
TPMT,7.5045915369188165
TPO,0.0678670623687712
TPP1,58.652535003104425
TPSAB1,3.3000707382991425
TPSB2,0.9125666600651356
TPSD1,0.001022006524299617
TPST1,17.369450643937128
TPST2,29.72415989689277
TPTE,0.0002666306037361673
TPTE2,0.0002721376127025933
TRAF7,67.75934506694065
TRDMT1,0.0011939114424514652
TREH,0.00033778912901106633
TREX1,2.8036719109978283
TREX2,0.35820963087356655
TRHDE,0.0009126662629067217
TRIB3,4.6838237060813075
TRIM11,11.774966468423436
TRIM32,1.252263351801695
TRIM33,4.862423543232972
TRIM63,0.004710426534080046
TRIO,1.058717507585305
TRIP12,7.4542552350140525
TRIT1,14.562307620292595
TRMT1,3.8973491537193152
TRMT11,2.0639605579773574
TRMT1L,4.714818205222397
TRMU,5.210924425213734
TRPM6,0.0031163858176067186
TRPM7,3.7400561328178688
TSSK1B,0.0028959244451811344
TSSK2,0.0231714118888251
TSSK3,0.5410763579856195
TSSK4,0.20120494371188008
TSSK6,0.8703220274836353
TST,117.6355239541525
TSTA3,635.2556001581214
TTC3,7.942182767832103
TTK,0.439260213939176
TTL,0.9971859495507518
TTLL10,0.03947715065930122
TTN,0.0033475240520307163
TUSC3,1.5333662465896372
TUT1,0.3744599142195806
TUT4,0.6950417161591614
TUT7,0.1907089895411479
TXN,7555.5154816766
TXN2,51.8234539766159
TXNRD1,107.20980375616476
TXNRD2,7.472209564895915
TXNRD3,1.41588387957834
TYMP,489.4753978241628
TYMS,138.43976916013975
TYR,0.1046323172264974
TYRO3,1.2804004045835644
TYRP1,0.3239049779474334
UAP1,47.49677438180882
UAP1L1,2.05655398090556
UBA1,951.9843713333299
UBA2,135.80285633231972
UBA3,44.91098124216892
UBA6,290.131628198681
UBA7,2.3439208205540663
UBE2A,69.69100861647865
UBE2B,13.817462480728809
UBE2C,53.23175127612419
UBE2D1,22.55755468370782
UBE2D2,25.400026366719455
UBE2D3,1472.2368531850527
UBE2D4,1.1847973989829215
UBE2E1,46.85122639343006
UBE2E2,0.867631534819802
UBE2E3,12.270853130977049
UBE2F,0.5751933763413638
UBE2G1,29.679291068625346
UBE2G2,4.95313131278767
UBE2H,403.2865771393254
UBE2I,1124.547741985524
UBE2J1,5.415911018746196
UBE2J2,29.574601411844498
UBE2K,345.9401319191762
UBE2L3,938.3589639478854
UBE2L6,28.894153790747115
UBE2M,104.6876228962016
UBE2N,85.22190080665419
UBE2NL,24.574046633331996
UBE2O,3.2057056838507636
UBE2Q1,6.387201256492011
UBE2Q2,3.1064045269432077
UBE2QL1,0.0011958637000794602
UBE2R2,15.412913554988712
UBE2S,19.560591161241323
UBE2T,15.52184290556288
UBE2U,0.023784263818109993
UBE2W,11.995962459764552
UBE2Z,105.55392469507947
UBE3A,14.075974689749017
UBE3B,11.56357422577677
UBE3C,6.317331462107768
UBE4A,0.9050678679574414
UBE4B,4.162365104856923
UBLCP1,91.38903284826358
UBR1,0.39315371630391366
UBR2,1.288245309956478
UBR3,0.029971619938092983
UBR4,8.256901181408603
UBR5,0.7232462743874938
UBR7,49.7730779298749
UCK1,11.364711345621945
UCK2,9.092485070757762
UCKL1,13.628147912897656
UCP1,0.058364989262093596
UCP2,63.44105414830277
UCP3,0.03803082614358714
UEVLD,7.148875676153211
UGCG,44.71244459073757
UGDH,64.23270399760412
UGGT2,1.6272533675991558
UGP2,2334.409724916383
UGT1A1,0.0006456155961133603
UGT1A10,9.135258585068696
UGT1A3,1.0114790584917612
UGT1A4,0.0951329295757727
UGT1A5,0.0006503497314137107
UGT1A6,28.031719028293292
UGT1A7,0.0024318267001310176
UGT1A8,0.6803358166022164
UGT1A9,0.001140337733250659
UGT2A1,0.009519038686035671
UGT2A3,1.2389146853275619
UGT2B10,3.989309558469725e-05
UGT2B11,0.23720441855058141
UGT2B15,0.0018503598607352335
UGT2B17,0.00010659117893262062
UGT2B28,0.0034345599749398908
UGT2B4,0.7544150219594951
UGT2B7,0.0008876178036451747
UGT3A1,7.657935769680803e-05
UGT3A2,0.0494868784154801
UGT8,0.0003792575538901553
UHMK1,15.197749638316704
UHRF1,4.365903022117322
UHRF2,3.3994832284500265
ULK1,13.012166438799298
ULK3,15.657841701076832
ULK4,0.05543379460908681
UMPS,143.42913613939737
UPB1,0.13950778359610072
UPP1,19.535665396303223
UPP2,0.3354345050980549
UPRT,0.49133408111993493
UQCR10,69.17694087032403
UQCR11,178.70988998881072
UQCRB,46.08630813439706
UQCRC1,1761.9550409478818
UQCRC2,4519.2508136553
UQCRFS1,310.1861759245902
UQCRH,83.16664517546745
UQCRQ,37.34562690978778
UROC1,0.3822824415744883
UROD,65.22259515770185
UROS,20.927643353550327
USP1,34.373609809467915
USP10,6.675531718662043
USP11,22.452501543969298
USP12,6.722734117847949
USP13,0.7291870153949895
USP14,132.9140046822162
USP15,4.051885221491238
USP16,26.986620063978823
USP17L2,0.7544524097088302
USP17L22,0.04998256910149056
USP17L30,0.050968258904732194
USP17L5,0.050968258904732194
USP17L9P,0.3354345050980549
USP18,1.9851138078724666
USP19,0.5045071770878211
USP2,0.31037191501182354
USP20,3.491442173992199
USP21,8.839017499103361
USP22,41.20224585564342
USP24,1.4632648052768784
USP25,0.10892821862988664
USP26,0.0001876552638605028
USP28,10.083681097224638
USP29,0.08228852752006045
USP3,0.7715612624411283
USP30,0.1202517830844788
USP31,4.27985588931167
USP32,0.5238951472240744
USP33,15.621902620954465
USP34,21.881864962401472
USP35,0.9625058516673558
USP36,1.195865521864427
USP37,1.425263096754195
USP38,5.208621596787038
USP4,1.5311835685346118
USP40,0.06666380813254008
USP41,0.01834435481333142
USP42,1.516740049182324
USP43,4.924440787576895
USP44,0.0013383007271682839
USP45,0.2155309250789723
USP46,2.131562662125249
USP47,5.199740870851518
USP48,0.4881209882416158
USP49,0.032882294764286266
USP51,0.030319688312875438
USP6,0.02707529480293146
USP7,36.46929581767669
USP8,0.6607032320747683
USP9X,8.19742174766148
USP9Y,3.0076575661947345e-05
UST,1.6578316493792575
UXS1,19.924375479997583
VARS,10.13206953695519
VARS2,6.263219664641017
VKORC1,80.2927456348222
VNN1,0.1445781870343435
VNN2,0.0408248962987255
VNN3,0.06870470374863297
VRK1,287.2850367015066
VRK2,12.258351687846067
VRK3,12.555461372535422
WARS,953.9181345572014
WARS2,16.16248565120758
WDYHV1,6.266534195816778
WEE1,29.636938759138815
WEE2,0.0032305400229500104
WNK1,3.1753923735085485
WNK2,0.604884639504706
WNK3,0.1515083491047688
WNK4,0.026897213876867943
WWOX,1.2007285559011773
WWP1,19.23925930190157
WWP2,0.1398826037554433
XDH,2.322204103638475
XPO6,0.32650513332800596
XPO7,38.478314738482815
XYLB,0.4021637677612775
XYLT1,0.03234133511936844
XYLT2,10.336059140410699
YARS,2707.1149264818328
YARS2,30.200665629119282
YES1,29.612117022582854
ZADH2,4.563863586489516
ZAP70,0.13892079783417366
ZC3HAV1,1.7690742501700412
ZNRD1,0.9967809657973531
ZNRF1,10.532305543882478
ZNRF2,7.44787847874885
ZSWIM2,0.015679988656711358
