A4GALT,46.83375685934247
A4GNT,0.07238840576141224
AACS,132.79536213788376
AADAC,0.0006943206288379276
AADAT,0.6866570276841802
AAK1,17.78325325216037
AANAT,0.0023658338007044185
AARS,317.2844516331658
AARS2,2.5529861113818844
AASDH,2.6504670345665122
AASDHPPT,19.659738670377934
AASS,1.019971114688335
AATK,0.2018594759025105
ABAT,4.1961213817563
ABCA1,31.451370960982448
ABCA3,7.070363553305726
ABCA4,0.003611905039938812
ABCA8,0.7053853072252354
ABCB1,15.77482733205177
ABCB11,0.00013987213941930613
ABCB4,1.7555867331618216
ABCB6,38.42487959683037
ABCC1,1.467285884287071
ABCC11,0.0018722874978759222
ABCC2,3.671267249175496
ABCC3,220.9702893465637
ABCC4,33.11952843932447
ABCC5,1.8318651728249455
ABCC8,0.05536502372092665
ABCC9,2.0146398944895876
ABCD1,4.707304791340875
ABCD2,0.03957217043334593
ABCD3,146.10067296177408
ABCG2,1.2234767085430764
ABCG5,0.015334732309423778
ABCG8,0.026673876708283938
ABHD12,40.053271125326276
ABHD5,2.6785664001986964
ABHD6,10.770828687084165
ABL1,28.900557540647654
ABL2,2.652252197204908
ABO,0.2510032335209171
ACAA1,51.11150713819557
ACAA2,588.9928271573847
ACACA,6.906964973361504
ACACB,1.1641668998430736
ACAD10,9.902094909073634
ACAD11,3.191543628666571
ACAD8,38.13710233118033
ACAD9,369.3270480864141
ACADL,22.816080914619317
ACADM,146.17070634032936
ACADS,59.423750552149585
ACADSB,204.60447842820025
ACADVL,674.7100799533954
ACAT1,208.88821640588645
ACAT2,7.529143288106132
ACE,45.00778739955738
ACE2,58.70982747890336
ACER1,0.003410816594813275
ACER2,1.5743352504904289
ACER3,6.661871901207547
ACHE,0.0595178783115604
ACLY,714.8963399554224
ACMSD,155.6567170913665
ACO1,75.2243329958015
ACO2,109.434554725482
ACOT1,5.0816302533119995
ACOT11,1.1525520625813532
ACOT12,0.0014047785789708244
ACOT13,8.411587702391605
ACOT2,15.612862197124427
ACOT4,5.9762212227416045
ACOT6,0.2690954340816328
ACOT7,55.75313718527341
ACOT8,10.427248844962342
ACOX1,4.819041801446026
ACOX2,5.797368100853647
ACOX3,4.9720759940017345
ACP1,6894.700698575212
ACP2,11.95983133805623
ACP4,0.0036202735317779565
ACP5,65.4716801729012
ACP6,11.86322282611688
ACP7,0.44999467512671487
ACPP,0.05762873795206479
ACSBG1,0.03560121589441586
ACSBG2,0.03651715184071514
ACSF2,2.8642071278339376
ACSF3,3.9444565533133926
ACSL1,247.36156028513773
ACSL3,4.785203985510565
ACSL4,7.175441679673384
ACSL5,3.7721275913106296
ACSL6,0.012651627972503108
ACSM1,0.006753983518737123
ACSM2A,164.59458528420873
ACSM2B,164.83525760817741
ACSM3,5.456080529121585
ACSM4,0.015573722042283846
ACSM5,34.76203728960915
ACSS1,13.217270613178686
ACSS2,36.69300163449687
ACSS3,38.34118772941909
ACVR1,15.742376559833374
ACVR1B,34.39651572779739
ACVR1C,0.055329681493899115
ACVR2A,3.154866848253254
ACVR2B,0.7583333346180116
ACVRL1,40.722683372745806
ACY1,32.89730746539071
ACY3,268.71536491062943
ACYP1,3.042081416302234
ACYP2,3.8188801580444878
ADA,2.483293109904788
ADCY1,0.14190125548035395
ADCY10,0.0020292078021929365
ADCY2,0.013048000750135905
ADCY3,9.324314381931352
ADCY4,1.239907414642473
ADCY5,21.285478802078586
ADCY6,11.84409351959809
ADCY7,5.3576918897392005
ADCY8,2.6686999812181162
ADCY9,14.240122247633439
ADH1A,0.01633265098955657
ADH1B,3.9334690185393706
ADH1C,0.03819585676933694
ADH4,0.0005107347914155651
ADH5,937.6034481104123
ADH6,3.907521648800251
ADH7,0.4732598566564274
ADHFE1,0.7384331620210157
ADI1,188.4404360573613
ADK,8.102281188491467
ADO,19.863016690666328
ADPGK,96.44869065487674
ADPRH,35.19416309121959
ADSL,679.5020056138512
ADSS,155.95406355047922
ADSSL1,520.4968891660063
AFMID,11.881390085416019
AGA,93.67703729087833
AGK,6.254125035912082
AGL,0.7943567718414114
AGMAT,26.409085805840252
AGPAT1,2.4381821969488504
AGPAT2,66.4727471775105
AGPAT3,51.65109395941488
AGPAT4,0.2286206019566051
AGPAT5,8.680015715046029
AGPS,59.74831331100485
AGT,384.0115198172576
AGXT,0.25337198455607707
AGXT2,39.75071919905885
AHCY,9631.861718560245
AHCYL1,45.39121291055119
AHCYL2,4.500936004546665
AICDA,0.021562455377579604
AK1,63.62204907873478
AK2,609.2463899439533
AK3,22.76370821452205
AK4,987.9204665499154
AK5,0.06475975075749411
AK7,1.0585784868723986
AKR1A1,550.4947692358354
AKR1B1,2154.816293479879
AKR1B10,0.014908776940474482
AKR1B15,2.0793115605776
AKR1C1,45.716682031771974
AKR1C2,3.1507169047349195
AKR1C3,200.0486308718606
AKR1C4,0.09464692793473985
AKR1C8P,0.3354345050980549
AKR1D1,0.003429339014990585
AKR7A2,315.21576018173823
AKR7A3,26.490647870357837
AKT1,7.223980787031404
AKT2,1.8928315355536853
AKT3,11.515680470182499
ALAD,505.6370908679169
ALAS1,15.571602266995303
ALAS2,0.02214603233865882
ALB,0.3114969522958644
ALDH18A1,340.7127621295959
ALDH1A1,951.9432865259009
ALDH1A2,0.2626743281266929
ALDH1A3,0.747240623885328
ALDH1B1,52.58599266878061
ALDH1L1,108.63242958982879
ALDH1L2,0.40005465244363064
ALDH2,1314.183166540064
ALDH3A1,0.07523318335572898
ALDH3A2,252.3879445525495
ALDH3B1,53.411711082013156
ALDH3B2,0.07110561810226806
ALDH4A1,52.181622117840405
ALDH5A1,12.455007279915009
ALDH6A1,38.633694179673704
ALDH7A1,18.598305175535017
ALDH9A1,1567.0418916745768
ALDOA,10575.526582007491
ALDOB,589.0211394994215
ALDOC,423.8041083305092
ALG1,2.88472831034302
ALG10,0.9426079259964623
ALG11,2.3195683874732653
ALG12,22.182644354033766
ALG13,4.386417632988041
ALG14,12.978508357703385
ALG1L,0.2222960152150845
ALG1L2,0.3354345050980549
ALG2,110.08343672048849
ALG3,1.6459483045904357
ALG5,68.81471514044948
ALG6,2.550911071027331
ALG8,24.236995799175556
ALG9,5.222455538496136
ALK,0.08918443616557431
ALLC,0.09874098907430014
ALOX12,1.1720865115654064
ALOX12B,0.4538021207513992
ALOX15,0.0016412045925264368
ALOX15B,0.3134721762075676
ALOX5,47.64828957500978
ALPG,2.1334538652401167
ALPI,8.214131727603494
ALPL,69.6173577581683
ALPP,0.000296134824319263
AMACR,439.9477392996311
AMD1,67.43340592004415
AMDHD1,1.7628331764363128
AMDHD2,8.342864488224441
AMFR,0.6222818730573207
AMHR2,0.0028075128416815078
AMN,186.0068931519007
AMPD1,0.11167496795558433
AMPD2,14.504177990997068
AMPD3,13.150120528111703
AMT,9.463309595528697
AMY1A,2.6438139326066277
AMY1B,2.6438139326066277
AMY1C,2.6438139326066277
AMY2A,0.0889939016823485
AMY2B,0.49338759733617843
ANAPC11,44.24349105932143
ANGPTL4,2109.5046115105392
ANKRD1,1.0099250124351802
ANPEP,1513.342488428635
ANXA3,81.85098705578747
AOAH,5.491789474193367
AOC1,0.022327631781835014
AOC2,0.04898780604764477
AOC3,16.014764578951443
AOX1,89.45074247083245
APOA1,12.952897432165507
APOA2,180.33762034675766
APOA5,0.0005291080248966486
APOB,0.1517765266450636
APOC1,445.92828193226615
APOC2,27.211319250515267
APOC3,46.87519708233557
APOE,1599.6951320044084
APRT,1024.2622308319424
AQP1,2500.32966348608
AQP10,0.0037868645526527175
AQP2,0.0008558977622533142
AQP3,336.77529475467264
AQP4,0.7540873586296674
AQP5,0.0015994117533075995
AQP7,2.0806438847196773
AQP8,0.0797973813681842
AQP9,1.1857438492648547
ARAF,1.497876196805269
ARCN1,302.91565687011104
ARG1,0.008215351111489121
ARG2,32.31947731720709
ARSA,16.599225643610293
ARSB,10.906243022320147
ART1,0.009964029118687677
ART3,0.006646024541647812
ART4,1.456218661663814
ART5,0.3274056540778551
AS3MT,0.03249975514172304
ASAH1,261.61238906035953
ASAH2,0.014691700691984503
ASH1L,0.021817444445366745
ASL,482.62771612786844
ASMT,0.0566304971118221
ASNS,118.763772399215
ASPA,11.067423099805643
ASPG,39.19942333139826
ASPH,278.46986544357264
ASRGL1,65.2286730735435
ASS1,473.3268593790096
ATE1,12.344899063464474
ATIC,489.3414688135511
ATM,1.1138062443848045
ATP10A,1.5670352786376103
ATP11A,185.4157883801382
ATP11C,6.3548630326099556
ATP1A1,108.17995383899843
ATP1A2,0.6248113819649592
ATP1A3,0.005985516186522155
ATP1A4,0.0005113045354968833
ATP1B1,3420.0902419881854
ATP1B2,1.2040181492861266
ATP1B3,36.454726457280806
ATP1B4,0.0019506687716306453
ATP2B1,16.615044865310004
ATP2B2,1.3082517352228138
ATP2B3,8.740946280321733e-05
ATP2B4,40.59951971174679
ATP4A,3.7675709576044514
ATP4B,0.003872536524837616
ATP5F1A,124.53265572432873
ATP5F1B,167.30632217246165
ATP5F1C,21.50971022167614
ATP5F1D,155.46511749348954
ATP5F1E,125.55773209538297
ATP5MC1,4.311892001287344
ATP5MC2,2.868050998110428
ATP5MC3,5.997867959791037
ATP5ME,117.38991896387836
ATP5MF,1.481717785000078
ATP5MG,179.57272888452187
ATP5MGL,23.718922705117464
ATP5PB,5.524565248774745
ATP5PD,6.7181129554220975
ATP5PF,4.959033242795014
ATP5PO,42.13932100131758
ATP5S,0.3354345050980549
ATP6V0A1,2.8243666739621145
ATP6V0A2,0.6061883866611385
ATP6V0A4,0.010201470523056849
ATP6V0B,308.0640799772393
ATP6V0C,553.4070025940658
ATP6V0D1,669.2705246063721
ATP6V0D2,0.6388601568753755
ATP6V0E1,775.2633070391207
ATP6V1A,269.0507570820563
ATP6V1B1,0.11936739107756739
ATP6V1B2,971.9911612002601
ATP6V1C1,33.886043607888936
ATP6V1C2,0.04610696667018585
ATP6V1D,75.81604041909429
ATP6V1E1,175.03205048910473
ATP6V1E2,0.24730628836351795
ATP6V1F,65.55177032095003
ATP6V1G1,65.8676421351901
ATP6V1G2,0.006208873501091717
ATP6V1G3,0.2330917175245828
ATP6V1H,28.32389139133669
ATP7A,4.258906558893563
ATP7B,3.3012894481812824
ATP8A1,6.589507418872616
ATP8B1,4.62520730213415
ATP8B2,3.5768590343618856
ATR,0.02816940400620192
AUH,7.198032725413745
AURKA,0.024912489731072657
AURKB,0.6326194740661478
AURKC,0.15459997792258207
AWAT1,0.0633604788899994
AWAT2,0.0004603007595779566
AXL,0.20356623977967556
AZIN2,0.7963414524148358
B3GALNT1,28.617968868951106
B3GALNT2,2.1840379306177926
B3GALT1,0.00044663034359078137
B3GALT2,0.049096121079188
B3GALT4,0.5198106067812213
B3GALT5,0.015365873438815625
B3GALT6,8.729626969543308
B3GAT1,0.030774459164423847
B3GAT2,0.18502305591754267
B3GAT3,9.896756246677098
B3GLCT,0.7866139610071975
B3GNT2,57.42995392270959
B3GNT3,6.359247036357101
B3GNT4,6.231225066960412
B3GNT5,9.955899255982601
B3GNT6,0.0018272233346956531
B3GNT7,1.0354536702724166
B3GNT8,0.3541795126862755
B3GNT9,12.130853729211692
B3GNTL1,0.5436315018388826
B4GALNT1,6.68097039954691
B4GALNT2,5.013450296390078
B4GALNT3,0.1694353254111155
B4GALNT4,0.006651683817824348
B4GALT1,234.99458835154803
B4GALT2,26.418453871547385
B4GALT3,22.102744126922072
B4GALT4,20.427150492075207
B4GALT5,59.09926281380016
B4GALT6,0.12774965841060645
B4GALT7,27.57550422271395
B4GAT1,2.277812689362301
BAAT,1.5986724421307446
BARD1,0.9415191913655
BBOX1,500.4076430137132
BCAP31,2155.219338321997
BCAT1,4.077664348497926
BCAT2,19.605873585999564
BCHE,0.05017966754670404
BCKDHA,20.35052437147254
BCKDHB,3.4600847431934634
BCKDK,178.07677098806954
BCO1,0.06461878427195712
BCR,0.521086465743651
BDH1,1.6018745132404728
BDH2,13.831040436230579
BHMT,577.7888084766616
BHMT2,443.2492450745645
BIRC6,3.6593204821493446
BLK,0.030237854330704313
BLVRA,1307.533701495088
BLVRB,2083.9197242654973
BMP1,8.131441865386684
BMP2K,1.095221384311857
BMPR1A,4.110664217304946
BMPR1B,0.008913854882139935
BMPR2,25.263297683060006
BMX,0.1684156415730215
BPGM,16.05353970381701
BPNT1,14.788098175063823
BRAF,1.0117680029037406
BRAP,0.28469406225787963
BRPF1,1.3511987690142158
BRSK1,0.1178281924070829
BRSK2,0.0011783122494244602
BSCL2,1.7359284866579257
BSG,116.02631405157386
BTD,24.407619953757198
BUB1,0.4795079695711495
BUB1B,0.05614018435816346
C1GALT1,9.339663534183853
CA1,0.003977573003471615
CA12,947.7868140390984
CA13,17.05670085528909
CA14,0.13985212501493538
CA2,75.44167728636135
CA3,2.0043091121397083
CA4,36.73970642896396
CA5A,0.009502579637895147
CA5B,0.4585282410706534
CA6,10.425839500790367
CA7,0.1495136882661207
CA8,0.016038321970011506
CA9,1891.9151382498464
CAD,24.432256991082117
CALM1,497.14048231157904
CAMK1,15.784723368736218
CAMK1D,3.2171068422560687
CAMK1G,0.13714649459663986
CAMK2A,0.0006764911094731036
CAMK2B,0.08309988080036403
CAMK2D,295.48970555852287
CAMK2G,6.729676702194774
CAMK4,0.1109978211679559
CAMKK1,3.7523903948686606
CAMKK2,10.90142627409096
CANT1,27.077400296116352
CARM1,9.704514352849515
CARNS1,0.0286202500153805
CARS,17.771228290882874
CARS2,17.92859825078625
CASK,21.641380162179452
CAT,373.50848837930187
CBLC,0.14806361517607136
CBLL1,7.651376156710906
CBLL2,0.027434690025870352
CBR1,165.6948286508048
CBR3,63.60782566486869
CBR4,57.7672706226274
CBS,0.5650296319191471
CBSL,0.3354345050980549
CBX1,93.92177548426214
CCNB1IP1,25.410853124658868
CD36,57.336194511377705
CD38,0.5506220145351611
CDA,71.89116772935346
CDC14A,0.6521512350633607
CDC14B,6.315164570560196
CDC25A,0.058372414986857996
CDC25B,6.853266219839589
CDC25C,0.05894057510216677
CDC34,4.519995001692203
CDC42BPA,3.0656211894525316
CDC42BPB,4.1343384010566755
CDC42BPG,0.8590908145806944
CDC7,0.7776541475111942
CDIPT,217.4752269911473
CDK1,1.7315098007540382
CDK10,55.519039529135476
CDK11A,1.0841393231553778
CDK11B,3.7641440100154466
CDK12,5.2779469885428645
CDK13,6.398815905477962
CDK14,9.361580598864526
CDK15,0.07488067490928031
CDK16,24.71338793498329
CDK17,10.115656674052387
CDK18,388.34773622197406
CDK19,15.679709892063117
CDK2,13.689934612336126
CDK20,6.569114744026919
CDK3,1.5727061588340354
CDK4,14.672453905568439
CDK5,21.57700347978667
CDK6,10.300204690374516
CDK7,51.95878426494442
CDK8,6.687740734252387
CDK9,30.45392813436839
CDKL1,6.112743264605285
CDKL2,1.9581408334534964
CDKL3,0.42119651508381095
CDKL4,0.0007198777304918951
CDKL5,1.815006418770126
CDKN3,1.613275388379579
CDO1,0.3485056877187837
CDS1,8.93573340657714
CDS2,27.576230583633134
CDY1,0.256335927830294
CDY1B,0.256335927830294
CDY2A,0.04923577690024244
CDY2B,0.04923577690024244
CEL,0.005413572180355603
CEPT1,9.082589774630073
CERCAM,27.182956436774457
CERK,30.979603695166915
CERS1,0.0005922051070788841
CERS2,1082.9636759664654
CERS3,0.00018878803498375868
CERS4,32.98662414019347
CERS5,38.21898568391691
CERS6,8.46034688134893
CES1,5.4913447917425575
CES2,201.58695600312532
CES3,24.083022016958886
CES5A,0.03703753789261324
CFTR,0.013689964164345281
CH25H,1.904696079228351
CHAT,0.014545141103376102
CHD9,6.053675971994734
CHDH,15.458729486030993
CHEK1,0.765464500481619
CHEK2,1.6049255010276464
CHFR,4.334867404675557
CHI3L1,2.941305715774506
CHIA,0.34819723870797287
CHIT1,6.58797600494436
CHKA,1.1065311610065953
CHKB,0.02626004742629896
CHMP4A,67.17789195863253
CHPF,55.898415973675604
CHPF2,20.81904042648296
CHPT1,83.25757004977183
CHST1,0.26553235468326714
CHST10,3.004150731653278
CHST11,6.411655686791841
CHST12,8.320909151909362
CHST13,15.197104391447981
CHST14,2.795230254904997
CHST2,3.289029338458992
CHST3,4.44925428112011
CHST4,0.0011295254157747648
CHST5,0.0012387172209348096
CHST6,0.00041076667268958027
CHST7,1.3089622389980846
CHST8,0.0008077051505700635
CHST9,13.862519655802634
CHSY1,26.549678032159594
CHSY3,1.2975443033326044
CHUK,1.8806692918533314
CHURC1-FNTB,0.0002920813140296735
CIDEA,0.3261466052049245
CINP,1.3936485657685773
CIT,10.323829143708087
CKB,77.31293772946279
CKM,0.005096175142255275
CKMT1A,0.003004580140555822
CKMT1B,1.8693742925614412
CKMT2,0.039479750557743554
CLC,0.3858275001479537
CLCF1,3.6667591759146823
CLK1,0.6146972241363021
CLK2,4.8032898973371445
CLK3,0.8166488449566139
CLK4,0.39888737293356347
CLOCK,4.5157277096250015
CLPS,9.828993754263943
CLTRN,0.5786685643266595
CLYBL,3.5289663351581986
CMA1,0.34063412469524484
CMAHP,0.8700337536142205
CMAS,33.424031610214975
CMPK1,1117.5939724183818
CMPK2,2.908194614637727
CMTR1,4.115778316984253
CNDP1,0.21660710666097047
CNDP2,1206.7213650055921
CNOT4,4.872538967516288
CNP,24.21343583508956
COASY,647.3040519677448
COL4A3BP,4.217505999756215
COLGALT1,4.827811645801103
COLGALT2,0.08819212596505183
COMT,122.8135318403252
COMTD1,425.8474628071631
COP1,0.4785008438550989
COPA,316.29473724758367
COPB1,313.02213379505804
COPB2,99.38118146706181
COPE,672.0232811138052
COPG1,197.59685907335324
COPG2,87.98872972530563
COQ2,5.85589397734969
COQ3,1.74911793390989
COQ5,4.814848895646557
COQ6,12.224058689389121
COQ7,0.34599584069812944
COX1,7.766401376158287
COX17,13.459062726685449
COX2,5.3369352212394165
COX3,0.33446363282071023
COX4I1,1336.1384428039253
COX4I2,10.741717782909118
COX5A,237.84218642168048
COX5B,835.298638562258
COX6A1,13.379568009756284
COX6A2,0.7612102341787341
COX6B1,121.69925598180754
COX6B2,0.007031469567426349
COX6C,123.61479919183083
COX7A1,30.442863119561654
COX7A2,36.6859038606526
COX7A2L,265.0793524790631
COX7B,456.00555441177784
COX7B2,0.3354345050980549
COX7C,459.1877790936999
COX8A,1052.2143959393366
COX8C,0.0177769633893433
CP,11.05295432030372
CPA1,0.0008243817117588799
CPA2,0.0009171835338810317
CPA5,0.0004753610264092312
CPA6,0.09240012954507414
CPOX,41.92862525262257
CPS1,0.032045659422858405
CPT1A,0.35457903015521647
CPT1B,0.8049183751142308
CPT1C,0.33322215600208643
CPT2,140.2947889155457
CRAT,21.19008614525157
CREBBP,0.16911792995382632
CRLS1,16.131606586730182
CROT,10.048439550700007
CS,3399.0298045571203
CSAD,0.6228192657800278
CSF1R,90.62236339914654
CSGALNACT1,2.3588285296505784
CSGALNACT2,9.47197566142402
CSK,30.264980238086732
CSNK1A1,86.555568828784
CSNK1A1L,0.08378804708445488
CSNK1D,58.46416032194482
CSNK1E,2.0923793817391787
CSNK1G1,3.86352508496707
CSNK1G2,25.651808020023765
CSNK1G3,6.692755827200653
CSNK2A1,463.29441428015195
CSNK2A2,355.5999098327185
CSNK2B,72.47201194565069
CTBP1,92.99725914157845
CTDP1,1.140064036904789
CTDSP1,248.8064180323347
CTDSP2,166.98043565415446
CTDSPL,18.812999824467568
CTDSPL2,3.7394546213164626
CTGF,0.3354345050980549
CTH,0.7352032557246484
CTPS1,0.2774814774265704
CTPS2,2.8414814010283247
CTSA,428.461099555531
CTSB,5597.897151330017
CTSC,76.15653400492621
CTSD,17235.847882096477
CTSE,0.010854824695441202
CTSF,187.09105727689152
CTSG,4.12267823444212
CTSH,362.53982616812635
CTSK,22.425681098701837
CTSL,22.309476873829027
CTSO,90.0601653900533
CTSS,99.35347121713404
CTSV,0.5139622638412911
CTSW,3.3079706221583725
CTSZ,45.671704022583384
CUBN,197.95613359373414
CWC27,9.717152921269252
CYB5D1,14.094978308159135
CYB5R1,120.94016319977945
CYB5R2,0.48349513543502604
CYB5R3,6317.526675772405
CYBB,110.66686701637342
CYBRD1,44.721911879551
CYC1,562.7077228315825
CYLD,4.2989517824932335
CYP11A1,0.01642670188861994
CYP11B1,0.8426372984421979
CYP11B2,0.00028595834878570957
CYP17A1,0.07063732364926348
CYP19A1,0.000764152035847233
CYP1A1,0.00724177975838983
CYP1A2,4.881250664873969
CYP1B1,15.461502068990503
CYP21A2,0.0024668713648869148
CYP24A1,0.03282216285745325
CYP26A1,0.09617622446888627
CYP26B1,0.9651382281473974
CYP27A1,145.3221533082377
CYP27B1,0.2551252300700346
CYP2A13,0.04638837469548625
CYP2A6,0.05377674440315811
CYP2A7,0.0011411435113770846
CYP2B6,0.16048445873268574
CYP2C18,0.0009776836484277492
CYP2C19,0.1750227487879086
CYP2C8,0.019083296793992986
CYP2C9,0.009774095094073083
CYP2D6,0.01408379316711602
CYP2E1,0.01941525362129687
CYP2F1,0.0005748813323786387
CYP2J2,171.83879772248574
CYP2S1,0.8532199029577178
CYP2U1,3.705601530738174
CYP39A1,8.873771179281746
CYP3A4,0.011891397395120148
CYP3A43,0.007813856520673092
CYP3A5,4.179066582213636
CYP3A7,0.04180226883624925
CYP46A1,0.04479340367084917
CYP4A11,127.78019321140593
CYP4B1,0.09457937549720988
CYP4F11,0.0011617130645066181
CYP4F12,0.0029946742097658173
CYP4F2,0.001982960607336824
CYP4F22,0.010048376302081377
CYP4F3,0.07239885939895192
CYP4F8,0.0005401713834823159
CYP4V2,33.054504453111754
CYP4X1,0.9062129413824794
CYP4Z1,0.005749354382452269
CYP51A1,122.05663043352143
CYP7A1,0.0008172241263573279
CYP7B1,6.80935338960848
CYP8B1,0.9416928291771354
CYTB,10.283962318241796
DAD1,1032.4245132694125
DAGLA,0.5031560823379034
DAGLB,6.479163299465854
DAO,1.2881621153339826
DAPK1,31.147276280452477
DAPK2,0.28935633820115086
DAPK3,3.4404462848292345
DARS,13815.47045305841
DARS2,8.366093490570048
DBH,0.027539404303027003
DBI,110.13889142874311
DBT,3.031095163277023
DCK,15.28756304993849
DCLK1,9.64146637469346
DCLK2,0.6325128183900519
DCT,0.024835023060695224
DCTD,29.69662436709012
DCTPP1,62.13147291166844
DCXR,49.55905163877939
DDAH1,512.5279675563976
DDAH2,9.857092247216464
DDC,46.36828643416036
DDO,12.594171378563802
DDOST,1252.651030177675
DDR1,9.67199738088477
DDR2,5.82010756248782
DECR1,162.12917543995965
DECR2,41.061292934008456
DEGS1,29.6090735639609
DEGS2,1.6090562623573266
DERA,196.13878179387797
DGAT1,5.6321817370480405
DGAT2,0.1276951973492622
DGKA,1.422947653483729
DGKB,0.003460137953698236
DGKD,4.475468831510934
DGKE,0.6137725474367272
DGKG,0.47685907399046057
DGKH,1.0265224752697817
DGKI,0.34762975775840577
DGKQ,1.7595190621059247
DGKZ,4.3697527247445365
DGUOK,20.81891756511069
DHCR24,6.196608204980138
DHCR7,11.770217626154714
DHDH,58.07802403182125
DHFR,280.8836604128634
DHODH,5.257750387518986
DHRS2,0.024943329458906767
DHRS3,276.64766308588406
DHRS4,352.1256454336609
DHRS9,0.11312742486215362
DIO1,0.026674945276035294
DIO2,0.7579210170478488
DIO3,0.027555918172112937
DLAT,637.3625730913765
DLD,1285.5126575718439
DLST,256.8713398711616
DMGDH,73.67845087862746
DMPK,3.9712923325564558
DNAJC6,5.072306818783572
DNMT1,5.541928494410444
DNMT3A,1.7195908614730393
DNMT3B,0.18148151761669293
DNMT3L,0.016086755295739504
DOLPP1,4.315258538598898
DOT1L,1.2871372273987356
DPAGT1,23.51498655462069
DPEP1,74.14253419617448
DPEP2,2.4078378813668153
DPEP3,0.01826031202242159
DPH5,88.91605383106325
DPM1,738.2660207052282
DPM2,24.13987501851312
DPM3,20.8335506222559
DPYD,11.028165642940877
DPYS,67.26128125526655
DPYSL2,5874.5064687948725
DPYSL3,63.875257385606155
DSTYK,6.021913329937676
DTYMK,19.25924827107753
DUOX1,0.08775270188013928
DUOX2,0.051593635016020385
DUPD1,0.11783200419515537
DUSP1,4088.122906301744
DUSP10,1.2082129521277623
DUSP11,25.86182813795083
DUSP12,5.47197619903066
DUSP13,0.0005716561415287849
DUSP14,1.4416882522328216
DUSP15,0.9544609216797255
DUSP16,6.867257051956869
DUSP18,1.346959864902159
DUSP19,0.36798216365188335
DUSP2,1.7516624259121156
DUSP21,0.08186674790155296
DUSP22,17.861484729251373
DUSP23,445.5060810131679
DUSP27,0.04833745111799429
DUSP28,0.517624631342094
DUSP3,629.0981074887414
DUSP4,0.5424232707558171
DUSP5,6.205609870971936
DUSP6,51.19617530982232
DUSP7,5.90416977407751
DUSP8,0.8228496710007239
DUSP9,1.123297719608494
DUT,229.18144042204327
DYRK1A,9.427743988490128
DYRK1B,11.032528707037288
DYRK2,7.397148964944388
DYRK3,4.18408390561983
DYRK4,9.076013701099214
DZIP3,2.7146029358044683
EARS2,1.505619020293146
EBP,504.4330079098162
ECH1,927.9121350499963
ECHDC2,50.321208788422325
ECHS1,500.0762938571813
ECI1,134.8086835962612
ECI2,142.18081177964652
EGFR,8.583364990888704
EHHADH,146.01071272662256
EHMT1,0.5889591969371425
EHMT2,0.16333248265013636
EIF2AK1,49.16154546276877
EIF2AK2,34.61379961445819
EIF2AK3,3.3391499822704387
EIF2AK4,0.44696345891281797
EIF4EBP3,10.789516981562093
ELOVL1,12.464381765622432
ELOVL2,0.0912611649726676
ELOVL3,0.0047067161472287376
ELOVL4,0.10273187278131206
ELOVL5,1.8152512825983476
ELOVL6,1.4479262855945747
ELOVL7,45.16900943398844
ELP3,2.3124967246428696
ENGASE,1.1448165511496637
ENO1,10604.824495612294
ENO2,228.06625808336557
ENO3,8.394858427092332
ENOPH1,204.63907745104115
ENPP1,1.399661555554254
ENPP2,383.6851673223953
ENPP3,104.54663239853653
ENPP6,0.016341803999277097
ENPP7,4.69966080345724
ENTPD1,10.033862414183313
ENTPD2,10.079764876859786
ENTPD3,0.0032805443255494583
ENTPD4,2.744831481977756
ENTPD5,37.34007563304602
ENTPD6,31.7500663492008
ENTPD8,0.07037087293097047
EP300,2.3979078481270895
EPHA1,0.5871775811587852
EPHA10,0.0015049202521498404
EPHA2,1.7127467365219913
EPHA3,0.5188467726358745
EPHA4,4.0708919538867
EPHA5,6.724024978535836e-05
EPHA6,0.02372628873474117
EPHA7,16.24226337688707
EPHA8,0.0005856966829254401
EPHB1,0.03639822477999101
EPHB2,0.10774123506821408
EPHB3,0.7578971573369117
EPHB4,1.1079400752259783
EPHB6,1.8253430150446937
EPHX1,131.30777022841514
EPHX2,20.369249149844084
EPM2A,3.8138771678447076
EPRS,52.33758834365406
EPX,0.004466735968328039
ERBB2,0.9020227023414792
ERBB3,102.98239014498367
ERBB4,0.005411569433355245
ERN1,1.3543521806794534
ERN2,0.0010571117917996605
ESD,2690.560390465429
ETFA,4000.64775051509
ETFB,2932.3450286818675
ETFDH,30.51398722482949
ETNK1,11.022569702998508
ETNK2,16.818123491976685
ETNPPL,1.3663166774328985
EXT1,26.272970439742245
EXT2,59.93414250813796
EXTL1,0.06893045781233047
EXTL2,9.110599847803934
EXTL3,7.990607079580982
EYA1,0.002086778639363424
EYA2,1.0464818767160127
EYA3,1.3731837495240982
EYA4,0.04332958358521202
EZH1,15.494678609197365
EZH2,0.027137963484488638
F13A1,437.09245474679807
F13B,0.952082265681838
F2,0.032174225122910634
FAAH,40.383287942914635
FAAH2,3.587822109225265
FABP1,4.640641090204032
FABP12,0.07361943011456162
FABP2,0.0004231795500842945
FABP3,158.1110519433081
FABP4,0.9726302760250198
FABP5,92.87293903988243
FABP6,4.1250530459015415
FABP7,1.326513576354211
FABP9,1.0553661478381027
FADS1,9.773235904755206
FADS2,2.625950671603673
FADS3,0.6983296549143378
FADS6,0.0004842436474476107
FAH,103.48790408548801
FAM20B,9.535609092930015
FANCL,3.3062155739072185
FAR1,16.439801880203618
FAR2,5.012527693261589
FARS2,3.1743114938388555
FARSA,1123.0230968889075
FARSB,1.8849011395527446
FAS,15.748464707592477
FASN,4.2558672393178565
FASTK,33.90698216508941
FAXDC2,0.014854582046724449
FBP1,52.99241155541179
FBP2,0.06611828766812201
FDFT1,29.96522605113851
FDPS,79.35504517802107
FDXR,17.96602925672564
FECH,4.819669272278173
FER,1.7710379781492371
FES,9.281480706613756
FGA,80.8452539415836
FGFR1,16.578900712763616
FGFR2,23.93447683943447
FGFR3,21.897120565115188
FGFR4,26.31662758961106
FGGY,15.3179012552598
FGR,2.5999807483261987
FH,611.2874202490043
FHIT,7.217188525384958
FHL2,11.319939701771178
FIG4,10.829897244577559
FITM1,0.04714385799737836
FITM2,4.211209157942409
FKBP10,39.18331686313565
FKBP11,7.817321436078216
FKBP14,3.5625586108116507
FKBP1A,427.8276773569211
FKBP1B,2.176575257683884
FKBP2,957.0409882104424
FKBP3,565.3202196381413
FKBP4,259.94502597813283
FKBP5,1.1734828319028194
FKBP6,0.0345624960497994
FKBP7,14.334436131970007
FKBP8,48.66142963556627
FKBP9,154.2805293501501
FKBP9P1,0.3354345050980549
FLAD1,3.656163070880021
FLT1,99.20931710891531
FLT3,0.012410738403160062
FLT4,6.5196154298263
FLVCR1,1.115144715307696
FMO1,86.71619034699444
FMO2,41.763131636213124
FMO3,20.938206171991954
FMO4,5.938161545952649
FMO5,5.914528428974516
FMO6P,0.003531858591232607
FN3K,30.419334957415785
FN3KRP,36.72567222773865
FNTA,80.07744370277227
FNTB,0.4298688538751948
FOLR1,174.928751644991
FOLR2,159.14983969230866
FOLR3,0.008978188952033438
FOSL1,0.7400007944850183
FPGS,1.4803932009218785
FPGT,5.606291504355314
FRK,4.256284832331939
FRMPD2,0.0359175565032904
FTCD,32.950419499698164
FTMT,0.3764543508002139
FUCA1,706.6922842210303
FUCA2,139.66026944106156
FUK,9.170584475829125
FUT1,0.44699474814108564
FUT10,1.5915871443925318
FUT11,43.19694549051714
FUT2,0.01147437481822004
FUT3,0.7004332957483652
FUT4,2.0227520412281312
FUT5,0.024578286595343012
FUT6,18.8141213025532
FUT7,0.026733259892644266
FUT8,0.4854653266333709
FUT9,0.07917572773881386
FYN,58.58278286184719
G0S2,31.402889930576478
G6PC,5.743379243423291
G6PC2,0.020220135421932482
G6PC3,45.63847925363518
G6PD,181.8692418617972
GAA,189.42814057907285
GAD1,0.10865525519376058
GAD2,0.0030300910188962482
GAK,2.0538008611406986
GAL3ST1,301.1822446075543
GAL3ST2,0.0008077051505700635
GAL3ST3,0.025542148675268165
GAL3ST4,17.27324581620836
GALC,49.12208578642465
GALE,61.67756276237708
GALK1,315.00138838713804
GALK2,62.17730004433554
GALM,34.85472876434469
GALNS,10.03758879609544
GALNT1,66.27415301340791
GALNT10,0.6113153475394423
GALNT11,359.69450356203265
GALNT12,4.273173167731053
GALNT13,0.00030153184684637255
GALNT14,269.7188509958504
GALNT15,0.0116113720313577
GALNT2,72.19002653736672
GALNT3,1.76523121969546
GALNT4,0.10351990771740228
GALNT5,0.2507391465996748
GALNT6,0.9058005602246889
GALNT7,0.2946832850962505
GALNT8,0.0004568178549576612
GALNT9,1.089438722796988
GALNTL5,0.43999999999999995
GALT,21.16256311976844
GAMT,34.26957718414587
GANC,2.41805128118348
GAPDH,46530.389633861385
GAPDHS,0.07777633352340178
GARS,175.7975086321448
GART,74.77751322853597
GATM,622.4783787074281
GBA,47.77310081269055
GBA2,21.334159688782698
GBA3,254.39980399004912
GBE1,40.36457970009507
GBGT1,3.905309770266112
GC,0.026974537271989077
GCAT,60.82218911184961
GCDH,9.871169095139237
GCH1,2.825212530852766
GCK,0.002053249421694395
GCLC,11.219357330936866
GCLM,55.050626862984245
GCNT1,0.7460167766806565
GCNT2,5.261835437416059
GCNT2P,0.3354345050980549
GCNT3,2.203996467452464
GCNT4,0.04408075963566519
GCNT7,0.003686401281151988
GCSH,0.3982797070793013
GDA,17.267671090504855
GDE1,19.108122980697853
GDPD2,0.10798610963714372
GFPT1,239.81429076874667
GFPT2,0.5020632051620642
GGCT,11.715739245044883
GGH,39.1067277575236
GGPS1,583.3722033898883
GGT1,153.05064985613453
GGT2,1.2557625587889092
GGT3P,1.8312299586784093
GGT5,13.536892403308784
GGT6,0.1997387876058731
GGT7,17.737556065030844
GGTLC1,1.1461982841269236
GGTLC2,3.587288884737974
GIF,0.3354345050980549
GK,7.33675788372325
GK2,0.9456388863331135
GK3P,0.5741704096675163
GLA,25.48630226395828
GLB1,42.81784175628403
GLB1L,45.21266628563781
GLCE,0.5726966169916764
GLDC,0.7330234305253082
GLIPR1,14.99345226108377
GLO1,1933.4320245361946
GLRX,559.8918924192291
GLRX2,4.334313142270391
GLS,236.81975986247494
GLS2,0.41366691573408515
GLT6D1,0.06930364432416915
GLT8D1,1.1782106787163755
GLT8D2,2.3990914095442792
GLTP,23.19488734020411
GLUD1,2276.6025455032495
GLUD2,414.97531503218346
GLUL,26.182867141785906
GLYAT,50.9528641310049
GLYCTK,1.4481844264202577
GM2A,102.08333089576831
GMDS,106.7091836074905
GMPPA,15.820349587097638
GMPPB,193.30541495369386
GMPR,2.6143198842840554
GMPR2,110.78491933379051
GMPS,186.4028330691762
GNE,11.529660714956249
GNMT,0.00971264088514178
GNPAT,48.660459986958124
GNPDA1,79.25104283774881
GNPDA2,11.326192358799904
GNPNAT1,44.57914321212217
GNPTAB,21.614052927198756
GNS,80.43567683515877
GOT1,5432.804518244146
GOT2,1647.5977830549305
GPAA1,170.03066196892382
GPAM,0.1374117201620276
GPAT2,0.2412151055635846
GPAT3,0.6582069289240687
GPAT4,1.352005973421296
GPCPD1,5.969256048413964
GPD1,10.746607873718792
GPD2,125.87559704186548
GPHN,11.015689470852786
GPI,5692.872554130852
GPIHBP1,1.0094760633350601
GPLD1,0.05198320900325805
GPT,6.455155716786766
GPT2,4.691947912451638
GPX1,181.1760141898004
GPX2,0.01944001674907794
GPX3,15736.18735448931
GPX4,237.80019867742587
GPX5,0.793289329058847
GPX6,2.01032323162201
GPX7,19.242677922697574
GPX8,12.777942266588553
GRHL1,0.30259458138467704
GRHPR,255.8770527035004
GRK1,0.11699235770509935
GRK2,4.014622265826703
GRK3,1.2623639556998993
GRK7,0.0006140261589231
GSR,287.8705430267983
GSS,410.1739121717766
GSTA1,885.2067135792712
GSTA2,227.93808692698695
GSTA3,0.1400830489469511
GSTA4,33.961501066226916
GSTA5,6.250713539945488
GSTK1,367.14332079676467
GSTM1,14.683721930640266
GSTM2,4.267441130768577
GSTM3,135.88825598425083
GSTM4,27.733732864525468
GSTM5,15.859356872187968
GSTO1,1749.4104848324487
GSTO2,9.133199771926412
GSTP1,7917.920966062414
GSTT1,116.5839260922899
GSTT2,0.35023928528509707
GSTZ1,9.133886068112016
GTF2F1,11.02241312592321
GTF3C4,1.73477236354989
GUCA1A,0.13172683397123794
GUCY1A1,2.9663227089166733
GUCY1A2,1.5236682270309123
GUCY1B1,1.0453859436592674
GUCY1B2,0.001378542429742817
GUCY2C,0.38900384920523273
GUCY2D,0.019766116271687745
GUCY2F,0.00020368257327865047
GUK1,425.70690168608274
GUSB,11.28956909207909
GYG1,23.81143421744928
GYG2,0.21954926994215976
GYS1,118.09822464866028
GYS2,0.005532591213389235
H6PD,44.569734291448995
HAAO,78.3190515903836
HACD1,0.6699772991826155
HACD2,3.095013644366691
HACD3,4.330319334841662
HACD4,0.5979568033382378
HACE1,3.449360161916242
HACL1,6.447530563652706
HADH,1615.2211361275408
HADHA,1297.8833552838498
HADHB,200.22188012057947
HAGH,50.60941607050774
HAGHL,0.21033834981682348
HAL,0.008807682907263064
HAO1,0.19763453007540133
HAO2,48.89417413278721
HARS,207.6875882008738
HARS2,20.810289805099252
HAS1,0.00658337478841398
HAS2,0.12575822035544867
HAS3,0.052805060207708705
HAT1,78.78337756341526
HCCS,12.350426085554272
HCK,24.51719380420653
HCST,12.772973534967562
HDAC3,1.2526513312091863
HDC,0.05455521087863084
HDLBP,131.8950122517452
HECTD1,6.486851860391639
HECTD2,1.7135251158791778
HECTD3,2.9319568378112186
HECW1,0.1046428421698854
HECW2,3.1383879558734167
HELZ2,0.16199531088786426
HEPH,5.920954353743491
HERC1,0.3389784010254301
HERC2,0.12018158951934634
HERC3,20.289021300516403
HERC4,14.046004102464657
HEXA,287.9797423894665
HEXB,10.129749080120549
HEXDC,0.3354345050980549
HGD,46.89747959491167
HIBADH,104.45898584622556
HIBCH,31.32814552724743
HIF1AN,12.250018949955384
HIGD2A,14.539141996552814
HIPK1,17.528683465224695
HIPK2,122.99039089278267
HIPK3,57.92204059523417
HIRIP3,0.20913980543861507
HK1,385.69638207738245
HK2,59.146759417930106
HK3,1.9972920945181105
HKDC1,14.24565934755378
HLCS,3.5294878865854087
HLTF,0.11579929468291346
HMBS,53.51572175994779
HMGCL,652.0309231452693
HMGCLL1,0.04941497980400106
HMGCR,7.0485397570950195
HMGCS1,11.82598710930578
HMGCS2,21.089846918921722
HMOX1,2619.088051424685
HMOX2,105.91879677177435
HNMT,51.30494141897648
HPD,0.15571328485316255
HPGD,7.23384245139104
HPGDS,2.588458515082593
HPRT1,490.88732170538174
HS2ST1,18.613892180811877
HS3ST1,5.640905630262232
HS3ST2,19.487352031256744
HS3ST3A1,0.007585654981782998
HS3ST3B1,0.16387410929767127
HS3ST4,0.0006971911751803406
HS3ST5,0.0008752297118734773
HS3ST6,0.3354345050980549
HS6ST1,14.8437042893818
HS6ST2,0.04027513222919355
HS6ST3,0.004761801253468974
HSD11B1,0.1399703231610695
HSD11B1L,4.160283309966607
HSD11B2,89.27209112750309
HSD17B1,4.29104227537132
HSD17B10,93.64471961020487
HSD17B11,316.6515851325783
HSD17B12,667.9281311817971
HSD17B14,39.29160223602217
HSD17B2,0.6739180091284466
HSD17B3,0.024642051358274797
HSD17B4,75.07105261499095
HSD17B6,0.5303220483934669
HSD17B7,9.01768493629077
HSD17B7P2,0.8978723819437407
HSD17B8,0.9266801920736699
HSD3B1,0.8561440324619417
HSD3B2,0.042134513117832055
HSD3B7,60.3837490409289
HSPG2,0.6557864502956582
HTATIP2,54.596979227102025
HUNK,1.9971348779792155
HUWE1,5.141626517654741
HYAL3,0.2677247565287977
HYALP1,0.3354345050980549
HYI,15.133447674791238
HYKK,0.3304860018863759
IARS,1060.4936309461098
IARS2,100.56688515941276
ICK,4.639805086911737
ICMT,29.283231635712035
IDH1,92.43466693697914
IDH2,219.28802544335383
IDH3A,1120.927803252885
IDH3B,246.27827692458115
IDH3G,121.18791997706931
IDI1,21.839864737487517
IDI2,0.9632904546650056
IDO1,15.952654380264812
IDO2,0.0650322570798734
IDS,64.54944237505566
IDUA,2.337769030941591
IGF1R,31.369644521627837
IKBKB,8.291082747505847
IKBKE,1.0185743769049311
IL4I1,1.651921107910394
ILK,59.74364311063785
ILKAP,12.0853963515475
IMPA1,188.5976526092196
IMPA2,578.8612765150585
IMPDH1,12.749272807854124
IMPDH2,100.51045167771828
INMT,5.372728970833249
INPP1,265.0964114530979
INPP4A,3.2437055977807945
INPP4B,10.799560796244148
INPP5A,15.29303017841405
INPP5B,2.0290954854331424
INPP5D,10.176225856801496
INPP5E,6.901049393403169
INPP5F,0.4409839205388068
INPP5J,0.05434671955711372
INPPL1,7.1311574561155435
INSL3,0.010869168076911278
INSR,81.13527390065877
INSRR,0.1005050945541876
IP6K1,14.448308535346115
IP6K2,7.206164495889564
IP6K3,0.04723317727902552
IPMK,5.0025884593208
IRAK1,72.72108997191158
IRAK2,1.059954645747473
IRAK3,1.0428662333213028
IRAK4,4.019705078447534
IREB2,21.116808783914703
ISYNA1,32.477349848313736
ITK,0.1887499851703728
ITPA,401.5215340754201
ITPK1,36.31628231625011
ITPKA,0.1522123652020764
ITPKB,5.981511995122677
ITPKC,9.681949215688539
IVD,545.2749072091348
JAK1,158.84646014282146
JAK2,3.486761369685552
JAK3,2.080314178946121
JMJD7-PLA2G4B,0.19276672646590834
KALRN,1.1373481533841687
KANSL3,12.712436947081622
KARS,500.25499000178166
KAT2A,4.980860739638028
KAT2B,10.505642218768028
KAT5,31.00054856343481
KAT6A,9.75209802295326
KAT6B,4.288528858120416
KAT7,15.368352376079528
KAT8,11.312966714890257
KCNJ11,0.09492000824436736
KCNJ8,4.05306980351772
KDR,132.76462358877745
KDSR,59.69693803157735
KHK,201.20031641077182
KIT,1.1351741795269354
KL,64.65361532212741
KMO,7.645972248782138
KMT2A,0.1132089503784727
KMT2B,0.3354345050980549
KMT2C,0.02724143815923862
KMT2D,0.256842919373976
KMT2E,0.08892210317369556
KMT5A,0.08744585611927874
KMT5B,0.052531638327043204
KMT5C,0.3350355754164824
KPNA6,46.8834334763619
KYAT1,0.41426786262502635
KYAT3,10.315561941178165
KYNU,5.09971811196522
L1CAM,0.004404405961488752
L2HGDH,4.043078631254597
LALBA,0.09996023381633702
LAP3,1541.4395468111047
LARS,430.388506904643
LARS2,3.2715809842120915
LATS1,0.7450587389155979
LATS2,12.157146218516615
LBR,95.68340354577941
LCAT,0.6778095338696145
LCK,1.7225148379038477
LCLAT1,4.863250950754742
LCT,0.07614615847774416
LDHA,29002.34465418227
LDHAL6A,0.036944509569501106
LDHAL6B,0.006410114715094518
LDHB,1541.4913437089988
LDHC,0.34951256755934396
LDHD,3.2690173278899017
LDLR,0.49045988190296086
LGALS13,0.16621830202908744
LGMN,908.776861637343
LGSN,0.0386710148135522
LHPP,143.4817337198428
LIAS,0.9061211159963535
LIMK1,7.047891326949873
LIMK2,18.980467503431075
LIPA,520.2341524064302
LIPC,11.697907487120455
LIPE,0.24490008595136792
LIPF,1.3406968406403874
LIPG,0.683872125877942
LIPT1,2.3492464569166462
LIPT2,2.939624874963877
LMTK2,7.378339734470859
LMTK3,0.033246660891623994
LOC102724197,0.3354345050980549
LOC286297,0.00012395118076130124
LOC344967,0.11792027011050882
LOX,154.02131528321135
LOXL2,45.61690420520886
LPCAT1,19.5877234165549
LPCAT2,3.7401914198268047
LPCAT3,147.58017869428213
LPCAT4,0.8173738407859468
LPIN1,2.4559732051955363
LPIN2,18.724511408380966
LPIN3,3.342867668499677
LPL,2.543421277042254
LPO,0.0014078998843722243
LRAT,0.6762506399119889
LRP1,6.159229596138554
LRP2,148.7973157226049
LRRK1,0.3204010870081867
LRRK2,49.64975393145049
LRSAM1,7.452541842395118
LRTOMT,0.76797441741434
LSS,38.83549095698397
LTA4H,918.3887341271442
LTC4S,2.954263577626448
LTK,0.012627263397744013
LYN,24.22229048664709
LYPLA1,171.31142387590796
LYPLA2,109.52504331707912
LYZL1,1.4145390562382973
MACROD1,3.7105899942754212
MACROD2,2.245579775290915
MAGEA2B,0.1626710879648594
MAK,0.03266287690373472
MAN1A1,4.535036432676611
MAN1A2,6.230250897260891
MAN1B1,5.035274919756744
MAN1C1,1.8063148840070897
MAN2A1,14.154863119111432
MAN2A2,14.203859140319754
MAN2B1,101.17474040762932
MAN2C1,17.733685582713065
MANBA,42.72272506965446
MANSC1,7.982398074693928
MAOA,630.6729318588514
MAOB,300.5449027883263
MAP2K1,549.019538929521
MAP2K2,99.73809808355459
MAP2K3,12.516381246620776
MAP2K4,29.59308401757314
MAP2K5,9.037797570365273
MAP2K6,3.2054073920891035
MAP2K7,2.023556826683153
MAP3K1,7.783512387419281
MAP3K10,1.8790523772237326
MAP3K11,42.30406847282858
MAP3K12,1.3506916589625058
MAP3K13,4.972366488511696
MAP3K14,1.7488549425079476
MAP3K15,0.05155867720223397
MAP3K2,12.131196387446723
MAP3K20,0.20179825659102824
MAP3K21,0.03839897316107535
MAP3K3,10.50662499565127
MAP3K4,4.788016005900039
MAP3K5,11.319294242995984
MAP3K6,4.043536502845185
MAP3K7,0.7048398017167627
MAP3K8,2.99293977708137
MAP3K9,0.487994461355894
MAP4K1,0.5749822316530075
MAP4K2,2.3604860273343236
MAP4K3,8.229352823206504
MAP4K5,19.116681572695256
MAPK1,1178.704042134032
MAPK10,3.531228556430716
MAPK11,1.921477490210561
MAPK12,5.2607494415847835
MAPK13,45.75292652748419
MAPK14,70.34412299248083
MAPK15,0.14281373945758413
MAPK3,190.76160315227298
MAPK4,0.0010870023175746635
MAPK6,16.651213001500484
MAPK7,3.9430542282982697
MAPK8,17.494691618832586
MAPK9,7.044264281555725
MAPKAPK2,4.139011101262791
MAPKAPK3,20.117742630486198
MAPKAPK5,11.299738512482062
MARCH1,6.581387341486729
MARCH10,0.00066078012247649
MARCH11,0.007982758707868126
MARCH2,43.13124637020028
MARCH3,0.43627177487523344
MARCH4,0.11594200975961791
MARCH5,11.094861706822172
MARCH6,91.00323044782735
MARCH7,48.4285883217247
MARCH8,20.609948119027713
MARCH9,9.18617419352935
MARK1,0.3181523345499295
MARK2,15.826843151490749
MARK3,15.040268210327621
MARK4,6.932727384149892
MARS,64.95090068187734
MARS2,1.618464953960119
MAST1,0.00013373314844532342
MAST2,4.27779927892144
MAST3,3.514519920771788
MAST4,3.445244924415234
MASTL,0.12303289078699843
MAT1A,0.007818196534135218
MAT2A,185.9441130996001
MAT2B,370.0427165345775
MATK,1.2011154043087247
MBOAT1,1.876843246467247
MBOAT2,3.5276905208476963
MCAT,20.543431513049413
MCCC1,18.00396515045658
MCCC2,44.12928066371256
MCEE,7.2125231887929
MDH1,5337.857217333292
MDH1B,0.16135065956259162
MDH2,8691.2380182416
MDM2,0.031157988136246415
MDP1,52.17650057518207
ME1,351.63588508696193
ME2,21.460540096054583
ME3,5.807519419124187
MECR,7.18749862135333
MED1,0.5388197112305924
MELK,0.0823929766303169
MERTK,6.729832846667018
MET,28.22057744286006
METTL1,28.356385942055994
METTL3,8.082487315230857
MGAM,3.9018438323981175
MGAT1,139.68843639232242
MGAT2,5.245875488164467
MGAT3,4.223811495985411
MGAT4A,24.946087656085517
MGAT4B,67.46823735292051
MGAT4C,0.3354345050980549
MGAT4D,0.02696149145334556
MGAT5,15.284882824718856
MGAT5B,0.0039277081787354945
MGLL,267.4636752766143
MGMT,21.991129418001496
MGRN1,26.414631929705763
MGST1,1605.0860686525484
MGST2,90.45694066211364
MGST3,183.73618165490615
MIA3,11.06316092679261
MIB1,9.381740771139578
MIB2,7.1635141655014065
MID1,2.9530739399928723
MIF,140.49615036235662
MINK1,0.1908329596133749
MINPP1,15.988552108920626
MIOX,119.88100256086248
MIP,0.4037412759029347
MKNK1,10.927045035196
MKNK2,27.018740607664558
MKRN1,45.468353797276116
MKRN2,8.026201336389635
MKRN3,0.0003211783874209642
MLKL,13.179476658311396
MLYCD,23.2897406330656
MMAA,4.236337210292258
MOCS1,8.060577030671036
MOCS2,63.99566942471584
MOGAT1,0.0012177243619582404
MOGAT2,0.0013832511186547653
MOGAT3,0.1638345899701835
MOGS,95.58732032310458
MOK,2.1169089624215576
MOS,0.09191795284698573
MOXD1,5.092529947723757
MPC1,27.8052229308476
MPC2,12.311032245951754
MPI,182.5896219285804
MPO,0.008503247696758889
MPST,3244.3907319787495
MRPL58,13.330417578133794
MSMO1,33.91663207303287
MSRA,15.206176542606253
MST1R,0.02080696561318805
MT1A,0.160701194717113
MT2A,581.5416782512594
MT3,2.085350409719667
MT4,0.3354345050980549
MTAP,345.6401554049574
MTFMT,3.056294250384996
MTHFD1,237.95454295046196
MTHFD1L,11.200801611819637
MTHFD2,6.332046949423562
MTHFD2L,0.29479974233148004
MTHFD2P1,0.3354345050980549
MTHFR,10.689461245369243
MTHFS,2.8248252411428427
MTMR1,1.9482118694105266
MTMR14,16.94525579556968
MTMR2,2.2430257526560355
MTMR3,0.3616566953914385
MTMR6,8.607600894893254
MTMR7,0.03680716612284474
MTMR8,0.08911889132270451
MTPAP,2.774577985503239
MTR,0.8548608551458169
MTRR,29.334309870550648
MTTP,0.00017563657364142235
MUL1,38.038002753684424
MUSK,0.02328751946053523
MUT,0.3354345050980549
MVD,66.69383269445012
MVK,24.878403988447246
MYBBP1A,23.73575365329803
MYCBP2,0.11304635410556424
MYLIP,37.157872543067135
MYLK,3.5028173820536592
MYLK2,0.03497063282214604
MYLK3,0.0038625734034754204
MYLK4,0.4410072199369454
MYO3A,1.4532174905045976
MYO3B,0.021558027810310947
MYO5B,5.093270596349512
NAA10,33.437845980220345
NAAA,16.69945655642628
NADK,12.816430015433301
NADSYN1,49.245192874697764
NAGA,31.525283882100076
NAGK,48.87745960052247
NAGLU,43.69549239648517
NAGPA,6.324010576377773
NAGS,2.8292000598939615
NAMPT,428.0045524222198
NANP,1.978268351917756
NANS,611.370351293051
NAPRT,25.164291606310147
NAPSA,644.9099607232293
NARS,3032.6649839490046
NARS2,9.191196253084302
NAT1,7.154914291900523
NAT2,0.33793718573340875
NCOA1,12.015053976581315
NCOA2,0.5223941940105435
NCOA3,2.134617415264504
NCOA6,5.684833444312372
NCOR1,0.10863235442809602
NCOR2,1.2117080404493694
ND1,0.7496282848946749
ND2,6.647572110665278
ND3,3.518721426725826
ND4,15.91921099634504
ND4L,0.3354345050980549
ND5,3.9860139175064595
ND6,2.1511623729121254
NDST1,33.211012062621215
NDST2,5.863455246502644
NDST3,0.00028067139788580885
NDST4,0.024005586560330774
NDUFA1,520.347832611576
NDUFA10,57.1134199345959
NDUFA11,75.35337036732618
NDUFA12,22.504825071294437
NDUFA13,1937.534715394239
NDUFA2,21.60122684533818
NDUFA3,22.847481796657295
NDUFA4,7.911540872060577
NDUFA5,74.02224958536209
NDUFA6,46.71653342369914
NDUFA7,6.152285445142923
NDUFA8,95.99136668136656
NDUFA9,53.56797290298228
NDUFAB1,208.7926258132417
NDUFB1,46.982182373616986
NDUFB10,156.65464143813534
NDUFB2,467.68688034780104
NDUFB3,109.34190434793179
NDUFB4,82.87692299541828
NDUFB5,333.03659507020507
NDUFB6,22.87343682086947
NDUFB7,171.5146535795126
NDUFB8,104.85786590830588
NDUFB9,31.196193230323548
NDUFC1,105.81964179366756
NDUFC2,12.405105852108154
NDUFS1,94.4762976942154
NDUFS2,50.96689617417136
NDUFS3,368.10256823883213
NDUFS4,120.51048017340794
NDUFS5,316.36579073178086
NDUFS6,25.95831473230501
NDUFS7,35.61290893603786
NDUFS8,70.50750474249162
NDUFV1,74.8355579584836
NDUFV2,50.664515225726404
NDUFV3,17.869451061523456
NEDD4,4.835337876420179
NEDD4L,6.634596292206084
NEK1,2.9831668703072594
NEK11,4.668968149824046
NEK2,0.05936459504724992
NEK3,1.7482005346969298
NEK4,2.9001355448097303
NEK5,0.1496215855874769
NEK6,7.0668343631970005
NEK7,62.22683830503453
NEK8,1.2928758836611982
NEK9,1.8279812161068008
NEU1,8.789126860461657
NEU2,0.0011448153996762424
NEU3,2.777683410660759
NEU4,0.0015887100622276784
NEURL1,0.14715923590013888
NEURL1B,28.954255750922016
NGLY1,7.977211569657447
NHLRC1,1.220833030112607
NIT2,1213.2957780639108
NKTR,1.8235502940726773
NLK,7.55927432201097
NLN,85.5610830149488
NME1,2403.7215759400674
NME2,398.372952491471
NME3,48.16252688502828
NME4,96.73875323119117
NME6,0.4937154623406316
NME7,2.0434809451200153
NMNAT1,1.2247974052150177
NMNAT2,0.1533213870422078
NMNAT3,6.25938360145916
NMRK1,2.9351673795914386
NMT1,68.78340011991827
NMT2,5.244779853159058
NNMT,2873.987739235641
NNT,52.25568453100616
NOL9,1.420152192212372
NOS1,0.0029760732454488736
NOS2,0.1558040204642717
NOS2P1,0.3354345050980549
NOS2P2,0.3354345050980549
NOS3,2.9633519530958226
NOX1,0.050337083118671695
NOX3,0.09198887034239282
NOX4,18.54162197043694
NOX5,0.027906590771449212
NPAS2,4.59502885239348
NPC1,15.571458451470724
NPC1L1,0.0006484962395404539
NPR1,7.672975567910772
NPR2,1.666283503986145
NQO1,301.97000778023573
NQO2,369.94047966446203
NR1D1,34.41715834507503
NRF1,1.143470074523487
NSD1,6.337588429433188
NSD2,0.8117852405670956
NSD3,0.8238692165195934
NSDHL,826.4349232649677
NSF,67.71001749794264
NT5C,160.30060000997392
NT5C1A,0.058725969276404735
NT5C1B,0.004003576036598953
NT5C1B-RDH14,0.037698419756150243
NT5C2,70.61512596088205
NT5C3A,4.209671716104311
NT5DC3,8.256093776079483
NT5E,18.33273964882476
NT5M,0.3877631391482826
NTAN1,2.436143300399216
NTRK1,0.007530574501503526
NTRK2,0.9212470088714692
NTRK3,0.06041343658473027
NUAK2,5.677183784034651
NUDT10,0.005356649808977844
NUDT11,0.011388893895905305
NUDT12,14.112672506324643
NUDT2,13.621666031092593
NUDT3,2.7737245362263505
NUDT4,0.09498721849846314
NUDT5,230.04158961072062
NUDT9,9.816971326827591
OARD1,11.970020898409903
OAT,264.2490432972234
OBSL1,1.3059047355016054
OCRL,11.952941172093826
ODC1,11.032856828094484
OGA,13.207835039605774
OGDH,788.2682050953064
OGT,38.87688855317022
OLAH,0.007961068795760298
OPLAH,7.782643605455705
OTC,0.0006690555348726341
OTUD5,34.21171160045937
OXCT1,70.08565677627814
OXCT2,0.01006701260644317
OXSM,5.705650366577176
OXSR1,15.856850963564636
P4HA1,377.7199971597303
P4HA2,318.98024518119314
P4HA3,0.8368495235099306
P4HB,3421.0504086777255
PADI1,0.19291661696997922
PADI2,0.9503411955502901
PADI3,0.0027006974686508427
PADI4,0.06222144346531745
PADI6,0.3354345050980549
PAFAH1B2,926.569281335321
PAFAH1B3,154.80061837784743
PAFAH2,12.22756160914836
PAH,0.20540223638379435
PAICS,180.88788931733438
PAK1,37.19121610680962
PAK2,156.21365765088686
PAK3,0.2114642544493468
PAK4,0.6520576795080671
PAK5,0.1843105272396382
PAK6,0.01845646070229588
PAM,3.0212755362192105
PAN2,3.7503516329674738
PANK1,3.8807540484911898
PANK2,6.936342167769511
PANK3,8.8151705567909
PANK4,8.746470435041124
PAOX,4.9673566704036345
PAPOLA,4.782629615922857
PAPOLB,0.421599106616885
PAPOLG,1.4000739236556305
PAPSS1,78.50377387292762
PAPSS2,30.938815877105622
PARP1,43.37959827776948
PARP10,3.433052229295524
PARP11,1.911214441373517
PARP12,2.0073621606977587
PARP14,28.344173166584106
PARP15,0.045722576903105404
PARP16,6.243460760106763
PARP2,7.259162606847836
PARP3,15.592211021871577
PARP4,7.500540724873783
PARP6,9.67168649613151
PARP8,4.7975327947981565
PARP9,12.3228070788645
PARS2,3.4293287451225827
PASK,0.4157441099891242
PBK,0.6366822867834226
PC,72.9260209968332
PCBD1,159.74634636197706
PCBD2,11.175381759847497
PCCA,41.048908631813134
PCCB,7.921330252074174
PCK1,138.96152428977683
PCK2,32.752727666387706
PCMT1,611.2951152201382
PCYOX1,118.11900658397212
PCYT1A,22.38540338960749
PCYT1B,0.0072892196029609654
PCYT2,3.1336291746088416
PDE10A,0.3883497917160717
PDE11A,0.19501538672857516
PDE1A,2.671825600673967
PDE1B,2.5064190719865427
PDE1C,0.35295240246264964
PDE2A,3.683597762814737
PDE3A,4.937977437091376
PDE3B,0.3187104918715709
PDE4A,3.7258513261742667
PDE4B,2.8208422621387745
PDE4C,0.05411920608582363
PDE4D,2.3814700490726204
PDE5A,9.075840025180478
PDE6A,0.0005504792812503551
PDE6B,3.9187982717730163
PDE6C,0.003920577901690791
PDE6H,1.0083333333333333
PDE7A,2.982671082162262
PDE7B,1.7533073121309117
PDE8A,14.207784773290678
PDE8B,0.7742070955762284
PDE9A,7.9895777416947
PDF,2.38282477407048
PDGFRA,2.5813319525897755
PDGFRB,86.13259114540385
PDHA1,224.30928867049707
PDHA2,0.0008613474313222024
PDHB,50.53482661962073
PDHX,14.313236816270123
PDIA2,0.05921981636037119
PDIA3,2473.7207716726793
PDIA4,1443.6409836122996
PDIA5,218.27175429293422
PDIA6,1060.3416325919782
PDK1,4.358545717874666
PDK2,59.488417990018156
PDK3,13.256054892102416
PDK4,41.16654573408209
PDP1,6.572224259700965
PDP2,0.7671882453366529
PDPK1,1.7871108411626442
PDPR,11.595651723652736
PDXK,36.991288154528796
PDXP,54.28489726945191
PDZD4,0.09681187519104488
PEAK1,8.53414646655576
PECR,500.6382396582284
PEMT,15.390344777152073
PEPD,105.27261062666982
PEX11A,21.02566919285264
PFAS,91.63488270946299
PFKFB1,0.008652549022988263
PFKFB2,0.9228795197819748
PFKFB3,420.12490006495995
PFKFB4,17.736366968414977
PFKL,614.4668167720022
PFKM,27.10310361733969
PFKP,8243.275995594939
PGAM1,279.82511601520594
PGAM2,1.3710877961379087
PGAM5,24.20249088990295
PGAP1,1.1642006913834029
PGD,2406.721043751867
PGGHG,0.02991860446325157
PGK1,4668.187901326259
PGK2,8.084520681326541
PGLS,1183.492180764474
PGLYRP1,0.011501650515783994
PGLYRP2,0.01870164542003183
PGLYRP3,0.01572942767765221
PGLYRP4,0.0015840393692847046
PGM1,725.8042593467569
PGM2,211.67980488347354
PGM2L1,4.090253597756454
PGM3,72.0589372443444
PGP,16.534455747099607
PGS1,5.585308210354315
PHEX,0.06007494115002512
PHGDH,579.2844948512336
PHKA1,0.3460563493532958
PHKA2,37.62150880548989
PHKB,26.284521779962407
PHKG1,0.02081337983439016
PHKG2,1.7650745727516488
PHLPP1,1.689882731425222
PHLPP2,1.293557451917031
PHOSPHO1,0.17877958579029052
PHPT1,118.3460919912101
PHYH,68.46434249338823
PHYKPL,0.6462009571960334
PI4K2A,1.4830969475347855
PI4KA,1.6595521616373745
PI4KB,1.1822108169624057
PIGA,2.94623463998678
PIGB,9.322748084775197
PIGC,22.82195076918936
PIGF,4.768575375843956
PIGG,10.116114107405998
PIGH,14.996238534527448
PIGK,22.78410266296929
PIGL,1.135972051011351
PIGM,5.015189947569476
PIGN,6.136820711246736
PIGO,20.305238504512023
PIGP,10.54159551131867
PIGQ,15.275538318791515
PIGS,50.945279763433966
PIGT,14.962135426741618
PIGU,2.168022456804881
PIGV,11.066687176873568
PIGW,1.8771909297506335
PIGX,2.4917001221265602
PIGY,98.81159017729811
PIGZ,0.6368767113859182
PIK3C2A,2.2804790220422695
PIK3C2B,2.1731530606958938
PIK3C2G,0.000379490299032823
PIK3C3,0.3320513671431797
PIK3CA,11.841055763144713
PIK3CB,1.45398361128147
PIK3CD,6.962216814457631
PIK3CG,1.912561319546058
PIK3R1,2.013767361847173
PIK3R2,21.32881894976079
PIK3R3,17.76547957255948
PIK3R4,28.73054137594228
PIK3R5,4.288922727693311
PIKFYVE,3.176126604373198
PIM1,18.604271607137083
PIM2,4.149535128367084
PIM3,80.69991818819207
PIN1,780.2183069862332
PIN4,0.6978219648359847
PINK1,153.03631099309007
PIP4K2A,15.368470459028
PIP4K2B,11.551171232630532
PIP4K2C,19.87966280934334
PIP5K1A,0.40227541117362514
PIP5K1B,0.042822958878550275
PIP5K1C,12.3945229400676
PIP5KL1,0.01604522600708533
PIPOX,14.686011880961804
PISD,1.3371724363085122
PJA1,9.10973096610594
PJA2,149.32123948173165
PKLR,14.819606521205156
PKM,541.3891072832749
PKMYT1,0.22911515465108515
PKN1,133.03329376911162
PKN2,6.581356602409295
PKN3,1.9030332188990298
PLA2G10,0.003878249139565856
PLA2G12A,1.499036986243309
PLA2G12B,5.215714584385731
PLA2G15,43.27119816774795
PLA2G16,299.89602892882516
PLA2G1B,0.0686379700216014
PLA2G2A,0.0013303671445121486
PLA2G2C,0.004464319754335161
PLA2G2D,0.02359457087453923
PLA2G2E,0.10480083352838437
PLA2G2F,0.017105401618544066
PLA2G3,0.019881840717782588
PLA2G4A,10.588438133907466
PLA2G4B,0.0024369749545524915
PLA2G4C,4.59442474387944
PLA2G4D,0.00823693116692562
PLA2G4E,0.00013970003151597278
PLA2G4F,0.3354345050980549
PLA2G5,0.2754561627260833
PLA2G6,0.3420976492036657
PLA2G7,10.067479319769982
PLB1,0.7120358292848358
PLCB1,11.274425725096181
PLCB2,1.651457931087917
PLCB3,0.7393212036157547
PLCB4,0.6101048126232517
PLCD1,2.468532916204493
PLCD3,11.539892747986647
PLCD4,0.4078341939382569
PLCE1,1.2996754055826643
PLCG1,1.1792851247348126
PLCG2,5.715467771697762
PLCH1,1.755201053108924
PLCH2,1.429466244578976
PLCL1,1.9714902054922618
PLCL2,5.433339361492722
PLCXD2,0.015385745885285363
PLCZ1,0.07175189323406331
PLD1,8.071472572299454
PLD2,6.159923613216796
PLD3,32.07595175034086
PLD4,3.6570594192033328
PLD6,1.4171009917124886
PLG,0.05285457817886509
PLIN1,0.012250993649757737
PLIN2,7578.584406615356
PLIN3,67.57868364486602
PLIN4,0.00808297520182943
PLK1,0.47436550460099886
PLK2,74.57952598840392
PLK3,3.80173353740333
PLK4,0.3195319560879729
PLOD1,74.12048321306125
PLOD2,185.89024959940505
PLOD3,43.440353324926264
PLPBP,1.3790311261442316
PLPP1,5.389883230682263
PLPP2,2.123055391477898
PLPP3,4.2032094621878
PLPP4,0.019762828557283812
PLPP5,0.0656688155578048
PLPP6,0.050042688733332445
PLPP7,1.1305815492037874
PLPPR2,0.3307009692228308
PLPPR3,0.9307949846236876
PLPPR4,0.11900942508124815
PLPPR5,0.012456429933028047
PLTP,235.20351869738386
PLXNB3,0.014932846485249496
PMM1,24.228387802564363
PMM2,89.81678652545034
PMPCA,35.79919372827885
PMVK,372.96613278190637
PNCK,82.29666326058728
PNKP,19.164276155867917
PNLIP,0.01735944451270558
PNLIPRP1,0.00078295190306656
PNLIPRP2,0.0007821746844534743
PNLIPRP3,0.018139233522564087
PNMT,0.0011245048394147633
PNP,1844.5506797361536
PNPLA2,59.00731965289304
PNPLA3,0.003259929061018814
PNPLA4,7.778490495208129
PNPLA6,0.8874202464459616
PNPLA7,0.5667762678611649
PNPLA8,10.102656042827608
PNPO,29.713201869230208
PNPT1,2.0882155814929466
POLA1,3.7002007209708534
POLA2,2.34279172820783
POLB,12.292462900503109
POLD1,0.8855642014308699
POLD2,8.1295358836955
POLD3,0.5732660504203969
POLD4,148.11839412310826
POLE,0.0383767153536734
POLE2,0.293602009795859
POLE3,41.08736452877548
POLE4,13.120944030000276
POLG,13.123608271284562
POLG2,2.610065254526362
POLH,1.5219119712515927
POLI,6.267285390800635
POLK,9.420546977191133
POLL,19.79482453695457
POLM,4.202330848846414
POLN,0.02928671316492845
POLQ,0.02069149753693645
POLR1A,0.8911925905628733
POLR1B,0.9513853272031311
POLR1C,7.7591150349850535
POLR1D,63.02130189498591
POLR1E,19.125864213332502
POLR2A,2.917768446223566
POLR2B,14.09820804727732
POLR2C,155.53259445297948
POLR2D,18.307407660193544
POLR2E,82.27675586000817
POLR2F,11.37934720222167
POLR2G,26.837115891672997
POLR2H,333.79486515112677
POLR2I,20.93168665785686
POLR2J,10.346944353824371
POLR2K,74.84803964068698
POLR2L,174.60521453000123
POLR3A,0.24424500957300316
POLR3B,1.8076184776348119
POLR3C,1.387323934718034
POLR3D,4.716512089276708
POLR3E,6.776288965939898
POLR3F,5.127918829710448
POLR3G,0.23437250776140792
POLR3GL,41.52922366386589
POLR3K,10.282841961186833
POLRMT,3.7315435152860448
POMGNT1,47.89911206033656
POMT1,13.481558596742826
POMT2,4.295783130406174
PON3,0.015019344436048703
POR,249.0376984279921
PPA1,454.08527552372186
PPA2,300.389506128468
PPARA,5.228475468176507
PPAT,8.92177207140339
PPCDC,2.276974382465669
PPCS,150.854046273454
PPEF1,0.01100742680581869
PPEF2,0.0475767992202525
PPIA,175.02442980545794
PPIAL4A,0.3354345050980549
PPIAL4C,0.3354345050980549
PPIAL4E,0.00198915419173447
PPIAL4G,2.9225720629059104
PPIB,2566.7098547731266
PPIC,48.11552851085542
PPID,480.17832220455756
PPIE,12.500329701007308
PPIF,192.56126266279853
PPIG,10.420533383775096
PPIH,432.28532705467984
PPIL1,73.62472619851886
PPIL2,0.8666081897346298
PPIL3,91.50356238551392
PPIL4,3.5034714120395387
PPIL6,0.2774989703079635
PPIP5K1,0.8295239359946344
PPIP5K2,10.94962605365314
PPM1A,2.8726629826743455
PPM1B,7.281457567061616
PPM1D,4.826278268047721
PPM1E,0.003829061868677915
PPM1F,43.2399389050355
PPM1G,17.39814730059476
PPM1K,1.3456153251008
PPM1M,11.648258879298753
PPOX,7.493084153606295
PPP1CA,308.0246128638128
PPP1CB,428.43536679037186
PPP1CC,124.32963744771435
PPP1R1A,0.06876182259506271
PPP1R1B,0.0013408614529154756
PPP1R2,63.47930516495355
PPP1R3A,0.00016339375116133069
PPP1R3B,57.94613495985555
PPP1R3C,43.77910153474175
PPP2CA,203.46265999776026
PPP2CB,105.36087009374592
PPP2R1A,884.3058618707905
PPP2R1B,20.387907237727536
PPP2R2A,71.79175378265629
PPP2R2B,0.05487193783406216
PPP2R2C,0.0055516940570658115
PPP2R3A,19.289265522648915
PPP2R3B,0.13897464321366754
PPP3CA,394.3746061743869
PPP3CB,25.461135551591585
PPP3CC,6.148508123530758
PPP3R1,252.9520561803937
PPP3R2,2.4370537589271226
PPP4C,76.2231321323315
PPP5C,31.767719005095852
PPP6C,219.04569816918334
PPT1,22.834884580979935
PPT2,0.2848896176063388
PPWD1,13.376539592718508
PRAG1,0.3354345050980549
PRDX1,17430.54777569901
PRDX2,6385.447850594153
PRDX3,480.6210666277837
PRDX6,1446.1445409542891
PREP,71.51827561536592
PRKAA1,42.05184919935854
PRKAA2,29.574477587262855
PRKAB2,6.371773339255968
PRKACA,471.9350904854457
PRKACB,135.3979456507474
PRKACG,0.007504297017440822
PRKAG2,8.6861780737336
PRKAR1A,47.03660798881159
PRKAR1B,9.813997503825313
PRKAR2A,26.32402203815123
PRKAR2B,22.125765897412837
PRKCA,4.973449475597204
PRKCB,0.34759974300183566
PRKCD,1.9311687268869595
PRKCE,6.300793250081748
PRKCG,0.0002605261783707918
PRKCH,12.196036993865233
PRKCI,4.366626424353905
PRKCQ,1.4080765666072592
PRKCSH,578.4115336531368
PRKCZ,6.711197410273028
PRKD1,1.008805605372541
PRKD2,15.339264743352835
PRKD3,17.19067580124334
PRKDC,1.2265156446390175
PRKG1,2.2425474828996075
PRKG2,1.8760988681773405
PRKN,0.21524163632635238
PRKX,4.840922036085349
PRKY,0.2063109921919698
PRODH,14.050937865396364
PRODH2,7.158790801596047
PRPF19,298.3123974710874
PRPF4,203.34663038941557
PRPF4B,19.68358592875017
PRPS1,528.5573249949803
PRPS1L1,5.730481955156828
PRPS2,19.86492251494621
PRRT2,0.06709262846085219
PSAP,172.92489792757908
PSAT1,4.16051944800866
PSKH1,24.892941894901064
PSKH2,0.11813839957802594
PSPH,916.1095002264858
PSPHP1,0.3354345050980549
PTDSS1,82.7631863728552
PTDSS2,13.707649463726575
PTEN,12.039488324203102
PTGDS,2.7941870899367656
PTGES,10.410013740797176
PTGES2,46.48507362290533
PTGES3,4838.398054848163
PTGIS,103.01114646645223
PTGR1,705.4844603670442
PTGS1,14.658380427078956
PTGS2,3.03491299233255
PTK2,7.329101981630346
PTK2B,4.280638783443398
PTK6,0.013785460767234563
PTK7,0.7104007894395674
PTP4A2,2.2825647852791104
PTP4A3,42.473493812942046
PTPDC1,0.8789046970165668
PTPMT1,16.32865852191567
PTPN1,35.92280456410989
PTPN11,22.253508539396226
PTPN12,9.117299133277754
PTPN13,2.9161133308568066
PTPN14,9.128699118389134
PTPN18,55.169101374806225
PTPN2,5.805053032456936
PTPN21,3.779044368254142
PTPN22,0.6609031416589892
PTPN23,6.8436699609428935
PTPN3,7.280794626022567
PTPN4,2.3990553835390678
PTPN5,0.0027680982167911324
PTPN6,24.48983689309077
PTPN7,0.3479112354803879
PTPN9,0.7891885091818182
PTPRA,0.5546456333932062
PTPRB,20.521779520269067
PTPRC,18.891910783671136
PTPRD,6.295910167513096
PTPRE,9.351435281999112
PTPRF,99.4569947197111
PTPRG,17.084109846035933
PTPRH,0.0032587088278816637
PTPRJ,12.531249228265448
PTPRK,36.877860406515765
PTPRM,93.5368865267432
PTPRN,0.39176081956846054
PTPRN2,7.264318765419366
PTPRO,1.0766159468401229
PTPRQ,7.131201771282716e-05
PTPRR,0.010422116725905414
PTPRS,6.123042457325026
PTPRT,0.0005807508335884679
PTPRU,18.008540645399258
PTPRZ1,0.0016096547660914128
PTRH1,5.772245713313519
PTRH2,861.8240611382049
PTS,14.837730492381626
PUS1,3.7971107366628307
PXDN,2.614126748969663
PXDNL,0.07916529726462791
PXYLP1,0.3900283303635837
PYCR1,1.9078433988926835
PYCR2,361.46632872640856
PYCR3,18.52640291410028
PYGB,418.41830762318745
PYGL,92.65097786595621
PYGM,0.5544867133427092
PYURF,0.6402221518630032
QARS,376.03500586806473
QDPR,1464.3593516016451
QPCT,52.40241672438462
QPRT,99.1843718781521
QTRT1,22.240706653914092
QTRT2,3.0803803903498332
RAD1,1.075428073746678
RAD18,0.4730160977499124
RAD9A,1.518051481095917
RAF1,0.2850671200164348
RAG1,0.32990309744146123
RALBP1,34.93495733009527
RARS,325.5755949274353
RARS2,28.370978921541155
RBBP6,0.1435131635138757
RBKS,19.95519832341477
RBP1,211.80426444596887
RBP2,0.44262896504099397
RBP4,149.1847186652777
RCHY1,12.981849782735784
RCL1,7.753879977360626
RDH10,13.013405454048941
RDH11,591.640078731377
RDH12,0.30913220199840585
RDH13,12.52418422011414
RDH14,2.1632894544728565
RDH16,0.0066744020968476335
RDH5,4.524312001097595
RDH8,0.0006309560745843363
REG3A,15.598236131061894
RENBP,23.392615652910465
RET,0.04897654632167727
REV3L,1.6149382232851295
RFC5,24.29586698803592
RFK,37.05720469968
RFWD3,3.779693103030485
RGL1,47.31975477291219
RHAG,0.3012257575781964
RHBG,0.3354345050980549
RHCG,0.0014605786119446735
RING1,2.695293709382141
RIOK1,0.406261891289417
RIOK2,0.22501420002752642
RIOK3,64.7695893056149
RIPK1,11.122350123010138
RIPK2,2.6847029608219573
RIPK3,5.060421329274623
RIPK4,31.20378251135926
RIPOR1,1.8350848174091228
RNF103,10.485364601357553
RNF115,18.32620895960393
RNF123,5.0813348368821565
RNF125,0.626268372089157
RNF126,15.603801708430275
RNF128,46.900751135737146
RNF13,63.79251213962866
RNF130,188.45512395835627
RNF133,0.00225181999034105
RNF138,5.0112966215820105
RNF139,30.247419271639153
RNF14,22.50055579164963
RNF144A,1.8268032477885794
RNF144B,8.866194204802783
RNF146,15.832024907804893
RNF149,98.25913690714566
RNF152,7.426815900461951
RNF167,149.0434506295516
RNF180,11.583999984549093
RNF182,0.5268344839985013
RNF185,39.256517737254896
RNF187,120.25465904220778
RNF19A,27.707176143358335
RNF19B,27.139925849035052
RNF2,10.062051082202192
RNF20,3.9130465354270374
RNF216,9.653717167705736
RNF217,1.9500320728080376
RNF25,9.836268494825747
RNF31,11.231229947054706
RNF40,1.6646954958697353
RNF41,18.127084411144224
RNF5,0.09013082658543353
RNF8,2.518395949735638
RNGTT,5.581598457867874
RNMT,63.17280952888526
ROCK1,8.9875725101197
ROCK2,11.11125456237842
ROR1,0.7677694962439062
ROR2,0.02921080609788531
RORA,9.415675187717767
ROS1,0.16602267687961664
RPAP2,2.097960429030534
RPE,76.18283794150373
RPE65,0.0009431551000236311
RPIA,19.833691257058415
RPL14,668.2946971261597
RPN1,1581.9993449450487
RPN2,724.8616364702367
RPP14,37.55124205014506
RPS6KA1,36.90948687982615
RPS6KA2,19.500330295262078
RPS6KA3,3.236398214568266
RPS6KA4,0.9091088145770039
RPS6KA5,1.2436755065174694
RPS6KA6,0.3724698507516163
RPS6KB1,1.8578595353231153
RPS6KB2,20.979310182695396
RPS6KC1,0.4190749848782763
RPUSD4,1.3425950885779434
RRM1,32.49663717458807
RRM2,3.340362322089767
RRM2B,36.06545617426107
RTCA,1.6973780629584712
RWDD2A,6.815945156038974
RXRA,33.3236559132559
RYK,16.3413875184379
SACM1L,14.451745530090117
SAE1,182.0482181062179
SAP130,0.7072533344356722
SARDH,1.7661093797862302
SARS,162.9939895052391
SARS2,6.7454565836257645
SAT1,567.2910397832076
SAT2,133.83511244120962
SBK1,0.16058760505536845
SC5D,1.7142905425756392
SCARB1,271.6555731335141
SCARF2,2.088659326319946
SCD,166.08068714206098
SCD5,41.555168704255465
SCLY,0.08385306029287676
SCP2,444.7868706098477
SDC1,14.828773806674613
SDHA,319.75822872964795
SDHB,436.75488847234175
SDHC,18.03467202013948
SDHD,4.967942863328774
SDR16C5,0.0002720850142822343
SDR42E1,2.771511330759059
SDR42E2,0.3354345050980549
SDR9C7,0.6181733836443202
SDS,24.509881182782166
SDSL,12.324436378388045
SEC11A,432.4050387151803
SEC11C,11.753335162754157
SELENOI,0.1784505883933933
SEPHS1,641.0836888535151
SEPHS2,234.52966518160372
SERPINA1,5164.620953341901
SERPINA3,1.1710969849323651
SETD1A,0.20807453677227544
SETD1B,3.135865396728779
SETD2,0.019669666290268763
SETD5,5.0082748022831955
SETD7,16.19736079683546
SETDB1,0.34132724728446734
SETDB2,1.798792945601125
SETMAR,1.5118969887149651
SFXN3,2560.102799568247
SGK1,178.31912792967506
SGK2,2.5076283195058484
SGK3,0.014816101742842262
SGMS1,20.970114103540308
SGMS2,17.13090497960185
SGPL1,75.27363952379082
SGPP1,34.92768942050531
SGPP2,28.975151533277923
SGSH,19.245818314363017
SH3RF1,9.934340935817612
SH3RF2,0.06843492375739188
SH3RF3,1.0179796059948096
SHMT1,989.4661434581159
SHMT2,2336.284905401857
SHPK,7.343338509283711
SHPRH,1.0822502538095617
SI,0.18373547314711697
SIAE,90.73731502330537
SIAH1,4.782234745868573
SIAH2,14.125840638068526
SIK2,12.579672807947258
SIK3,2.8553601859529723
SIN3A,5.292092170865472
SIN3B,0.08371974370298552
SIRT1,10.551093457822764
SIRT2,43.26622169280069
SIRT3,12.360857040881077
SIRT5,2.9518004174271533
SIRT6,7.288084874111314
SIRT7,5.116649191746803
SLC10A1,0.0006787284968902857
SLC10A2,1.0318296968367242
SLC10A6,0.03328451306822627
SLC11A1,3.012624840336312
SLC11A2,6.590075767506254
SLC12A1,0.012187314503015863
SLC12A2,1.3787906943278359
SLC12A3,0.0028238418026098064
SLC12A4,0.6505466437160674
SLC12A5,0.011964136113191096
SLC12A6,0.23230034562856589
SLC12A7,12.553402211513951
SLC13A1,8.10822422009344
SLC13A2,0.009847924930495584
SLC13A3,0.36835262896276255
SLC13A4,0.047715476112277104
SLC13A5,0.11163659041069766
SLC14A1,13.973458674705787
SLC14A2,0.0016511450972569346
SLC15A1,2.2134921717713616
SLC15A2,0.6009017924672126
SLC15A3,45.11210680109892
SLC15A4,57.8915851539098
SLC16A1,48.692677270256624
SLC16A10,2.2170261759357595
SLC16A2,12.200631637195263
SLC16A3,671.3871445059813
SLC16A7,0.5998186520218245
SLC16A8,0.00758124326365578
SLC17A1,17.67573649553974
SLC17A2,1.2879795557145095
SLC17A3,656.4576548462638
SLC17A4,44.21608148035535
SLC17A5,31.694443105255147
SLC17A6,0.03561924497624714
SLC17A7,0.016526689949622683
SLC17A8,0.0014021863613856108
SLC18A1,0.0021727698237873224
SLC18A2,4.038473403792765
SLC18A3,0.0003799515442268185
SLC19A1,1.2686547835603563
SLC19A2,1.976529452082781
SLC19A3,1.2219777711758741
SLC1A1,74.24021789052038
SLC1A2,0.0038899468725387826
SLC1A3,4.998876680877546
SLC1A4,2.9330955148271047
SLC1A5,54.13265826099953
SLC1A6,0.07694788869193199
SLC1A7,0.08833679190106564
SLC20A1,8.933622510419264
SLC20A2,11.098441337241912
SLC22A1,0.023449097983708932
SLC22A10,0.004836337713336176
SLC22A11,108.40262802318398
SLC22A12,138.3869571179008
SLC22A13,0.36054671279271056
SLC22A16,0.04161808324830238
SLC22A18,43.59544640060591
SLC22A2,1018.4956474765658
SLC22A3,2.821468845350618
SLC22A4,4.003589307402019
SLC22A5,33.35120835917264
SLC22A6,15.485993455942605
SLC22A7,0.23632111725882016
SLC22A8,0.7204407950450141
SLC22A9,0.1282727566349589
SLC23A1,8.697102877339137
SLC23A2,13.019936511009448
SLC24A1,1.5949218248528116
SLC24A2,0.00032170131730896976
SLC24A3,0.7539542595896546
SLC24A4,0.026937444253562263
SLC25A1,955.1447926452901
SLC25A10,29.738011250601676
SLC25A11,1448.4524763218908
SLC25A12,197.19736541703057
SLC25A13,267.9362822973332
SLC25A14,1.7458342678796095
SLC25A15,0.9214111156356072
SLC25A16,6.468104231432148
SLC25A17,9.870536299367128
SLC25A18,0.056862320988710795
SLC25A19,2.780462725766874
SLC25A2,0.7617097541989009
SLC25A20,7.4304025584693605
SLC25A21,0.22155680631120928
SLC25A22,1.9899997372174059
SLC25A26,4.019748858889277
SLC25A27,0.40758644223257146
SLC25A28,25.684387019111906
SLC25A29,2.0312385465259544
SLC25A3,2648.1504011744446
SLC25A37,6.1394116775241105
SLC25A4,366.30447864869836
SLC25A5,3304.0523486076922
SLC25A6,177.98796902656596
SLC26A1,2.2520224132381292
SLC26A11,3.4291543501430843
SLC26A2,3.2469754914715723
SLC26A3,0.0002920813140296735
SLC26A4,0.031405806662420654
SLC26A6,0.4590029730415816
SLC26A7,0.006252453302768135
SLC26A8,0.0010622855624940967
SLC26A9,0.0732372499701154
SLC27A1,5.14488397737135
SLC27A2,44.658215969030984
SLC27A3,8.203668079867509
SLC27A4,2.019360033955205
SLC27A5,0.3945023479827952
SLC27A6,0.06403625466536879
SLC28A1,158.59416485666014
SLC28A2,0.003946741884629156
SLC28A3,0.0024170855166271675
SLC29A1,35.55905940085524
SLC29A2,1.0797574528759868
SLC29A3,3.852314178514791
SLC29A4,41.77309583756007
SLC2A1,189.02836945680295
SLC2A10,3.4865655718672834
SLC2A11,7.544538515117406
SLC2A12,0.080023607933994
SLC2A13,11.958285097416478
SLC2A14,0.36037420930187286
SLC2A2,20.465121658140337
SLC2A3,97.4953118215221
SLC2A4,0.7660134845256122
SLC2A5,130.22159217982255
SLC2A6,1.0604816054248962
SLC2A7,0.01292394277607632
SLC2A8,14.092469256921946
SLC2A9,50.6300770392093
SLC30A1,36.72714445199492
SLC30A6,12.46837987333964
SLC30A7,32.24562180630105
SLC31A1,22.791009250617915
SLC32A1,0.013401324300641844
SLC33A1,2195.4367428605983
SLC34A1,6.728323296675832
SLC34A2,7.420745092522605
SLC34A3,0.5604082685747656
SLC35A1,24.561349579028178
SLC35A2,12.341669277622573
SLC35A3,21.1047157101366
SLC35B2,1.4891214089622378
SLC35B4,7.3551563716602315
SLC35C1,6.121385750444206
SLC35D1,11.484317154844415
SLC35D2,47.053826160892584
SLC36A1,4.383641064558691
SLC36A2,0.04618909050824078
SLC36A4,6.477333105433386
SLC37A1,4.85164420409449
SLC37A4,201.64345899670872
SLC38A1,110.79871216658177
SLC38A2,112.2230918401907
SLC38A3,0.00037245955477406046
SLC38A4,2.075405071529764
SLC38A5,3.149643301875758
SLC39A7,4.7486582366314
SLC3A1,2002.7153266478308
SLC3A2,76.91972280278655
SLC40A1,725.3988620473842
SLC41A1,17.552680662583242
SLC41A2,13.33862436593396
SLC43A1,0.936643087442623
SLC43A2,46.3959678925828
SLC46A1,2.4844208657858218
SLC47A1,513.8363737397863
SLC47A2,2.393927522986436
SLC4A1,0.010060609164787349
SLC4A10,0.006771395443729528
SLC4A2,35.20047441606039
SLC4A3,0.062274630056945245
SLC4A4,82.89531255362105
SLC4A5,0.055106369155980627
SLC4A7,0.42752779193571394
SLC4A8,0.02722937186379395
SLC4A9,0.0018731291940781351
SLC51A,0.15730939956507933
SLC51B,0.1317954273752661
SLC52A1,0.11277172956640528
SLC52A2,0.09357936368667576
SLC52A3,0.28454763876001143
SLC5A1,27.856325491121797
SLC5A10,289.7933960134188
SLC5A11,0.006935768508735576
SLC5A12,23.483351766711667
SLC5A2,1.1588253852114347
SLC5A3,4.258119719298426
SLC5A5,0.0002139816584092481
SLC5A6,4.25611066225292
SLC5A7,0.07302190367296232
SLC5A8,21.525799190971128
SLC5A9,3.7320030994830997
SLC6A1,0.516315045665051
SLC6A10P,2.5304686954125706
SLC6A11,0.16250422749413002
SLC6A12,18.326304986005525
SLC6A13,207.19983155651238
SLC6A14,0.0015934894987105744
SLC6A18,54.93676877260208
SLC6A19,13.00471482580479
SLC6A2,0.0003292659757269804
SLC6A20,0.25945555107858903
SLC6A3,75.58961699192037
SLC6A4,0.0038198933280104686
SLC6A5,0.10319845039380167
SLC6A6,2.5118476999719292
SLC6A7,0.0027931716154947677
SLC6A8,410.84995710050634
SLC6A9,0.8243192892280153
SLC7A1,10.086710335099466
SLC7A10,0.01324466606281283
SLC7A11,0.530660411419711
SLC7A2,4.5881988510223035
SLC7A3,0.04448941571177317
SLC7A5,8.998462872162696
SLC7A6,2.0674565230964825
SLC7A7,150.83443195277349
SLC7A8,11.204175646281588
SLC7A9,7.116461721548002
SLC8A1,10.726056725831485
SLC8A2,0.00012656305712390305
SLC8A3,0.023169628934698386
SLC8B1,0.13932836983899105
SLC9A1,5.600650140820454
SLC9A2,0.00011540774601684941
SLC9A3,15.178699340432264
SLC9A4,0.314551529377227
SLC9A5,0.040594053108756856
SLC9A7,1.4072135430169916
SLC9A8,4.815322845452715
SLCO1A2,0.1835430545458555
SLCO1B1,0.5745214485775751
SLCO1B3,0.04767210311424515
SLCO1C1,0.15977747795016103
SLCO2A1,50.768280059342906
SLCO2B1,161.61861419524752
SLCO3A1,9.64175394411704
SLCO4A1,2.9563673337901015
SLK,31.352535192327917
SMARCD3,2.7926309630375856
SMG1,0.44932027433744104
SMPD1,41.8485360358841
SMPD2,4.043659212492665
SMPD3,0.04036982805098051
SMPD4,4.695508967171115
SMS,105.11199531672418
SMURF1,6.814514396402865
SMURF2,9.198865521035515
SMYD3,13.17863137922716
SNRK,37.80183572380678
SOAT1,10.052386138245012
SOAT2,0.025578391228959597
SOD1,2793.0465041320417
SOD2,2362.6569692228622
SOD3,62.635035769166365
SORD,23.74092269510175
SPCS1,101.88493956133352
SPCS2,149.020049751961
SPCS3,565.1147758456397
SPEG,0.013303260684343026
SPHK1,1.1876702352152857
SPHK2,0.829529015223688
SPR,470.6340734162395
SPRYD3,55.22872017520035
SPTLC1,54.556514061825105
SPTLC2,6.093919191916402
SPTLC3,19.55436670158958
SQLE,0.23904530821597866
SRC,6.9068760969953304
SRD5A1,4.412384602182745
SRD5A2,0.00037425286854937895
SRD5A3,8.749316472496009
SREBF1,16.07568775892747
SRM,298.23730227073935
SRMS,0.022324235828108267
SRPK1,5.409069094342704
SRPK2,9.53071656869487
SRPK3,0.002525633409913498
SSH1,7.313148810194672
SSH2,3.6697864807103597
SSH3,10.735628646782914
SSR4,767.9624031857834
SSU72,83.18789292885091
ST3GAL1,10.62018332992619
ST3GAL2,9.043681746106522
ST3GAL3,4.1970724227891525
ST3GAL4,6.818409832185554
ST3GAL5,1.9198633364346234
ST3GAL6,4.02912785320313
ST6GAL1,172.29867581527992
ST6GALNAC1,0.006172211652220517
ST6GALNAC2,0.7242825308457036
ST6GALNAC3,1.18091256893184
ST6GALNAC4,8.606002525745986
ST6GALNAC5,0.15926131969418306
ST6GALNAC6,59.877945067640745
ST8SIA1,0.008792173664076107
ST8SIA4,18.056899681004047
ST8SIA5,0.042948776021125686
STAMBP,15.844002765982072
STAMBPL1,8.296061066923265
STARD3,21.99897895360677
STK10,0.6125618762368285
STK11,18.597589840273134
STK16,1.9265659458006847
STK17A,8.038023392661353
STK17B,8.283120426891577
STK19,0.9193029647005367
STK24,45.35073174321672
STK25,6.139686201800278
STK26,0.629690691282171
STK3,14.358925978292739
STK31,0.0005800116513050336
STK32A,0.054045839700157555
STK32B,42.427052730166
STK32C,1.3715277166903646
STK33,1.0879607317915343
STK35,6.697451997662508
STK36,3.219463913811166
STK38,12.326375043355906
STK38L,14.530075732111152
STK39,47.49171863000004
STK4,2.0915633735019608
STRA6,0.0005968583121868878
STS,12.176350524837243
STT3A,25.45221723486785
STT3B,56.85717407182321
STUB1,42.12961611373426
STYK1,0.0029604318185334397
STYXL1,12.665477657159242
SUCLA2,176.60852131152959
SUCLG1,560.0041114486916
SUCLG2,648.4575126928721
SULT1A1,14.18858837838325
SULT1A2,0.17907287265596314
SULT1A3,3.7503041530200782
SULT1B1,0.07118755354751959
SULT1C2,11.119256342498222
SULT1C4,46.374988525025536
SULT1E1,0.004582826773362504
SULT2A1,3.553854432798619
SULT2B1,0.032640760883617274
SULT4A1,0.0010246933358557023
SUOX,19.654857767351135
SUV39H1,1.6580197911654158
SUV39H2,1.0843809165729705
SYK,10.337691069869788
SYNJ1,0.0856023401514992
SYNJ2,0.03571063596384526
SYVN1,0.7545959141592886
TAF1,1.6789198148075941
TALDO1,307.7939445071635
TAOK1,3.412149010230828
TAOK2,10.647628295419954
TAOK3,16.676925025592926
TARS,285.18062485839795
TARS2,1.4136691984428706
TARSL2,6.521130925002622
TAT,0.005483973388337385
TBCB,105.47407363098326
TBK1,0.7948751987645919
TBL1X,44.498119799129626
TBL1XR1,20.50920959779111
TBXAS1,16.286838892615513
TCIRG1,18.962238036860946
TDO2,1.1296826138373082
TECR,78.10263726588266
TECRL,0.11400593534832566
TENT2,0.15316461371698084
TENT4A,0.45357387630786017
TESK1,14.424820872984078
TESK2,1.276723677398383
TFRC,30.494516741954325
TGDS,7.72702971132737
TGFBR1,54.673360636997494
TGFBR2,325.44406962918976
TGM1,0.02000300275545951
TGM2,416.38590600921736
TGM3,0.0025150050097310223
TGM4,0.0002771693399038307
TGM5,0.00031200440047861317
TGM6,0.018105422639918517
TGM7,0.01438308791538765
TGS1,4.093497731517472
TH,0.0027065209464807783
THNSL1,4.990624911528611
THTPA,9.176160289576591
TIAM2,0.01190682965134333
TICRR,0.05167590734814967
TIPARP,10.952615638835592
TK1,12.520823840632609
TK2,13.758124091424229
TKFC,17.655218887752373
TKT,102.9929590292511
TKTL1,0.004060562776239119
TKTL2,0.00030645157076784316
TLK1,5.578532863832315
TLK2,0.11781303792030993
TM7SF2,16.694492738716285
TMEM91,76.26983261320692
TMLHE,3.260263611988909
TMX3,15.004831115266398
TNFRSF21,24.528787899001816
TNIK,3.043997853683994
TNK1,4.919273072779333
TNK2,4.3164430184381635
TNKS,4.405428610224779
TNKS2,20.30385387426504
TNNI3K,0.3354345050980549
TNS2,1.434061794943761
TOPORS,7.359948844536819
TP53RK,5.257017799151129
TPH1,0.014673850848383579
TPH2,0.08567194949607831
TPI1,32759.668622789086
TPI1P2,93.08925039313364
TPK1,6.857724367998631
TPMT,22.464659466194217
TPO,0.0002583373490381406
TPP1,661.1530129110616
TPSAB1,15.49134693407983
TPSB2,11.65742665104902
TPSD1,0.5852132176501154
TPST1,14.081104763745689
TPST2,11.775430885407834
TPTE,0.0004412332542664371
TPTE2,0.0004505976116183375
TRAF7,16.111684724386755
TRDMT1,0.7655921266831858
TREH,7.835964267484661
TREX1,2.52358413363638
TREX2,4.9929105085566245
TRHDE,6.603957621814869
TRIB3,53.414915717202675
TRIM11,4.844301448487537
TRIM32,2.1683154765018893
TRIM33,4.262817118313845
TRIM63,0.01057450022300479
TRIO,0.9692006053398924
TRIP12,21.685849119132843
TRIT1,8.537065219172229
TRMT1,3.4231039155475163
TRMT11,2.5167446062810854
TRMT1L,12.98999224690723
TRMU,5.190074339255763
TRPM6,0.008701231064458399
TRPM7,5.6040669019477525
TSSK1B,0.005114329194828582
TSSK2,0.0231714118888251
TSSK3,0.4024679950842867
TSSK4,0.38947047591942846
TSSK6,0.027643770447713035
TST,81.04357890392026
TSTA3,136.4302812056237
TTC3,16.29860278658989
TTK,0.03221289185228038
TTL,0.8762913028899538
TTLL10,0.0045527084741600575
TTN,0.014201322225013356
TUSC3,0.6871547811267208
TUT1,0.2785505688712837
TUT4,0.6950417161591614
TUT7,0.1907089895411479
TXN,1503.256173421058
TXN2,59.89003211014093
TXNRD1,239.09940552847843
TXNRD2,11.3822697708818
TXNRD3,1.1331409032291884
TYMP,95.28084513390456
TYMS,86.71263965979463
TYR,0.00047976780129816826
TYRO3,0.4500211480349654
TYRP1,0.0008168063451231505
UAP1,26.965223276470518
UAP1L1,5.942390390959762
UBA1,541.5890173002556
UBA2,121.59089644106693
UBA3,41.80616690815318
UBA6,88.86478358946417
UBA7,9.364257854200277
UBE2A,46.05008467734483
UBE2B,44.30694103642402
UBE2C,1.451865347093573
UBE2D1,8.158362122455754
UBE2D2,37.508243345862184
UBE2D3,1620.351014122038
UBE2D4,5.886354886511792
UBE2E1,42.92433695254489
UBE2E2,4.422164745929973
UBE2E3,12.339266145901371
UBE2F,0.9075073440325425
UBE2G1,13.35944403684088
UBE2G2,7.31095602312979
UBE2H,239.35192312647982
UBE2I,911.3193398176785
UBE2J1,24.16133549897303
UBE2J2,22.68371176152994
UBE2K,579.5542757735966
UBE2L3,831.59813756411
UBE2L6,63.39505848084363
UBE2M,89.73329093495688
UBE2N,53.2506528514742
UBE2NL,13.723321965311515
UBE2O,2.6299585198026825
UBE2Q1,7.200063116182739
UBE2Q2,3.4198833009466125
UBE2QL1,0.0016941029092285946
UBE2R2,17.147758216631697
UBE2S,1.1400287261055575
UBE2T,0.9837723867593969
UBE2U,0.023784263818109993
UBE2W,17.044049795057433
UBE2Z,108.3428159210184
UBE3A,29.9587606036705
UBE3B,15.032126971927065
UBE3C,5.945354502057929
UBE4A,1.3897462559110003
UBE4B,4.395753759035707
UBLCP1,54.19744434100345
UBR1,0.8359631228592406
UBR2,3.979957903914478
UBR3,0.04677530923551237
UBR4,5.888723362824368
UBR5,0.4756118950690729
UBR7,46.18112621181365
UCK1,19.697458847532072
UCK2,2.969891267030221
UCKL1,7.561996300620644
UCP1,0.058364989262093596
UCP2,213.41558720495783
UCP3,0.01686949056217853
UEVLD,9.422822050116359
UGCG,77.1301873116407
UGDH,118.82557883204996
UGGT2,4.509391275430761
UGP2,2802.263681849398
UGT1A1,0.019134907019780784
UGT1A10,0.0003881783748975592
UGT1A3,0.0030555846956461905
UGT1A4,0.0951329295757727
UGT1A5,0.00039795331885288343
UGT1A6,33.57876881623783
UGT1A7,0.003078722256580438
UGT1A8,0.001068375612031722
UGT1A9,34.939409836610345
UGT2A1,0.0002287812600012378
UGT2A3,114.42953673060447
UGT2B10,0.05712353440729638
UGT2B11,0.024535930595754415
UGT2B15,0.005155994915414584
UGT2B17,0.016199663550062048
UGT2B28,0.6936387983112186
UGT2B4,0.03545288556724399
UGT2B7,697.4081051499127
UGT3A1,14.362033309708679
UGT3A2,0.004137985063124032
UGT8,8.954252993001514
UHMK1,44.10833624851068
UHRF1,0.14346465010828918
UHRF2,5.833491605560784
ULK1,5.663917425363215
ULK3,12.094904049627306
ULK4,0.3097665283609772
UMPS,135.78413927547672
UPB1,22.765490500480055
UPP1,4.0928748529955294
UPP2,0.02039938045519052
UPRT,4.875180872969721
UQCR10,40.072092208747485
UQCR11,128.02541014850402
UQCRB,65.64916790914428
UQCRC1,1283.576222954144
UQCRC2,4350.8610217980395
UQCRFS1,272.0951380029594
UQCRH,31.39474895413092
UQCRQ,62.81512830118504
UROC1,0.0011370058979901186
UROD,111.52416035409838
UROS,37.404764975557356
USP1,12.527033891020897
USP10,6.720618839157099
USP11,45.3374033939522
USP12,16.910223632224465
USP13,0.9776822448239593
USP14,94.05517670760376
USP15,3.2083650534011188
USP16,16.230696674454823
USP17L2,0.000702668031532978
USP17L22,0.04998256910149056
USP17L30,0.050968258904732194
USP17L5,0.050968258904732194
USP17L9P,0.3354345050980549
USP18,2.0259990292102215
USP19,0.7720052666591642
USP2,1.503967931793026
USP20,3.8254028830630005
USP21,6.472514300308543
USP22,119.78526830951179
USP24,1.9348175752970007
USP25,0.15179840964831667
USP26,0.08118014005684498
USP28,4.742716539845918
USP29,0.08228852752006045
USP3,0.8460863798893185
USP30,0.2990653769069191
USP31,0.9153659708875699
USP32,0.6964657812366679
USP33,28.053086859217842
USP34,13.445228003316094
USP35,0.27531864958004404
USP36,5.723151344401648
USP37,4.22558465208479
USP38,11.914339954219615
USP4,2.3037392828999192
USP40,0.8924882543180844
USP41,0.01834435481333142
USP42,1.7818348766593375
USP43,0.37259971922834084
USP44,0.0030258139848178592
USP45,1.1585755516389964
USP46,2.04317923399479
USP47,3.925296801549492
USP48,0.3873929118192595
USP49,0.02725037842117159
USP51,1.7726014034582918
USP6,0.029805632337769564
USP7,21.55635518058567
USP8,0.9050531788835584
USP9X,8.539995274808863
USP9Y,4.042535865125409
UST,4.71016983832966
UXS1,47.52583844859479
VARS,20.333984426209213
VARS2,13.734511967835882
VKORC1,627.2163947754992
VNN1,0.40823439379057325
VNN2,2.7552438348731174
VNN3,0.0030447599752965217
VRK1,25.261314482750947
VRK2,4.943462521852493
VRK3,32.20535011222103
WARS,799.5385056591588
WARS2,25.279377946984102
WDYHV1,5.133025050803973
WEE1,5.317548598741804
WEE2,0.0020650959677497847
WNK1,2.6340230885636906
WNK2,0.005787990773305796
WNK3,0.012341621758264327
WNK4,0.2749027824429117
WWOX,4.780536243496871
WWP1,37.0507326021272
WWP2,0.23033780427107184
XDH,0.22757808448093378
XPO6,0.36129876910010583
XPO7,18.611657630881886
XYLB,2.1167651090578907
XYLT1,0.5779481356662052
XYLT2,22.827636571360305
YARS,1330.4593907144647
YARS2,16.431799441415976
YES1,25.8169044601141
ZADH2,7.994285866934658
ZAP70,0.37369637961400154
ZC3HAV1,3.7911319830984587
ZNRD1,0.9682865841794911
ZNRF1,1.134510579828527
ZNRF2,8.245967035799124
ZSWIM2,0.015679988656711358
